0
0
0
0
0
0
0
0
0
-1
0
0
0
0
1
0
0
0
0
0
0
0
0
0
0
-1
1
-1
0
0
0
0
0
0
0
0
1
0
1
0
0
0
1
-1
0
0
0
0
0
0
0
0
0
0
-1
0
0
0
0
1
1
0
1
0
0
0
0
0
0
0
0
0
0
-1
-1
-1
-1
0
0
0
0
0
-1
0
0
0
0
0
-1
0
-1
0
1
0
0
1
0
0
-1
0
-1
0
0
0
-1
0
1
-1
0
0
0
0
-1
0
1
0
-1
1
1
0
1
-1
0
0
1
0
0
-1
1
0
0
1
0
0
0
0
1
0
0
0
0
1
0
-1
0
-1
0
1
0
1
-1
0
1
0
0
0
0
0
-1
0
0
0
0
0
0
0
0
0
0
-1
0
1
0
1
0
-1
0
0
1
0
0
0
0
0
0
-1
0
-1
0
0
0
0
0
0
0
1
0
1
0
0
0
0
0
-1
0
0
0
0
0
-1
0
0
0
0
0
0
1
0
0
0
0
1
0
0
0
0
0
0
0
0
0
-1
0
1
0
0
0
0
0
0
0
0
0
0
0
0
0
0
0
-1
1
0
0
0
-1
0
0
0
1
0
0
0
-1
0
0
0
0
1
1
0
1
0
0
-1
0
-1
0
0
0
0
0
0
0
0
0
0
0
0
0
1
0
0
0
0
0
0
0
0
0
0
0
0
0
0
0
0
0
0
1
0
0
0
1
0
0
0
0
0
0
0
0
1
1
0
0
1
0
0
0
0
0
1
0
0
-1
1
0
-1
-1
0
0
0
0
0
1
0
1
0
0
0
1
0
-1
0
-1
0
0
-1
0
0
0
-1
0
0
0
0
0
0
0
0
1
-1
0
0
0
0
-1
0
0
0
0
0
1
0
0
0
0
0
0
0
0
1
1
0
0
0
0
0
0
0
0
0
1
0
-1
0
0
0
0
0
0
0
0
0
0
1
0
1
1
1
0
0
0
0
0
0
0
0
0
0
0
0
-1
0
0
0
-1
0
-1
0
0
0
0
0
0
0
-1
1
0
1
0
0
0
0
1
1
0
-1
0
1
-1
0
0
0
0
0
0
0
0
0
0
0
0
0
1
-1
0
0
0
0
0
0
0
-1
0
-1
0
0
0
0
0
-1
0
1
0
0
0
1
0
0
0
0
0
0
0
0
0
0
0
0
0
0
1
0
1
0
-1
-1
-1
0
0
0
0
0
0
0
-1
0
0
1
-1
0
1
0
0
0
0
0
0
0
-1
0
0
0
0
0
0
0
0
0
0
0
0
0
0
0
0
0
0
0
0
0
0
1
0
1
0
0
0
1
0
0
-1
1
0
-1
0
0
-1
0
0
0
0
-1
0
0
0
0
1
0
0
0
1
0
0
1
-1
0
0
0
0
0
0
-1
0
1
0
0
0
1
-1
0
0
0
-1
0
0
0
-1
0
1
0
-1
0
0
-1
-1
0
0
0
0
-1
-1
-1
0
0
0
0
0
0
0
0
0
1
0
-1
0
1
0
1
0
0
0
-1
0
0
0
0
0
0
-1
1
0
0
0
0
1
0
0
0
-1
0
1
0
0
0
0
0
0
0
0
0
0
-1
1
-1
0
1
0
0
0
0
0
0
0
0
0
0
0
0
0
0
0
1
0
0
0
0
-1
1
0
0
0
0
0
0
0
0
0
0
0
0
-1
0
0
0
-1
0
0
1
1
0
0
0
0
-1
0
1
0
-1
0
0
0
0
-1
0
0
0
0
0
-1
-1
0
0
0
-1
1
0
1
0
0
0
0
0
0
0
0
1
4
8
4
0
1
-1
-2
-2
-4
-5
-4
-9
-8
-1
3
4
3
1
3
4
2
-1
-7
-8
-2
-5
-7
-6
-9
-8
-7
-9
-7
-9
-12
-12
-10
-5
-6
-10
-11
-12
-12
-9
-5
1
4
1
1
3
4
2
3
4
1
2
7
7
6
6
9
12
10
9
10
12
10
0
-1
-2
-5
-4
1
4
3
2
2
-1
-2
0
-1
-1
4
6
5
6
3
-1
-5
-8
-5
2
7
9
8
6
6
5
4
2
1
1
6
10
5
4
6
3
6
8
5
1
-4
-9
-7
0
2
1
-1
-1
4
4
1
-1
-4
-6
-3
-2
-6
-11
-10
-9
-9
-7
-9
-8
-10
-8
-6
-7
-8
-9
-9
-9
-8
-6
-6
-8
-9
-11
-10
-7
-7
-4
-3
-3
-2
-3
-3
2
2
0
3
6
5
8
9
7
11
9
7
9
4
2
3
0
1
5
8
4
2
7
7
7
8
3
2
3
5
9
12
10
7
10
14
14
12
8
6
3
-1
0
4
4
2
4
5
-2
-4
-1
-1
2
4
2
1
1
-1
-6
-11
-10
-11
-10
-5
0
-4
-6
-6
-4
-4
-3
-5
-5
-4
-8
-6
-1
-7
-13
-8
-10
-6
-1
-4
-5
-5
-5
-2
0
-7
-7
-4
-3
-3
-6
-7
-5
-5
-7
-5
-3
-4
-7
-10
-10
-6
-1
-4
-2
-2
-2
-1
0
-6
-9
-4
-1
0
1
-2
0
9
14
16
15
7
5
11
12
13
10
5
7
7
10
16
16
12
7
9
12
16
10
1
3
7
9
9
9
7
1
1
5
10
14
5
0
4
5
3
4
5
6
4
3
0
-7
-8
-13
-14
-10
-6
-3
-1
-5
-10
-11
-12
-13
-14
-16
-17
-21
-18
-11
-11
-12
-10
-9
-11
-11
-5
-5
-10
-13
-9
-1
0
-2
3
6
5
4
0
3
6
1
2
6
8
8
8
7
5
3
1
1
5
6
5
7
10
10
10
6
5
5
3
6
7
3
0
2
2
2
6
7
2
0
2
3
2
0
1
1
2
10
7
4
4
-1
2
6
7
9
10
7
4
6
7
4
4
1
0
5
4
1
-1
-2
2
7
6
6
8
-3
-3
2
2
1
-2
-2
1
1
1
0
0
2
3
2
2
0
1
-4
-12
-12
-13
-11
-7
-11
-11
-8
-8
-6
-4
-5
-7
-4
-9
-12
-7
-7
-11
-8
-5
-4
-4
-11
-10
-5
-2
5
5
-1
-2
-3
-4
3
8
5
3
5
7
12
10
3
0
2
6
11
13
7
3
5
8
10
9
5
0
0
1
3
6
5
2
5
6
8
10
8
6
2
-2
-1
-1
2
5
3
4
7
3
-1
-2
-5
-8
-7
-1
2
0
-1
-2
-3
0
0
-3
-3
-3
-4
-1
-3
-8
-8
-5
-4
-3
0
-1
-1
-8
-9
-2
-5
-11
-7
-6
-11
-12
-11
-12
-9
-8
-11
-5
-3
-7
-4
-2
-3
-4
-2
-5
-2
3
1
-1
-3
-4
-3
-4
-5
-3
-2
1
4
2
3
1
-6
-3
1
7
10
4
2
2
0
7
7
3
5
8
10
11
7
7
9
4
6
8
5
8
8
7
9
9
3
6
8
5
11
12
13
8
7
7
2
-3
-4
-7
-7
-2
0
2
2
2
-5
-8
-5
-11
-9
-7
-6
-1
-5
-10
-9
-5
-3
-4
-9
-12
-11
-8
-9
-9
-8
-8
-5
-5
-8
-10
-8
-6
-8
-8
-5
0
3
-2
-5
-5
-7
-11
-9
-3
0
0
-1
-4
-2
-2
-6
0
0
4
7
4
2
6
7
10
12
8
2
4
7
6
2
-1
2
4
4
10
11
5
1
5
11
12
11
10
5
3
1
4
10
9
8
6
5
10
7
7
8
8
8
7
5
6
6
2
5
7
6
6
2
-1
2
5
6
6
2
-1
-6
-8
-6
-2
0
-2
-2
-1
3
4
1
-2
-5
-6
-3
-2
-3
-7
-7
-5
-3
-7
-10
-13
-21
-18
-11
-13
-12
-12
-13
-11
-13
-17
-16
-11
-11
-8
-4
-4
-3
-2
-7
-9
-7
-4
1
3
-1
-1
0
4
4
4
4
4
7
6
5
5
4
2
2
4
7
12
8
7
10
12
17
17
13
11
11
10
9
9
3
1
6
11
13
11
4
-3
-3
-4
3
6
3
4
3
1
0
-5
-7
-2
0
3
3
0
-6
-7
-4
1
1
0
0
1
0
-3
-7
-8
-3
-4
-3
4
-2
-2
-2
-4
-2
-4
-5
-1
-3
-3
-2
4
6
2
-4
-9
-10
-9
-6
-3
-5
-9
-10
-5
-1
-3
-8
-6
-1
0
3
3
-1
-4
-6
-8
-5
-7
-10
-12
-11
-9
-6
-7
-7
-1
-1
-6
-7
-8
-7
-4
-3
4
6
5
5
8
10
7
3
4
4
0
-2
-3
2
10
8
12
15
10
8
11
13
13
8
6
10
8
8
11
10
7
6
9
10
8
5
5
7
5
4
3
3
6
6
3
1
3
5
5
1
-1
-6
-5
3
5
5
2
-3
-3
-1
2
-1
-5
-9
-11
-11
-9
-7
-11
-13
-9
-7
-8
-5
-4
-5
-5
-8
-11
-9
-7
-11
-12
-13
-15
-10
-7
-10
-13
-13
-11
-9
-11
-12
-14
-14
-13
-8
-2
-5
-8
-4
-4
-7
-6
-6
-9
-8
-4
-1
5
7
7
5
5
7
6
11
13
11
9
11
18
26
30
23
21
27
29
31
29
20
10
8
18
31
31
29
29
25
29
35
33
32
27
24
26
28
21
14
8
8
10
11
10
6
-3
-5
-2
-2
-4
-10
-15
-12
-19
-24
-24
-34
-38
-34
-34
-35
-35
-43
-46
-46
-47
-47
-51
-54
-54
-55
-52
-48
-53
-51
-46
-42
-39
-37
-36
-35
-35
-32
-23
-18
-17
-15
-14
-12
-7
-6
2
12
19
21
26
30
32
33
33
32
34
34
38
45
49
58
64
77
95
89
56
25
24
57
92
93
61
34
37
67
98
100
75
42
27
37
52
48
18
-12
-8
9
12
5
-9
-16
-18
-20
-17
-12
-20
-43
-63
-66
-52
-47
-52
-61
-65
-64
-62
-60
-61
-68
-78
-86
-81
-72
-68
-75
-83
-82
-71
-65
-70
-75
-71
-59
-49
-47
-47
-47
-49
-49
-42
-30
-22
-17
-9
4
14
19
20
19
20
25
31
37
40
37
28
30
55
85
97
110
138
151
133
84
33
12
31
74
113
131
110
76
78
110
122
90
48
37
41
34
20
2
-21
-48
-53
-17
25
27
6
24
87
97
10
-101
-144
-108
-53
-11
-16
-52
-74
-44
26
50
-8
-94
-113
-41
13
-13
-85
-151
-147
-91
-40
-35
-74
-98
-72
-10
24
-3
-64
-108
-107
-70
-43
-57
-90
-101
-66
-14
15
-7
-39
-47
-31
-6
10
-1
-35
-51
-25
11
26
19
10
21
59
96
87
48
25
38
85
148
187
176
120
44
8
40
104
142
129
97
75
77
99
118
110
66
31
37
62
69
33
-29
-61
-49
-28
-23
-25
-29
-18
7
32
45
67
78
-2
-129
-187
-137
-59
-11
-5
-44
-68
-35
35
76
31
-79
-145
-86
9
-16
-118
-177
-161
-90
-24
-7
-27
-45
-23
28
59
21
-74
-141
-130
-72
-35
-45
-75
-74
-22
33
48
20
-35
-65
-42
-4
2
-13
-40
-64
-41
20
52
36
9
9
43
79
74
36
20
50
112
182
207
143
29
-37
2
101
174
163
107
66
75
109
126
102
46
8
27
73
84
33
-43
-82
-62
-17
0
-14
-34
-39
-18
8
11
-21
-51
-27
72
110
-4
-181
-270
-191
-31
102
100
-25
-107
-73
49
126
45
-133
-214
-114
8
17
-73
-193
-211
-97
36
92
39
-43
-69
-21
24
-22
-123
-196
-170
-78
0
11
-28
-44
-19
15
14
-38
-82
-66
-3
41
28
-11
-53
-49
15
75
80
29
-16
-8
50
98
96
95
143
196
204
129
2
-60
-7
115
207
194
115
50
67
140
187
141
27
-39
-2
76
88
14
-64
-78
-45
-11
-4
-15
-41
-61
-43
6
23
-17
-43
-21
-1
-53
-132
-137
-78
-9
0
-41
-81
-80
-21
47
60
-5
-91
-106
-57
-21
-52
-120
-162
-148
-69
6
30
7
-17
-4
18
5
-50
-107
-123
-98
-66
-35
-13
-10
-11
4
22
13
-20
-53
-46
-18
-13
-19
-20
-17
-6
5
14
17
22
32
45
54
47
34
35
60
105
168
216
205
105
-21
-57
25
149
206
163
84
33
56
134
185
148
44
-17
19
91
87
0
-77
-88
-56
-30
-27
-23
-30
-38
-24
11
14
-14
-26
-19
-17
-80
-158
-164
-99
-17
3
-23
-61
-66
-18
34
44
-10
-85
-113
-100
-67
-69
-116
-144
-133
-65
20
55
33
-3
-11
-18
-39
-74
-110
-113
-86
-56
-30
-19
-18
-13
3
17
-3
-45
-71
-55
-20
-7
-18
-30
-23
0
17
24
31
36
42
54
60
44
27
27
55
104
155
219
269
233
92
-42
-34
101
229
231
132
49
38
103
196
234
150
13
-28
56
133
72
-68
-135
-108
-59
-39
-28
-6
-16
-48
-39
17
33
-13
-40
-38
-53
-126
-180
-146
-75
-33
-42
-46
-32
-16
7
14
-3
-47
-99
-114
-109
-100
-114
-132
-125
-109
-58
2
20
3
-18
-29
-48
-80
-101
-98
-84
-79
-76
-57
-23
-4
-8
-11
-17
-35
-52
-56
-39
-26
-35
-49
-38
-7
9
6
4
27
56
67
63
48
26
3
0
44
112
180
255
289
223
64
-63
-30
133
258
232
120
34
50
145
237
250
145
14
-4
86
151
79
-59
-123
-98
-57
-41
-21
5
-6
-30
-14
28
30
-14
-63
-87
-88
-92
-88
-72
-75
-99
-108
-58
18
49
18
-35
-63
-58
-43
-56
-108
-145
-134
-98
-60
-46
-47
-37
-23
-9
-2
-13
-53
-100
-105
-82
-65
-77
-98
-79
-31
4
12
10
-1
-32
-63
-64
-51
-45
-52
-52
-35
-10
-1
-9
0
27
40
38
31
30
26
8
-6
-5
32
91
175
296
355
240
-3
-153
-54
182
306
221
63
-4
56
171
267
270
124
-48
-52
97
186
74
-110
-171
-109
-53
-49
-25
16
-7
-65
-53
25
41
-39
-102
-82
-52
-69
-80
-52
-44
-91
-125
-83
7
49
28
-8
-31
-44
-53
-50
-61
-98
-121
-110
-88
-73
-49
-19
-16
-24
-23
-15
-19
-47
-69
-61
-55
-81
-103
-75
-18
10
6
2
-2
-28
-62
-59
-30
-21
-51
-60
-21
21
35
19
4
5
13
25
43
59
51
19
1
9
41
86
153
263
350
320
120
-106
-125
64
265
284
149
32
29
129
252
315
241
47
-77
-15
130
153
9
-125
-146
-103
-66
-31
29
34
-44
-105
-64
20
7
-91
-140
-79
-4
-38
-130
-193
-183
-132
-52
47
65
-11
-83
-75
-1
16
-66
-158
-166
-104
-61
-58
-81
-100
-82
-47
-11
11
5
-29
-79
-101
-88
-72
-85
-119
-115
-48
32
67
44
6
-29
-65
-65
-31
-4
-14
-57
-65
-21
23
22
5
16
36
40
45
51
56
50
15
-4
5
34
64
111
221
356
398
254
-14
-169
-62
193
346
273
98
-10
31
189
335
337
150
-75
-107
66
217
145
-57
-175
-176
-127
-65
20
79
16
-103
-114
4
74
-14
-145
-174
-110
-69
-73
-58
-76
-148
-190
-111
38
95
42
-43
-84
-75
-81
-94
-99
-104
-109
-108
-73
-47
-45
-42
-51
-49
-28
-8
-29
-89
-115
-102
-82
-83
-103
-83
-24
20
33
30
12
-39
-88
-78
-29
-6
-44
-94
-76
5
59
64
50
20
-15
-16
19
65
77
40
-1
-12
11
30
26
57
126
239
369
386
221
-45
-174
-41
209
341
241
59
-13
66
220
331
300
120
-52
-49
106
203
106
-100
-205
-190
-141
-76
7
55
-4
-98
-90
5
34
-71
-190
-196
-117
-57
-93
-193
-287
-294
-175
-6
106
70
-71
-166
-151
-88
-90
-190
-282
-278
-193
-135
-158
-198
-206
-157
-80
-26
-13
-71
-162
-235
-246
-205
-197
-229
-246
-181
-37
91
124
72
-26
-122
-178
-166
-116
-104
-136
-156
-98
10
97
115
77
45
23
22
51
96
128
105
39
-16
-37
-11
61
179
365
570
714
715
466
80
-155
-66
233
444
397
225
122
160
305
454
465
278
41
-6
137
250
155
-62
-211
-224
-167
-96
11
84
30
-81
-91
16
72
-21
-128
-89
33
27
-62
-80
-12
-23
-138
-178
-73
-28
-181
-340
-259
-59
-121
-380
-438
-165
-21
-240
-489
-376
-115
-147
-379
-340
-64
-18
-327
-536
-307
-1
-118
-502
-512
-81
188
-12
-204
-60
27
-348
-778
-722
-373
-401
-854
-954
-383
185
76
-242
-84
295
193
-230
-152
571
1031
727
227
152
354
312
317
1226
3271
5333
5985
4943
3117
1639
723
-59
-750
-924
-674
-790
-1494
-1552
-92
1608
1658
334
-224
652
1205
189
-1043
-907
-316
-832
-1560
-524
1634
2253
969
248
1087
1298
-571
-2516
-2373
-1288
-1369
-1880
-881
784
676
-899
-1234
264
1143
74
-1095
-685
27
-621
-1545
-919
400
326
-863
-1051
75
568
-418
-1311
-841
-133
-555
-1341
-1098
-456
-819
-1813
-1857
-800
-227
-690
-949
-106
810
594
-164
-299
-100
-613
-1526
-1552
-701
-243
-600
-644
358
1356
1099
-8
-475
-103
86
-246
-256
504
1130
867
310
524
1242
1190
525
945
3539
6797
7690
5433
2111
-106
-1133
-1890
-2097
-1172
-128
-654
-2101
-1481
1658
3944
2531
-885
-2207
-1031
-154
-550
-384
942
1228
-292
-655
2005
4446
2867
-1006
-2471
-1229
-1091
-2954
-3577
-1611
-35
-754
-894
1923
4202
1827
-2394
-3108
-1087
-751
-2121
-1830
438
1583
231
-874
529
1647
-734
-3657
-3060
-1063
-1090
-1636
-409
1311
1594
334
-892
-708
-635
-2612
-4185
-2657
-754
-911
-748
1158
2644
2481
1313
-146
-1092
-1864
-3310
-3834
-2033
-240
23
810
2423
2701
1540
279
-652
-1134
-1303
-1596
-1259
298
1703
2212
2702
3071
2388
956
-405
-682
1692
6015
8334
6242
2010
-752
-1086
-786
-1270
-1294
75
548
-1350
-2325
486
3741
2654
-1513
-3328
-1151
1103
759
363
2203
3425
1277
-1009
344
2580
1041
-2796
-3778
-1493
-389
-1929
-2403
-114
1244
-138
-598
1586
2373
-795
-4082
-3438
-554
519
-146
665
2765
2444
-428
-1812
-1023
-1417
-3505
-4056
-1914
485
1157
937
1368
1726
231
-2163
-2851
-2294
-2695
-3270
-1963
305
1320
1156
1169
1418
899
-610
-1833
-1849
-1720
-2314
-2270
-567
1091
1127
563
666
793
61
-1003
-1497
-1355
-1180
-1003
-50
1618
2607
2442
2326
2658
2108
197
-1515
-2007
-2000
-1610
998
6738
12052
11579
5290
-825
-2809
-2994
-4348
-5044
-2360
1450
2327
1092
1992
4883
4438
-995
-5764
-5173
-1888
-432
87
2711
5848
5355
1686
-335
537
80
-3660
-6313
-4127
-189
860
16
944
3079
2593
-901
-3150
-1895
-485
-1940
-3450
-1521
1660
2335
1358
1415
1733
-39
-3218
-4607
-3140
-1471
-1490
-1156
1077
2576
1342
-267
-315
-552
-2303
-3952
-3711
-1951
-399
95
498
1392
1298
-346
-1464
-1055
-738
-1181
-1205
-580
-223
-244
-136
156
184
-388
-1039
-892
-114
7
-666
-514
857
1627
1078
718
969
538
-342
-52
1261
2051
1593
266
-775
-755
74
2607
7690
11184
7691
123
-3619
-2620
-1863
-2645
-1966
1129
3497
2050
-877
-18
2896
1023
-4489
-5651
-1511
1717
2111
2711
4430
4740
1436
-3010
-3305
-336
-491
-3467
-2679
1703
3230
844
-977
-298
400
-1565
-4601
-3899
293
1724
-382
-197
2642
2618
-485
-2121
-1512
-1246
-2455
-3541
-2062
1150
1951
166
-26
999
-622
-3345
-3161
-1240
-457
-551
-393
131
561
-125
-1501
-1576
-1004
-1888
-2646
-956
1175
1373
830
612
-81
-1189
-1761
-1666
-1075
-431
-431
-283
896
1610
609
-287
121
193
-456
-263
590
696
636
1468
2366
2028
440
-952
-720
29
-488
903
7882
14491
10913
-293
-6607
-4096
-737
-2250
-3872
668
7225
6265
-871
-2891
1372
1010
-6109
-8832
-2090
5037
4813
2058
4223
7759
3650
-5600
-7999
-2093
1056
-2126
-2551
3499
7130
2420
-3669
-3452
-1141
-3282
-5187
-599
4541
2218
-2789
-1674
3142
3033
-2416
-4912
-1170
1576
-1309
-3388
-54
2634
434
-1786
-749
216
-1251
-3049
-2377
283
1242
-776
-1755
71
312
-2376
-3279
-1295
-522
-1514
-1108
859
1954
1262
-272
-1012
-532
-770
-2256
-2278
-196
852
60
-15
674
218
-664
-584
-178
-128
-70
10
366
1386
1751
878
489
1089
846
-273
-243
164
-332
1366
7911
14281
12150
1224
-8415
-7916
-1188
1381
-992
530
6801
7892
1043
-4265
-2882
-1542
-5160
-7832
-2710
6212
8989
4671
1984
3810
2547
-4698
-8834
-4122
1931
1948
166
2829
6276
3324
-4442
-8416
-5109
-689
-942
-2042
1700
5810
3259
-1866
-2389
-1105
-2856
-4343
-1650
2599
4015
1499
-1640
-1337
-66
-2720
-5515
-2714
1219
943
188
1561
1593
-505
-2365
-3579
-3670
-2274
-1523
-1307
795
2500
684
-1256
-505
-281
-1568
-1314
-99
-163
-316
-97
-875
-1333
-331
-63
-689
-135
343
-403
110
1682
1024
-762
-637
-156
-698
36
2074
2941
2597
1638
-205
-1052
-189
-444
341
7131
13931
10346
-263
-6008
-4075
-150
867
-696
652
5829
6261
-894
-5177
-2423
-1871
-5749
-5109
2214
8105
7215
2392
-332
670
-132
-5156
-6676
-621
4229
2387
1002
4156
4972
-613
-6968
-8432
-5280
-158
4126
4860
2190
-1147
-2937
-2394
-656
-828
-2930
-1993
2473
4165
1438
-1251
-2913
-4268
-3081
-301
274
-139
720
760
-223
-339
-1494
-4083
-3792
-834
233
165
1056
273
-2155
-2337
-969
-786
-421
581
339
233
1099
-136
-2642
-2408
-1110
-1361
-217
2514
2329
-125
-951
-826
-1006
-425
-316
-1230
-94
2374
2319
1427
2176
1527
-1045
-1561
-210
374
808
1111
2162
8071
14740
10537
-2890
-10067
-5663
1338
3700
2227
2191
5660
5789
-2007
-8114
-4866
-1272
-3924
-3928
3897
10542
8269
510
-4368
-2821
-871
-4012
-5142
2164
8088
4081
-899
1153
3229
-1509
-8364
-9195
-2671
3710
3883
2767
4242
1667
-5902
-7995
-2651
696
-330
-259
2607
4991
2721
-3681
-6910
-3821
-952
-1021
603
3167
2059
-736
-1533
-1541
-1998
-2391
-2679
-1684
1008
1902
-256
-1524
-1111
-1995
-2969
-1305
786
961
800
817
-60
-966
-1502
-2550
-2671
-464
1597
1714
1242
453
-1107
-1692
-657
-192
-581
-278
434
1168
2437
2785
861
-917
-567
90
142
615
792
913
4638
11529
13534
5305
-6808
-10780
-3446
5482
6286
2364
2483
4615
871
-6276
-7307
-2399
-186
-2072
-750
5919
9606
4054
-4327
-5666
-1495
-540
-2553
82
6117
6361
170
-3142
-109
1711
-2849
-7725
-5420
1128
4209
3472
2770
1030
-3855
-7448
-4711
883
2562
259
-388
2361
3482
-393
-5194
-5641
-2765
-221
1465
2653
2057
-453
-2642
-2850
-1561
-560
-948
-1446
-515
470
-282
-1523
-1825
-1925
-1981
-1021
395
951
622
-192
-950
-952
-719
-1156
-1492
-997
-429
181
1313
1525
-463
-2500
-1985
384
1933
1406
21
-456
179
635
703
1160
1545
984
163
406
1003
230
-399
3861
12220
14542
4372
-8888
-10428
-397
7145
4736
483
2639
5374
2
-7838
-6681
318
1245
-2998
-1193
6856
8785
328
-7516
-5286
1368
1989
-1183
1362
6943
4081
-5173
-6703
1127
4883
-799
-5898
-2795
2584
1203
-4222
-2493
6148
6879
-4029
-10447
-3828
3525
2249
-931
-2
1654
288
-2739
-3377
-751
-84
-3370
-3133
3046
5362
126
-3632
-2099
-720
-1223
-1457
-1483
-1100
-247
-928
-1918
-361
679
-1609
-2626
-119
1152
58
-235
-359
-1175
-687
-98
-1480
-2073
-411
487
439
1186
1003
-486
-520
329
-108
-396
-71
-982
-1331
1175
3342
2496
1125
997
766
-339
-1628
-240
7041
15131
12486
-1394
-11500
-7271
3872
8465
4306
563
2425
3068
-3002
-7988
-4155
1490
156
-2671
1795
8553
6330
-3760
-8898
-3531
2917
2217
277
3980
6545
127
-7749
-5578
2868
4908
-941
-4240
-288
3047
-707
-5389
-3062
2177
1803
-2457
-2817
865
2185
-514
-2288
-615
784
-873
-2321
-347
1888
272
-2939
-2947
-121
1278
1
-1074
-226
531
-677
-2357
-2372
-1387
-1128
-1299
-717
232
307
-607
-1415
-1327
-740
-460
-408
-82
77
-432
-1028
-1223
-1172
-486
972
1660
489
-1072
-1221
-263
372
34
-500
-242
337
361
641
1993
2846
1622
-183
-487
-78
-501
-188
4624
12630
14602
4265
-9627
-11348
285
9729
6903
56
55
3062
-446
-7337
-6532
1123
3687
-948
-1540
5440
7962
-1009
-10005
-6768
2623
5185
1819
2176
5458
2253
-6703
-9093
-763
6436
3090
-3117
-1782
2594
399
-5837
-6806
-729
5818
5488
-1400
-5971
-3365
443
805
873
1099
-1219
-3208
-1700
405
476
-1049
-2986
-1947
2898
4588
-4
-3529
-2509
-1806
-2033
-478
478
-652
-1164
-1277
-1946
-836
777
-755
-2417
-534
975
-415
-1030
-428
-959
-1175
-375
-359
150
1749
756
-1947
-1284
860
2
-1229
-90
807
545
635
463
298
1194
1173
-157
427
2070
749
-1650
102
6781
13598
12768
912
-11447
-9548
3412
10451
5931
34
22
1339
-2036
-6533
-4133
2761
3353
-2167
-1767
5562
6530
-2734
-9398
-4638
3775
5144
1609
1951
4563
338
-8134
-7788
2257
7617
2097
-3591
-1274
2200
-957
-5282
-2667
2186
286
-4946
-3625
3203
5472
385
-4351
-3259
-303
-583
-1868
-129
2082
650
-2005
-1527
715
717
-1520
-2636
-819
1662
1270
-1552
-3001
-2181
-1448
-1091
48
816
-106
-1522
-2037
-1541
-343
475
-31
-641
-150
145
-699
-1518
-1382
-379
1100
1640
302
-1148
-1015
-799
-1474
-840
1396
2511
1421
-197
-824
-202
915
1016
426
722
874
-329
1379
9620
16474
9949
-7162
-16163
-5774
11125
13886
2620
-4098
321
2467
-4352
-7884
-799
5202
688
-4488
1182
9460
4901
-8591
-11832
-464
8284
4371
-566
2710
4331
-3707
-10014
-2891
8301
7357
-2870
-6057
668
3330
-3298
-6410
507
5122
-998
-6935
-2397
4944
3845
-2857
-4882
-807
1629
-923
-2531
472
2498
-274
-2566
-448
1611
-268
-2950
-2311
839
2409
232
-2928
-3158
-1413
-933
-1102
-114
472
-640
-1519
-1067
-491
-380
-523
-847
-677
205
397
-549
-1198
-1140
-876
453
2172
1331
-1571
-2448
-673
455
395
757
1031
381
-275
-205
438
1255
1165
304
511
1215
1173
4330
11952
13435
1003
-12982
-10655
4951
14234
7880
-2541
-3052
2152
-4
-7067
-5381
3114
3694
-2905
-2014
6651
7643
-3292
-11544
-5764
5564
7285
710
-511
3974
1251
-7572
-6798
4289
8668
762
-6016
-2618
3027
315
-6516
-4300
5528
6141
-4655
-8781
-578
4870
917
-2778
-1249
804
-206
-2807
-2479
1516
2384
-1855
-2491
2221
2656
-2347
-4138
-1474
759
1301
32
-2419
-2626
-913
-1127
-1655
217
865
-1278
-1861
-497
-633
-1284
-647
-392
-329
866
853
-1390
-2398
-1075
221
1211
1667
-227
-2197
-709
1317
293
-952
-17
764
512
763
961
377
344
999
1170
576
-116
2461
10466
15386
5851
-11069
-14190
686
13850
10649
-86
-3036
972
219
-6008
-6065
1665
4283
-1703
-3145
4963
8719
-714
-11023
-7847
3491
7510
2393
-20
3288
1871
-6159
-7824
1521
8251
2990
-4683
-3538
1987
1139
-5100
-5847
1178
5329
1279
-2628
-1254
-604
-3168
-3177
939
3443
1130
-2809
-3388
-126
1542
-1020
-2578
-148
1550
204
-819
-648
-1045
-1460
-1227
-983
-461
-182
-1425
-2399
-1169
-34
-504
-525
-52
-763
-1403
-781
-507
-666
40
358
-584
-978
-643
-803
-471
766
1083
388
-158
-834
-960
431
1210
-91
-853
431
1560
1589
1309
667
8
-389
-839
1329
8806
14971
9469
-5131
-13254
-5635
8477
12789
4616
-2665
-880
1449
-2794
-5899
-1514
2749
313
-2273
2118
7511
3405
-7542
-10836
-1461
7409
5303
280
1597
2964
-2475
-7097
-2527
5057
4787
-1942
-4264
764
3157
-2596
-5978
710
6013
-412
-8107
-4522
3886
4634
-1375
-4613
-1723
1545
76
-2317
-324
2069
-289
-2670
-258
1903
-567
-3281
-1956
1363
2610
178
-3267
-3380
-895
-285
-1234
-507
419
-777
-1626
-398
376
-565
-1674
-1967
-865
1218
1421
-925
-2270
-1290
-158
868
1965
936
-1657
-1962
-157
624
477
531
150
-237
327
726
576
929
973
140
260
1092
1259
4293
11215
12157
577
-11983
-9678
4922
14055
8196
-2389
-3478
1786
448
-5912
-4768
2426
3021
-2337
-1485
5784
6430
-3514
-10951
-4907
6230
7361
475
-908
3106
947
-6183
-5653
3065
6862
775
-4813
-1583
3569
717
-5391
-3772
2386
1824
-3557
-3244
2192
3196
-1969
-5266
-2007
2445
1433
-2229
-1615
1632
1065
-2077
-2100
322
661
-1069
-1356
601
1668
-631
-3830
-3582
-576
779
-285
-973
-681
-767
-993
-572
-208
-758
-1671
-1772
-505
1078
999
-853
-2121
-1225
456
991
174
-838
-751
255
706
128
-194
156
220
72
510
1069
876
364
245
459
324
-305
752
6356
13112
11415
-1104
-12295
-8948
5148
13219
7466
-1660
-2342
1302
-736
-5720
-4162
1785
2313
-1669
-434
5883
5743
-4191
-11151
-4905
5931
7376
1586
102
2645
104
-5978
-5172
2601
5840
399
-4073
-717
3283
0
-4784
-2406
2334
247
-4723
-2938
3291
3839
-2254
-5802
-2119
2609
1704
-1864
-1724
803
460
-1770
-1505
402
236
-1506
-1406
929
2066
-390
-3906
-4015
-950
933
170
-815
-997
-1313
-1322
-255
618
-127
-1763
-2403
-999
1246
1510
-716
-2290
-1322
331
994
841
-278
-1653
-1016
1109
1574
366
-253
-251
-251
446
1512
1761
1077
-385
-1824
-993
2896
8119
11940
9624
-1380
-12083
-8810
5571
13256
7135
-1286
-1643
1581
-414
-5707
-5183
1016
2881
-893
-93
6195
5619
-4649
-10854
-4463
5350
6968
2380
758
2346
-289
-5955
-4796
2930
5299
-568
-3776
728
4027
-696
-6186
-3123
3485
2439
-4108
-4640
1409
3896
-165
-3749
-2282
795
750
-1200
-787
933
-412
-3016
-1876
1339
1635
-643
-2019
-1297
280
268
-1949
-3261
-1824
-219
-60
22
-159
-1533
-2346
-1235
309
916
375
-1265
-2315
-1127
456
212
-617
-520
-49
400
455
-749
-1974
-933
1265
1838
985
221
-203
-100
482
718
635
912
810
-199
-570
1303
5881
11130
10803
782
-10651
-9621
3139
11868
7765
-453
-1718
1599
348
-4953
-5222
422
2737
-408
-192
5256
5534
-3249
-9724
-4836
4137
5838
1882
1210
3270
290
-6083
-5653
2002
5459
438
-3670
-412
3513
935
-3803
-3560
-722
-1235
-2940
-531
3605
3040
-1859
-4590
-2310
895
865
-691
-179
1228
351
-1666
-1975
-1157
-942
-862
9
1154
1182
-825
-3430
-3793
-1902
-326
173
486
238
-857
-1530
-1283
-989
-908
-621
-126
385
394
-627
-1758
-1412
23
704
257
-232
-308
-304
-352
-375
-70
640
1059
850
886
1463
1276
52
-614
-306
-325
-301
2767
9317
12822
6324
-6145
-11214
-3271
7087
8122
2588
611
2838
1486
-4297
-6305
-1722
1797
-28
-630
4304
6990
307
-8395
-7478
977
5290
2695
1197
3612
2919
-3383
-6920
-2260
3573
2659
-1421
-954
2735
2613
-1837
-4561
-3121
-1296
-1331
-615
2131
3418
560
-3399
-3933
-1490
151
-113
-23
1355
1801
-189
-2641
-2908
-1394
-375
-313
164
1080
649
-1585
-3541
-3372
-1693
-256
336
590
557
-274
-1615
-2276
-1715
-685
89
678
906
183
-1132
-1485
-379
438
-398
-1316
-163
1803
1538
-854
-2036
-502
1351
1331
778
1588
2595
1575
-611
-1334
-700
-209
1712
7281
12313
8910
-2500
-10298
-5767
4334
7251
2405
103
3437
3914
-2264
-6908
-3839
1126
1093
-413
2767
6691
2870
-6018
-8182
-1076
4659
2983
783
3005
3556
-1812
-6156
-3082
2258
1850
-2083
-1439
3135
2657
-3190
-3377
3026
2908
-5688
-8332
-280
6570
4654
-1256
-3978
-1927
-283
-2567
-2833
2004
3486
-706
-1601
1180
94
-3315
-3716
-1875
904
2875
358
-3390
-2428
-873
-2957
-2952
679
1639
162
140
-547
-2454
-2185
-1009
-851
596
2037
223
-1397
-80
192
-1333
-1090
-146
-420
282
1594
734
-583
-106
247
66
1288
2624
2180
1067
71
-881
267
4934
9334
8236
1277
-5896
-6076
785
6142
4075
-298
207
2830
783
-4027
-4301
-259
1429
-119
581
4266
4640
-941
-5769
-3256
2609
3359
-55
-8
3115
2089
-2808
-4057
-413
1593
-762
-2558
78
3706
3065
-1251
-4575
-4792
-3225
-688
2530
4382
2728
-1113
-3314
-2734
-1880
-2013
-1204
1499
3721
2965
-516
-4052
-4751
-2558
-135
1029
1404
717
-1201
-2567
-2466
-2217
-2192
-1389
53
1262
1593
312
-2004
-3085
-2195
-926
4
807
927
452
207
-195
-1314
-1919
-1147
18
951
1481
972
-342
-1237
-1325
-687
1051
2872
2893
1442
366
230
199
-243
604
5273
10787
9068
-981
-8428
-5064
2623
4203
400
-60
4257
4829
-1935
-7143
-3733
1367
272
-1872
2118
7065
4175
-3205
-4542
960
3424
-1052
-3745
1073
5460
1887
-3392
-2064
1668
-109
-4549
-3430
2497
4767
888
-2683
-1923
-932
-2697
-3105
836
4545
2903
-1467
-2718
-862
-511
-2365
-2244
1067
3309
1484
-1817
-2829
-1716
-1124
-1476
-712
1161
1286
-1026
-2831
-2453
-1545
-1460
-1293
-124
1239
1287
-216
-1750
-2055
-1651
-1301
-680
343
991
828
226
-511
-1265
-1861
-1803
-309
2131
3070
1118
-1523
-1791
-72
1068
1024
1268
2141
2147
693
-685
-35
3339
7829
9228
4454
-3411
-6601
-2325
2958
2794
-202
544
3921
3012
-2364
-4817
-1918
174
-1562
-1702
2803
6067
3051
-1554
-1021
2190
1117
-3142
-3060
1814
3687
229
-1861
734
2339
-1233
-5095
-3180
2033
3357
-178
-2656
-1195
196
-1210
-2065
246
2545
1359
-1232
-1456
105
178
-1513
-1837
173
1230
-685
-2580
-1419
771
530
-1484
-2165
-1034
-385
-1304
-2164
-1527
-506
-700
-1290
-522
801
408
-1421
-2042
-731
300
-446
-1598
-1283
35
589
32
-409
-211
-195
-771
-911
55
887
523
-99
277
1148
1462
1201
617
183
436
745
684
2161
6241
8940
5826
-1039
-5106
-3229
784
1510
-320
685
4184
3605
-1389
-3493
-941
41
-2540
-3336
367
4260
3887
1228
1264
3160
990
-4559
-5314
14
3254
1356
215
2318
2770
-1097
-4984
-4197
-334
1482
160
-664
374
265
-1742
-2194
-43
1154
-295
-1277
238
1750
785
-1218
-1668
-739
-534
-1552
-1834
-251
1079
213
-1169
-1078
-784
-1665
-2331
-1646
-712
-506
-729
-825
-510
-213
-620
-1139
-689
84
-68
-807
-1278
-1219
-604
189
392
-7
-357
-569
-673
-419
41
315
380
399
689
1385
1832
1364
505
208
519
902
1193
2510
5770
8193
5553
-868
-4512
-2767
-52
66
-243
2143
5070
3620
-1427
-3599
-1184
-39
-2458
-2941
1031
4239
3103
1092
1822
2873
165
-4226
-4119
413
2445
139
-486
2466
3181
-735
-3862
-2237
566
-197
-2923
-2439
1074
2137
-191
-1029
833
1080
-1451
-2774
-1010
945
551
-756
-378
898
234
-1868
-2246
-877
-532
-1417
-1360
-69
757
139
-1139
-1719
-1571
-1682
-1873
-1109
58
295
-132
-416
-556
-590
-562
-830
-1162
-975
-463
-17
369
343
-81
-49
220
-154
-641
-438
-17
301
986
1620
1739
1651
1069
-37
-577
-92
1320
4456
7867
7386
2623
-1774
-2959
-2401
-1763
-863
1225
3827
3850
501
-1695
-208
671
-1687
-3392
-1778
726
1963
2511
3259
3493
1342
-2571
-3841
-1150
580
-745
-866
1613
2655
768
-1106
-807
430
-349
-3301
-4205
-1254
1092
495
498
1982
1661
-489
-1663
-1431
-943
-988
-1566
-981
1088
1605
32
-464
-116
-1600
-3305
-2552
-779
136
422
225
-134
-228
-1010
-2327
-2142
-906
-848
-1111
-23
939
432
-469
-1011
-1371
-1379
-1073
-654
109
745
339
-350
-150
171
-249
-588
-112
555
904
1200
1569
1618
867
-193
-468
239
1635
3847
6067
6024
2931
-651
-2018
-1635
-1437
-1366
278
2858
3243
1014
-388
338
174
-2059
-3099
-1104
1332
1748
1367
2192
3129
1740
-1145
-2096
-862
-551
-1525
-849
1726
2894
1475
-257
-859
-1379
-2624
-3385
-2363
-405
635
798
1340
1846
997
-610
-1342
-1217
-1195
-1156
-513
385
788
498
-95
-623
-1128
-1690
-1967
-1624
-928
-284
211
349
-78
-695
-1029
-1209
-1392
-1244
-617
-36
46
-109
-68
-4
-439
-1152
-1261
-683
-260
-263
-86
424
524
-29
-541
-412
17
39
8
784
1956
2065
895
-32
147
567
623
1421
3642
5361
4322
1396
-497
-633
-842
-1585
-1118
899
2153
1354
328
708
1051
-312
-1971
-1819
-455
279
545
1517
2492
1946
426
-280
-184
-691
-1586
-1284
71
764
677
1116
1819
941
-1483
-3022
-2755
-2263
-2273
-1296
959
2216
1474
566
648
330
-1207
-2278
-1540
-312
-263
-513
379
1336
579
-1001
-1364
-934
-1355
-2173
-1815
-525
137
-131
-270
100
29
-940
-1730
-1480
-823
-550
-365
118
480
318
-162
-548
-692
-685
-636
-520
-321
-107
58
110
46
113
555
1035
985
519
182
124
169
486
1585
3327
4524
4149
2634
1049
-284
-1472
-1919
-1008
530
1400
1381
1263
1249
711
-478
-1386
-1382
-1054
-878
-327
912
1942
1945
1390
939
404
-483
-1226
-1170
-438
373
947
1210
989
198
-810
-1507
-1800
-1813
-1519
-956
-400
-22
293
550
530
181
-191
-368
-532
-808
-932
-700
-372
-263
-260
-142
-37
-204
-523
-665
-632
-732
-1016
-1137
-920
-625
-499
-451
-367
-359
-508
-645
-579
-371
-244
-219
-159
-18
29
-132
-304
-268
-73
34
-22
-78
-62
-21
71
387
877
1130
877
358
9
-2
346
1155
2373
3378
3528
2831
1746
640
-331
-834
-683
-163
289
570
843
1028
896
438
-82
-521
-913
-1075
-756
-113
381
590
758
908
802
427
84
-40
-57
-45
-31
-61
-211
-494
-642
-542
-344
-364
-635
-861
-937
-871
-673
-352
-12
203
293
268
138
-125
-509
-866
-1009
-885
-639
-372
-92
165
318
255
-72
-604
-1116
-1390
-1360
-1061
-634
-249
-9
91
81
-40
-262
-510
-659
-624
-454
-262
-79
95
227
261
200
88
-13
-96
-108
13
239
494
605
515
311
142
157
458
1065
1801
2303
2307
1846
1141
456
-3
-92
141
480
704
741
647
459
181
-131
-319
-323
-236
-104
35
65
-80
-265
-264
-50
213
345
329
266
230
182
42
-116
-299
-504
-621
-591
-475
-435
-446
-437
-434
-462
-507
-521
-468
-302
-88
42
26
-133
-322
-449
-516
-601
-740
-825
-733
-468
-123
117
113
-88
-346
-608
-875
-1083
-1136
-988
-697
-327
22
228
256
174
77
-17
-138
-262
-339
-336
-258
-142
28
247
451
570
583
545
458
320
148
29
18
90
286
664
1209
1726
1981
1909
1521
922
316
-66
-95
87
292
446
585
718
775
665
350
-94
-502
-657
-474
-102
242
402
378
257
79
-148
-364
-467
-368
-54
332
596
592
250
-263
-718
-924
-853
-638
-386
-209
-120
-95
-108
-157
-238
-309
-331
-263
-151
-79
-81
-166
-255
-312
-333
-357
-413
-446
-360
-160
15
66
-23
-189
-354
-487
-569
-593
-532
-384
-181
17
140
147
77
7
-3
33
40
0
-37
-12
60
136
189
228
274
306
268
155
21
-84
-127
-76
95
392
775
1137
1359
1307
979
528
153
34
145
280
295
238
224
299
370
317
125
-100
-199
-105
74
148
23
-189
-301
-256
-104
44
138
199
250
247
126
-109
-410
-591
-560
-367
-116
31
0
-181
-420
-581
-575
-444
-261
-93
15
73
28
-134
-339
-502
-530
-410
-216
-37
64
71
6
-76
-160
-246
-326
-369
-340
-246
-153
-124
-148
-177
-183
-180
-196
-197
-165
-108
-18
83
147
141
73
-1
-18
21
89
147
210
279
303
252
172
116
77
54
85
181
286
367
420
439
381
257
173
233
384
444
340
179
90
107
156
148
59
-40
-39
94
234
223
42
-152
-228
-179
-94
-47
-29
5
72
162
188
68
-140
-279
-268
-178
-119
-110
-101
-52
-6
-24
-97
-192
-242
-199
-86
-4
-24
-100
-116
-72
-49
-103
-186
-203
-135
-34
49
83
66
34
17
-4
-79
-210
-317
-311
-183
-18
75
85
52
-1
-77
-153
-197
-181
-113
-20
72
128
139
96
53
48
65
75
79
96
111
88
49
45
123
236
330
385
343
209
43
-25
83
254
337
286
203
187
214
208
124
2
-94
-73
92
256
260
97
-82
-139
-94
-64
-112
-166
-143
-47
77
173
166
24
-179
-299
-283
-181
-103
-96
-131
-151
-131
-85
-37
-43
-116
-182
-177
-108
-71
-118
-207
-231
-163
-94
-86
-137
-179
-148
-58
15
12
-61
-139
-145
-85
-42
-77
-156
-184
-128
-63
-46
-63
-64
-14
60
90
46
-44
-122
-126
-68
-8
32
69
146
238
265
200
81
-17
-62
-27
72
193
321
399
375
251
86
-11
4
98
167
154
104
99
156
212
205
121
20
-7
58
128
89
-39
-120
-86
13
54
6
-63
-76
-23
66
124
71
-82
-240
-271
-155
-8
47
-12
-105
-146
-113
-49
-26
-68
-125
-103
-4
77
43
-95
-208
-202
-134
-96
-105
-119
-76
4
63
54
-23
-118
-148
-99
-39
-44
-105
-132
-91
-42
-52
-106
-131
-78
20
83
66
-10
-72
-73
-39
-10
-14
-21
40
146
217
213
157
110
99
116
133
141
163
223
295
298
202
99
116
244
335
285
143
26
11
82
146
148
99
91
182
298
294
111
-131
-233
-153
-10
75
66
32
49
101
96
-12
-188
-297
-254
-134
-61
-97
-154
-136
-66
-34
-97
-214
-274
-213
-101
-54
-105
-188
-201
-132
-76
-112
-207
-265
-223
-122
-48
-60
-121
-141
-77
4
7
-95
-211
-230
-174
-114
-81
-70
-37
25
71
68
6
-99
-169
-151
-71
-2
25
33
63
102
111
99
71
53
53
67
99
136
162
197
266
311
255
120
17
45
161
248
228
130
55
62
116
144
91
-21
-87
-19
130
212
155
20
-73
-57
-5
5
-32
-63
-39
36
121
146
55
-104
-201
-157
-45
14
-39
-132
-161
-109
-26
16
-20
-100
-140
-80
21
32
-65
-160
-157
-89
-50
-77
-119
-115
-71
-21
-2
-39
-109
-138
-87
-28
-48
-132
-174
-122
-39
-16
-60
-101
-80
-13
53
62
6
-51
-56
7
58
26
-36
-39
33
108
126
94
69
78
102
135
162
188
227
250
246
190
114
93
158
241
254
179
95
87
155
204
161
53
-20
3
87
146
116
13
-67
-64
15
90
77
7
-61
-82
-46
-6
12
-16
-84
-144
-150
-94
-53
-79
-145
-176
-126
-55
-31
-75
-149
-178
-157
-114
-95
-123
-158
-163
-118
-71
-83
-125
-138
-93
-38
-49
-109
-153
-144
-105
-81
-97
-123
-125
-108
-85
-65
-60
-59
-47
-21
-1
-7
-20
-13
18
41
34
17
29
71
115
125
91
55
60
96
138
170
196
204
177
139
117
123
144
154
147
129
98
76
74
83
88
64
37
46
89
117
84
18
-27
-30
-10
16
26
17
-6
-27
-27
-14
-14
-47
-79
-83
-76
-68
-64
-59
-52
-62
-74
-59
-25
0
-23
-75
-111
-109
-88
-67
-59
-73
-86
-78
-51
-18
-12
-45
-74
-65
-40
-38
-60
-89
-96
-84
-63
-41
-29
-36
-64
-69
-34
18
31
-16
-64
-75
-43
-17
-9
5
22
44
61
81
92
71
36
8
20
63
110
164
198
191
140
77
52
75
109
112
76
43
40
67
88
78
29
-22
-24
21
67
74
36
-12
-34
-17
12
14
-4
-17
-10
15
26
-12
-75
-108
-88
-46
-38
-77
-126
-145
-95
-21
3
-30
-74
-74
-30
-12
-53
-105
-112
-81
-49
-47
-71
-95
-90
-48
3
17
-22
-60
-48
-23
-32
-74
-104
-92
-53
-26
-33
-54
-64
-36
13
38
17
-31
-50
-17
31
37
-1
-39
-35
14
62
77
56
26
25
55
93
112
120
135
140
118
81
56
63
103
142
145
104
48
18
33
68
74
35
-11
-10
28
55
40
-1
-35
-31
8
48
48
-5
-54
-48
2
33
-2
-73
-112
-81
-30
-23
-65
-102
-84
-30
-2
-25
-78
-115
-104
-66
-49
-71
-92
-84
-42
-5
-20
-74
-99
-60
-11
-1
-37
-81
-87
-62
-44
-52
-69
-66
-45
-27
-30
-52
-63
-42
11
44
32
-5
-26
-8
16
22
4
-5
13
46
70
75
64
53
48
44
47
53
76
118
151
159
137
95
66
82
110
111
79
43
39
60
78
64
36
10
0
18
43
42
3
-47
-51
3
50
33
-24
-60
-37
8
20
-6
-59
-101
-101
-61
-20
-28
-65
-88
-66
-23
-24
-65
-103
-110
-87
-67
-68
-84
-101
-97
-80
-61
-49
-41
-33
-29
-31
-27
-20
-24
-38
-56
-71
-87
-90
-56
-12
-5
-39
-60
-35
12
33
5
-29
-34
-10
25
41
31
2
-9
22
72
102
79
45
39
61
79
76
65
71
107
146
144
101
60
64
106
134
115
69
38
42
70
87
69
18
-21
-3
52
84
52
-3
-23
6
33
10
-40
-84
-79
-36
12
28
-20
-71
-81
-47
-24
-52
-103
-126
-90
-36
-14
-40
-88
-106
-94
-75
-72
-99
-125
-108
-65
-31
-34
-66
-91
-82
-47
-20
-18
-30
-37
-35
-35
-43
-46
-49
-53
-59
-54
-36
-21
-9
4
13
6
-11
-9
5
15
3
-17
-9
30
67
85
84
73
66
61
58
57
57
61
100
160
189
150
71
37
71
117
121
80
46
44
67
92
88
49
5
-11
24
67
48
-18
-53
-10
57
84
51
-30
-93
-106
-63
-8
-7
-52
-90
-75
-29
-8
-30
-76
-102
-88
-41
-11
-35
-91
-123
-103
-63
-59
-93
-107
-87
-56
-40
-44
-62
-84
-81
-47
-6
-2
-34
-58
-57
-49
-52
-68
-67
-43
-13
8
8
2
-11
-21
-20
-8
5
11
5
5
14
16
10
15
31
42
53
55
66
77
63
40
33
59
109
146
147
108
53
48
102
153
134
55
7
33
97
117
75
9
-25
10
85
126
93
15
-22
16
62
42
-28
-71
-54
-9
18
4
-37
-68
-63
-34
-18
-38
-72
-83
-60
-32
-36
-64
-93
-101
-96
-91
-92
-99
-95
-68
-37
-31
-53
-75
-82
-80
-68
-57
-50
-44
-41
-40
-46
-61
-70
-64
-46
-25
-18
-16
-18
-15
-12
-11
-7
-11
-8
-4
2
10
14
30
31
30
36
40
48
39
25
27
44
64
69
67
85
129
157
128
64
29
55
110
130
103
57
32
63
114
128
71
-16
-48
12
97
117
62
7
-2
26
52
42
-7
-69
-95
-66
-9
16
-7
-41
-57
-47
-38
-43
-53
-68
-81
-80
-61
-47
-66
-99
-112
-93
-66
-53
-46
-46
-64
-79
-73
-53
-41
-45
-55
-47
-37
-45
-53
-51
-36
-20
-18
-17
-22
-25
-34
-45
-38
-25
-10
7
21
17
6
-1
2
17
13
-1
-1
14
43
59
53
31
14
11
31
49
40
24
33
79
121
121
77
36
41
80
118
117
74
31
27
74
115
96
38
-6
6
54
82
46
-22
-51
-23
34
59
24
-37
-65
-33
11
17
-20
-70
-85
-52
-17
-19
-57
-90
-85
-54
-38
-63
-98
-107
-73
-26
-12
-37
-69
-80
-68
-49
-46
-55
-61
-49
-29
-17
-27
-41
-43
-30
-13
-12
-29
-39
-24
-7
-4
-13
-19
-1
16
17
8
-4
-7
1
21
34
28
17
10
19
27
23
19
20
35
51
58
43
26
16
21
46
69
75
68
66
68
75
81
67
50
41
47
62
73
67
56
44
26
14
14
10
-5
-16
-20
-22
-28
-38
-37
-19
-2
2
-5
-23
-43
-56
-58
-49
-42
-44
-48
-47
-40
-35
-41
-55
-65
-67
-63
-53
-44
-43
-41
-29
-6
3
-11
-36
-52
-44
-30
-21
-16
-8
3
16
18
6
-6
-23
-28
-15
-5
-2
-2
1
10
12
8
2
-3
-2
19
35
33
23
12
17
21
25
19
17
21
16
11
14
22
28
27
25
41
52
48
35
28
31
30
27
30
45
50
44
38
33
28
22
18
17
16
5
-6
-7
-5
-8
-14
-18
-18
-14
-17
-24
-24
-17
-16
-21
-25
-30
-32
-40
-42
-30
-25
-25
-22
-13
-4
-7
-26
-44
-50
-52
-54
-46
-27
-17
-14
-8
2
0
-14
-26
-20
-4
0
-2
-7
-3
6
-3
-9
-8
-7
2
16
21
12
-3
-14
-10
10
13
8
8
8
10
9
11
15
16
15
12
17
17
6
-2
-1
9
16
20
22
22
14
6
11
25
32
26
19
20
21
10
8
18
23
15
3
2
5
2
-1
-2
-8
-13
-13
-4
6
5
-13
-24
-21
-15
-8
0
2
-5
-17
-20
-12
-3
1
-1
-6
-9
-9
-8
0
1
-7
-9
-8
-2
4
-4
-19
-25
-18
-2
10
11
7
-1
-18
-26
-19
-12
-12
-9
-9
-6
5
21
25
16
-4
-17
-11
-5
1
9
12
-1
-11
-12
-6
0
-4
-2
4
5
8
13
10
1
-9
-16
-10
1
3
1
0
7
21
24
13
4
-4
-7
-3
9
10
8
2
1
7
9
4
0
12
11
-3
-15
-18
-9
5
15
9
8
5
3
4
1
-10
-19
-18
-14
2
17
16
5
-4
-5
-6
-15
-21
-7
4
12
13
7
3
0
-1
2
6
2
2
-1
-2
6
-2
-10
-6
-2
-4
1
1
0
7
17
21
18
16
11
6
-3
-8
-9
-6
-2
0
5
7
2
1
-2
-9
-10
-12
-12
-12
-9
3
12
11
1
-3
-4
-9
-7
1
5
-1
-14
-17
-10
-11
-24
-32
-24
-16
-13
-6
4
13
1
-20
-32
-32
-27
-25
-21
-10
-2
-6
-6
5
7
-7
-19
-15
-7
-1
-2
-9
-8
-4
-6
-1
10
15
14
12
15
17
18
15
11
10
9
13
21
23
20
10
-1
2
7
7
10
14
12
11
9
6
8
5
3
8
10
10
5
1
-1
-7
-1
-1
-20
-21
-11
-5
-2
7
10
-11
-24
-11
-9
-16
-10
-10
-11
-3
6
11
6
-6
-11
-10
-10
-5
-4
-8
-10
-16
-18
-11
-10
-14
-19
-19
-13
-9
-10
-14
-18
-26
-31
-23
-16
-16
-17
-15
-16
-12
-7
-4
-1
1
0
-5
-9
-10
-12
-12
-8
0
10
12
8
8
13
18
14
6
6
0
-7
-3
0
-4
1
3
0
5
8
6
5
3
3
6
10
1
-3
5
12
14
14
8
3
3
6
15
18
12
4
3
2
1
-4
-10
-9
-6
2
15
20
15
7
-3
-11
-5
2
0
-7
-5
5
10
7
3
1
-6
-14
-21
-18
-8
-5
-1
2
-1
-12
-23
-26
-24
-20
-22
-23
-17
-11
-8
-2
-2
-6
-10
-16
-17
-3
4
-2
-10
-7
5
6
7
5
2
2
-2
-1
10
14
5
-5
-9
-4
4
2
-1
2
-1
-5
0
9
15
12
7
10
18
25
20
13
13
11
6
8
6
5
6
0
-2
5
10
10
6
0
3
4
1
4
7
6
4
3
4
5
6
7
10
13
10
2
-9
-11
-11
-8
-6
1
5
4
2
-5
-11
-14
-15
-13
-10
-15
-16
-11
-9
-5
3
6
1
-8
-14
-10
-11
-13
-9
-1
3
3
2
-4
-6
-8
-9
1
16
20
15
15
20
20
11
4
-2
-2
-1
-3
7
13
11
8
5
4
-2
-11
-13
-8
-2
3
6
5
4
3
1
4
5
-1
-9
-9
-2
4
10
12
13
7
-1
-2
1
4
1
1
7
8
7
6
4
11
16
16
14
7
0
0
1
7
13
12
7
0
-4
-4
-6
-14
-11
-8
-7
-3
1
2
3
-3
-11
-13
-14
-10
-1
9
15
12
4
-6
-11
-14
-16
-13
-8
-2
-2
-7
-5
-6
-11
-9
-3
2
2
0
5
8
7
7
6
7
1
-5
-2
0
4
5
3
5
4
3
5
2
-8
-20
-16
0
7
3
-1
-7
-7
-5
-1
2
-3
-9
-10
-6
2
3
-1
-1
1
8
15
12
4
-2
4
12
13
12
8
1
-1
7
17
21
19
14
9
8
7
6
8
8
8
8
5
-2
-3
1
5
3
3
3
1
0
-2
-4
-4
-6
-9
-6
-1
2
3
-4
-3
2
0
1
0
-5
-3
-2
-4
-2
-4
-7
-7
-4
-9
-11
-7
-5
-5
-5
-3
-3
-6
-5
-3
-3
1
3
4
6
4
-1
-6
-11
-11
-12
-15
-16
-15
-11
-5
7
16
16
7
-6
-11
-7
-4
-1
3
5
9
16
15
12
10
6
7
5
0
-1
-1
2
8
11
8
0
-8
-11
-8
-2
3
6
4
4
5
6
7
10
10
12
13
6
7
7
0
4
10
5
3
3
2
9
11
6
7
3
1
8
8
12
16
12
11
12
7
5
8
7
3
0
-6
-5
-2
-2
1
4
-1
-7
-11
-11
-11
-9
-5
-5
-9
-17
-19
-12
-13
-12
-12
-15
-16
-16
-17
-16
-14
-13
-9
-4
-2
-2
-6
-7
-5
-5
-3
-1
2
3
-2
-7
-3
4
8
11
7
3
5
3
5
6
-2
-5
-5
-2
7
7
1
-1
0
4
9
9
9
8
3
6
10
11
5
2
4
12
13
13
13
10
8
5
6
7
9
11
6
7
8
5
-2
-10
-8
-1
-1
0
3
2
1
3
-1
-5
-6
-7
2
5
0
0
2
1
-2
-7
-10
-11
-18
-19
-11
-5
0
0
-3
-1
-4
-14
-17
-13
-10
-6
-6
-13
-13
-12
-9
-4
0
-3
-2
0
-3
-6
-8
-11
-8
-9
-3
3
-5
-9
-11
-20
-19
-15
-16
-11
-7
-4
-2
-1
-1
-1
-6
-9
-8
-4
-2
-1
3
6
8
6
1
-1
0
-1
2
9
11
13
14
12
9
11
14
18
21
18
12
7
4
3
8
10
9
5
-3
-5
-1
1
3
5
-1
-5
-4
-5
-6
-2
2
4
1
-6
-11
-13
-16
-12
-9
-8
-6
-1
0
-4
-7
-7
-7
-7
-9
-11
-11
-12
-15
-12
-6
-9
-8
-6
-4
-1
1
-1
-4
-7
-8
-2
-4
-10
-10
-13
-15
-10
-3
-2
-6
-5
-4
-1
-3
-5
-3
-3
2
1
-5
-3
-2
-3
0
4
-1
-3
-7
-11
-3
7
7
1
0
5
9
10
7
6
5
9
12
13
13
5
0
6
12
16
15
11
13
11
10
9
5
1
-2
-4
-4
-1
-1
-7
-9
-9
-11
-13
-13
-11
-3
-2
-1
0
-5
-8
-12
-14
-7
-4
-5
-2
1
-1
-7
-10
-9
-6
-5
-6
-6
-6
-1
2
1
0
-1
-1
-4
-9
-11
-16
-16
-9
-2
2
1
-4
-11
-11
-13
-12
-10
-8
-6
-7
-12
-14
-9
-7
-1
-3
-8
-7
-6
-5
-3
0
5
1
-4
-1
3
3
3
6
8
13
12
12
14
7
0
-1
6
10
11
12
7
3
8
15
17
15
14
7
-1
-4
-4
-3
-2
-7
-9
-5
-3
-2
2
4
6
1
-4
1
-2
-9
-9
-7
2
12
9
2
-2
-13
-28
-38
-35
-26
-14
-6
2
9
7
1
-5
-9
-17
-16
-6
-1
4
11
11
1
0
10
16
16
12
3
-6
-24
-42
-43
-35
-26
-18
-11
-10
-23
-46
-62
-54
-22
16
57
86
72
5
-84
-166
-166
-40
182
354
661
883
611
94
-201
-485
-1056
-1096
-524
-152
-27
624
1123
608
-8
-35
-325
-1029
-945
-240
-31
-10
575
965
560
119
81
-120
-559
-617
-259
2
73
245
496
467
117
-114
-70
-178
-455
-382
8
94
-64
146
443
198
-158
4
139
-217
-381
-2
128
-125
-40
338
298
-21
-23
73
-47
-234
-198
47
223
115
41
269
298
-179
-322
75
13
-421
-150
413
125
-263
120
339
-217
-397
121
147
-279
-110
330
117
-225
-26
120
-146
-243
11
134
26
38
174
172
-2
-107
-64
-74
-176
-159
13
97
41
55
170
132
-51
-53
25
-112
-257
-120
15
-72
-58
146
207
68
74
162
28
-167
-148
-87
-189
-177
20
113
84
154
211
99
-8
-31
-98
-175
-112
-37
-3
76
150
121
69
46
-20
-75
-88
-54
-17
13
41
71
86
33
-1
-8
-44
-83
-41
29
24
32
89
80
24
19
24
-29
-58
-23
-12
-35
-1
65
70
34
56
69
-15
-77
-62
-80
-130
-73
26
64
79
130
125
32
-48
-92
-137
-168
-119
-22
59
111
155
136
71
-5
-94
-150
-151
-123
-75
21
108
126
88
70
35
-83
-172
-143
-102
-95
-33
94
155
112
88
86
-16
-160
-151
-81
-103
-82
74
157
86
84
135
41
-84
-53
-30
-114
-101
30
65
20
71
146
95
12
3
-2
-72
-110
-33
19
4
9
88
115
31
-5
12
-26
-103
-64
26
19
-11
49
117
55
-19
-9
-13
-94
-93
-3
31
-2
23
96
63
-18
-24
-2
-47
-68
-22
2
-3
21
64
45
12
2
-16
-47
-58
-51
-52
-33
-4
20
35
42
26
-4
-28
-53
-70
-66
-44
-29
-1
25
26
18
7
-16
-27
-20
-24
-22
-12
8
15
5
-3
-12
-27
-28
-14
0
19
15
16
33
42
25
7
8
-1
-16
-2
28
30
20
34
48
28
10
23
14
-9
2
24
13
2
17
12
0
5
19
14
-1
8
12
3
2
2
-7
-2
9
7
0
2
2
-16
-22
-12
-16
-38
-28
-3
-6
-9
0
1
-6
-10
-15
-13
-18
-16
-2
14
10
-8
-13
-7
-18
-31
-17
0
4
0
4
2
-16
-33
-28
-13
-15
-17
0
21
15
9
6
0
-7
-11
-5
5
6
-3
10
22
18
7
7
23
10
-8
-1
16
4
-2
16
22
1
-8
14
14
-4
-7
11
16
1
4
14
14
4
12
15
10
3
-2
-1
-1
7
9
9
9
10
10
7
7
1
-6
-5
-1
-5
-4
3
7
4
9
15
10
3
-3
-10
-12
-7
-3
0
4
11
12
3
-1
-2
-7
-13
-14
-12
-6
-6
-7
-2
-7
-21
-24
-15
-14
-23
-22
-10
-10
-9
-3
-9
-21
-22
-17
-16
-16
-10
-2
3
0
-2
-1
0
-1
0
-3
-3
4
7
8
7
7
4
-1
-7
-3
2
-2
-10
-3
5
12
16
17
16
7
0
4
14
15
10
7
18
23
19
23
26
16
5
11
19
13
6
14
14
7
9
12
11
10
6
12
22
20
10
2
1
-1
-6
-5
1
1
-3
-6
-7
-8
-10
-13
-15
-12
-9
-17
-16
-6
-1
-4
-4
1
-8
-18
-20
-17
-21
-23
-16
-5
-3
2
6
-3
-15
-19
-27
-27
-24
-22
-11
-5
-6
-3
2
4
-3
-10
-11
-7
-6
-5
-4
-5
-2
-1
-4
0
1
-2
-5
-2
0
-4
-3
2
0
-2
-2
-1
6
12
14
22
25
16
11
15
14
14
16
16
21
18
20
24
20
9
6
10
11
11
7
13
21
20
14
13
13
7
-3
-3
2
2
3
6
9
13
11
7
8
5
2
-1
-3
-4
-5
-2
3
-2
-4
-8
-12
-13
-17
-15
-14
-12
-10
-11
-11
-8
-11
-18
-17
-12
-9
-9
-4
3
3
-4
-5
-4
-5
-12
-13
-9
-10
-6
2
5
2
1
2
-4
-5
-2
-4
-2
1
5
10
10
5
4
0
-5
-1
2
-3
-4
3
7
6
3
8
10
8
8
9
8
7
8
12
14
21
26
24
22
23
16
10
13
12
12
13
14
18
22
14
9
14
11
3
2
5
5
1
-3
2
1
-5
-5
0
3
-2
-2
0
4
4
2
5
7
-2
-6
0
6
-2
-9
-2
4
-1
-6
-5
-2
-4
-7
-3
0
-4
-9
-6
0
-1
-8
-11
-9
-15
-15
-11
-9
-6
0
-2
-6
-2
-6
-12
-11
-2
-2
-4
6
11
5
-2
-4
-3
-1
-5
-1
1
-3
-3
2
2
0
1
4
10
8
1
4
5
4
6
9
5
5
9
12
13
17
15
9
7
12
17
21
28
47
69
47
-1
-38
-46
-42
-30
9
50
54
31
22
17
-7
-36
-35
-16
-17
-21
1
34
35
14
1
-3
-19
-34
-25
1
15
9
7
18
18
0
-11
-5
-13
-31
-34
-16
3
5
11
27
21
-8
-17
-8
-7
-21
-23
-15
-13
-9
3
19
20
2
-8
-12
-18
-25
-26
-11
-6
-13
-8
7
14
6
0
-3
-9
-16
-16
-11
-6
-3
-5
1
12
13
9
13
11
0
-6
-8
-5
2
5
14
23
18
13
9
13
17
12
8
13
17
12
12
20
26
18
9
7
6
3
-1
4
8
8
7
11
14
9
0
-4
0
-5
-10
-5
0
0
-2
0
0
-2
-7
-5
0
0
-7
-12
-10
-12
-18
-17
-6
0
-5
-8
-4
-1
-6
-13
-14
-10
-16
-18
-5
4
0
1
6
5
-5
-12
-13
-15
-16
-10
4
11
6
4
9
2
-11
-13
-9
-7
-16
-15
1
6
2
5
10
5
-3
-5
-1
-3
-5
1
13
15
7
3
3
0
-3
-1
-1
-3
-2
2
7
9
8
9
11
5
2
4
9
11
13
17
18
15
12
8
6
7
5
6
11
15
14
10
6
1
-4
-8
-11
-11
-4
0
2
5
5
1
3
3
1
1
0
-4
-8
-8
-5
-1
3
-2
-4
-2
-8
-15
-14
-13
-14
-20
-20
-11
-12
-13
-11
-13
-17
-16
-9
-5
-1
0
-1
-4
-5
-4
1
6
4
3
4
3
5
11
10
10
11
8
9
8
9
9
11
10
9
9
7
4
4
3
1
6
11
12
11
10
9
3
0
-4
-3
0
2
4
3
3
3
0
0
-1
-6
-8
-5
-2
-2
-2
1
7
8
2
-6
-9
-8
-9
-15
-18
-10
-4
-4
-4
-5
-5
-7
-5
-3
-11
-17
-13
-5
-5
-6
-6
-6
-6
-8
-3
5
2
-4
-6
-5
-3
-6
-1
5
0
-5
0
4
4
6
11
10
2
-4
-2
4
2
-4
-3
-3
2
6
5
5
4
2
3
3
-5
-6
-1
3
-3
-8
-5
-3
0
0
0
1
-1
-2
1
4
6
5
3
8
6
0
2
7
1
-2
-2
1
6
5
6
15
13
8
10
12
9
5
7
10
11
6
6
10
12
5
2
3
-2
-8
-8
-6
-5
-4
-7
-4
-3
-7
-7
-5
-5
-6
-5
-1
3
-3
-9
-6
-8
-10
-5
-1
-6
-9
-7
-6
-9
-17
-15
-9
-8
-11
-12
-11
-17
-22
-15
-9
-7
-6
-5
-1
-1
-4
-4
0
-2
-5
-5
-6
-4
-3
0
0
-2
0
3
10
13
8
4
5
7
5
4
6
11
10
9
11
9
10
13
9
10
11
10
11
8
6
3
-1
-1
1
-2
-5
-4
0
3
7
9
9
6
6
10
9
3
4
14
21
19
16
14
10
4
2
4
7
8
5
9
8
5
5
5
2
2
2
3
3
-1
-4
-4
-2
-3
-8
-11
-9
-9
-9
-10
-7
-4
-4
-4
-3
-5
-11
-15
-15
-13
-16
-16
-12
-11
-12
-11
-10
-13
-18
-16
-16
-16
-15
-17
-17
-14
-16
-19
-18
-14
-12
-9
-3
0
-1
-3
-8
-8
-3
-4
-4
-1
2
2
-1
2
3
1
-2
-4
-4
1
7
10
10
10
10
10
9
10
11
8
6
9
15
21
23
22
18
14
10
10
14
14
16
16
15
13
14
16
11
8
7
1
2
-1
-1
2
0
-3
-4
-5
-4
-3
-7
-6
0
-2
-5
-5
-8
-10
-10
-13
-15
-17
-15
-11
-8
-10
-10
-10
-13
-14
-12
-10
-9
-9
-10
-8
-3
-7
-10
-11
-14
-13
-8
-9
-7
-7
-11
-7
-2
-2
-2
-2
-2
-4
-4
-5
-5
-1
2
3
3
0
-3
-2
-5
-6
-4
-5
-4
3
2
0
-2
-2
-1
0
-2
-4
-2
2
4
7
9
13
14
12
9
7
6
6
7
6
4
7
9
8
10
12
8
10
10
7
7
9
8
9
7
3
-2
-1
2
3
6
11
11
10
7
0
-6
-8
-8
-7
-2
3
3
0
-1
-3
-4
-3
-7
-10
-8
-5
-6
-8
-6
-2
-5
-9
-11
-10
-12
-16
-17
-15
-13
-11
-5
2
0
-4
-6
-6
-4
-6
-6
-2
-1
-4
-4
-2
-4
-5
-2
0
-3
-6
-9
-7
-3
-1
0
4
7
7
9
8
2
-4
-1
4
2
2
8
8
5
4
5
2
-2
-7
-3
5
6
7
6
4
2
-1
-4
-1
4
7
9
12
15
14
10
10
11
13
12
11
15
15
15
9
2
3
3
4
6
6
4
7
8
6
4
4
1
-4
-6
-8
-7
-3
-1
-2
1
5
3
-3
-8
-5
-9
-21
-22
-16
-14
-12
-8
-8
-11
-16
-12
-7
-7
-8
-8
-10
-7
-2
-3
-7
-6
-8
-6
0
-1
-2
0
0
-6
-9
-6
-2
1
-4
-6
-1
3
-3
-4
1
2
-2
-4
-5
-6
-5
1
5
4
3
5
6
8
9
10
12
14
15
10
13
12
12
11
13
15
13
13
11
7
6
11
15
12
9
7
2
0
-1
-10
-8
-3
-7
-9
-7
-9
-7
-8
-13
-10
-8
-10
-10
-10
-9
-7
-5
-2
-2
-4
0
1
-3
-2
1
2
1
3
5
4
0
-5
-9
-9
-6
-7
-7
0
-4
-5
1
-2
-7
-10
-11
-12
-14
-15
-11
-7
-6
-6
-3
0
-2
-5
-8
-8
-10
-9
-4
0
-1
-3
0
0
3
6
6
3
2
1
4
4
2
7
10
10
13
11
5
7
6
5
5
7
6
8
9
6
3
4
6
6
7
9
8
6
5
7
8
7
8
7
3
2
-2
-8
-8
-7
-9
-2
2
1
-1
-4
-7
-12
-10
-10
-10
-8
-6
-6
-3
-2
-5
-2
-7
-8
-6
-5
-6
-5
-3
-4
-4
-4
-6
-8
-8
-7
-3
1
-2
-7
-9
-6
-7
-10
-9
-9
-10
-8
-4
-1
-2
-5
-4
2
0
-9
-9
-5
-6
-4
-1
-1
2
4
4
5
6
6
9
9
8
2
1
8
12
13
11
10
11
7
3
2
2
5
7
8
9
9
11
11
10
9
8
8
12
10
5
3
5
10
8
7
7
2
2
3
0
-1
-4
-4
-2
-1
-1
0
-2
-2
2
5
4
2
0
0
5
7
4
1
-3
-2
2
5
6
1
-4
-6
-5
-6
-9
-11
-13
-15
-13
-7
-7
-8
-6
-5
-8
-10
-13
-14
-13
-17
-13
-10
-6
-4
-4
-5
-7
-5
0
0
-1
-2
-1
0
-5
-5
3
4
2
1
2
1
0
-2
-1
3
4
4
5
7
4
-1
-4
-4
0
6
10
12
13
9
4
2
5
6
8
7
3
0
0
6
8
9
7
6
9
7
6
4
2
3
4
4
3
7
8
3
-2
-2
1
-2
0
4
6
7
1
6
8
8
10
10
9
7
3
2
4
8
9
10
10
6
1
-2
-6
-5
-2
-3
-7
-8
-6
-10
-12
-13
-9
-10
-11
-8
-8
-7
-7
-8
-10
-13
-13
-8
-3
-1
-3
-5
-9
-13
-11
-13
-15
-13
-10
-9
-6
-4
-7
-10
-13
-14
-11
-10
-9
-6
-1
0
4
4
3
1
0
4
5
6
9
10
12
12
13
15
16
15
14
8
9
11
8
8
9
10
10
7
7
5
3
3
7
8
8
10
10
12
11
8
6
8
8
7
4
2
2
3
4
0
-3
0
4
0
-4
-2
-2
-2
1
-2
-9
-12
-10
-7
-9
-9
-12
-17
-14
-13
-10
-8
-8
-5
0
0
-4
-3
-5
-6
-3
-5
-3
1
0
1
4
-1
0
3
1
-1
-3
-3
-5
-4
-1
1
-1
-5
-5
0
2
-3
-4
-3
-2
2
2
-1
-5
-8
-3
3
6
3
7
9
6
7
8
7
7
7
4
6
7
8
8
10
11
10
11
12
12
9
6
7
8
5
2
1
3
7
8
6
4
6
11
15
12
6
2
-2
-5
-5
-3
-4
-3
-2
-2
-4
-7
-8
-6
-8
-7
-8
-13
-13
-9
-9
-8
-8
-11
-15
-17
-20
-16
-11
-10
-9
-9
-5
-3
0
0
-3
-2
-4
-6
-5
-8
-5
-2
-1
3
3
0
-3
-2
1
1
2
3
6
7
6
8
9
2
-4
-2
-3
-2
1
2
2
4
6
7
7
6
7
10
7
8
8
9
11
15
12
12
14
13
10
8
10
8
9
12
11
7
9
11
10
11
8
3
0
0
-1
-4
-4
-4
-7
-6
-5
-5
-2
-6
-9
-6
-4
-8
-7
-5
-6
-9
-10
-12
-9
-8
-13
-10
-6
-5
-4
-4
-6
-9
-9
-9
-9
-11
-14
-12
-10
-12
-12
-12
-12
-11
-12
-10
-11
-13
-10
-4
0
-1
-5
-5
-3
-7
-7
-7
-4
1
3
3
1
0
0
-3
-6
-4
0
8
10
9
8
7
9
9
9
8
5
4
4
6
13
16
15
16
17
16
13
12
13
14
16
15
17
21
15
11
13
14
11
10
12
9
7
8
9
6
4
5
3
0
-3
-7
-7
-7
-9
-9
-4
0
-1
-2
-2
-5
-7
-6
-2
-7
-9
-10
-11
-9
-11
-15
-15
-19
-17
-13
-15
-14
-11
-9
-14
-14
-11
-11
-12
-12
-5
-5
-9
-10
-9
-6
-5
-3
-1
2
5
8
7
4
6
10
4
3
4
4
5
8
11
12
10
8
8
10
5
1
3
4
7
8
6
4
6
6
5
6
7
12
14
13
15
11
11
11
5
11
10
6
7
5
5
6
4
5
6
6
10
10
7
4
2
3
2
3
4
3
3
1
0
1
2
1
1
-4
-6
-1
-5
-10
-9
-11
-7
-4
-5
-5
-6
-9
-7
-6
-7
-9
-10
-11
-9
-8
-10
-12
-10
-6
-7
-4
-2
-7
-9
-4
-2
-1
1
0
1
2
1
1
-3
-8
-7
-6
-7
-6
-3
2
4
4
1
0
1
-1
-6
-4
-1
-2
-5
-1
3
6
5
4
3
2
5
2
4
9
9
12
12
11
11
9
10
8
7
8
10
9
4
8
11
7
5
4
4
1
-1
0
4
6
2
-2
4
5
3
-5
-11
-6
-2
-3
0
-1
-3
-2
-7
-13
-11
-5
-3
-4
-6
-9
-10
-7
-5
-8
-9
-9
-11
-11
-11
-10
-5
-7
-10
-7
-5
-7
-10
-10
-3
0
-6
-5
-1
-6
-5
-2
-1
0
1
-3
-1
1
-2
-3
-3
0
0
-1
-3
-4
-1
1
-1
-4
-1
8
7
4
4
4
5
5
4
2
0
-3
-3
0
1
2
2
5
8
6
8
8
7
6
7
8
8
5
4
8
11
10
7
7
10
8
9
9
7
6
5
2
2
3
4
5
1
-4
-5
-6
-10
-10
-8
-11
-12
-12
-11
-11
-10
-12
-11
-9
-8
-6
-6
-6
-4
-5
-5
-4
-6
-7
-5
-2
-4
-6
-5
-5
-1
0
-1
1
3
1
0
3
2
3
2
0
-3
-2
-2
-5
-6
-3
-3
-1
-2
-5
-5
-6
-5
0
-1
-1
2
-1
-3
-1
0
4
6
4
6
8
5
2
0
-1
0
3
5
8
11
10
11
13
9
6
5
5
7
10
8
3
3
5
3
4
4
3
3
4
5
8
6
4
6
10
11
8
7
9
10
8
7
6
2
-2
-1
-1
-2
-2
-4
-2
0
-1
-5
-5
-5
-7
-10
-11
-10
-11
-11
-11
-13
-12
-7
-7
-8
-10
-16
-13
-10
-8
-8
-9
-7
-4
-1
-1
-2
-3
-5
-6
-1
5
5
2
1
-1
-2
-7
-9
-7
-5
1
-1
-2
1
6
6
5
6
5
9
9
4
-1
-2
1
4
4
3
5
5
8
11
9
6
6
6
6
7
5
7
10
3
1
0
3
6
5
4
6
4
4
4
8
6
2
4
6
2
-2
-1
-1
1
4
6
2
-3
-8
-9
-8
-8
-6
-6
-4
-2
-7
-7
-7
-8
-7
-2
-1
-7
-11
-8
-4
-5
-6
-6
-5
-2
0
-5
-4
-5
-8
-6
-6
-9
-5
-4
-5
-2
1
3
2
1
2
0
-5
-6
-6
-4
-5
-2
0
-1
-5
-4
-2
-2
-2
-6
-5
-2
-8
-11
-5
-1
-2
-1
0
0
1
3
2
6
9
12
13
11
11
11
12
11
11
7
9
10
5
8
9
8
7
9
10
7
5
