11
9
6
7
6
4
7
11
5
1
2
0
0
2
4
0
-5
-7
-8
-9
-9
-9
-9
-8
-7
-9
-15
-20
-20
-20
-15
-14
-16
-13
-9
-11
-10
-11
-11
-11
-12
-9
-5
-3
-4
-7
-4
-1
0
-2
-4
-4
-4
-2
1
0
-2
-3
-8
-6
-4
-6
-6
-5
-3
-1
2
1
1
8
13
13
12
10
10
11
13
9
5
6
8
8
8
8
10
11
16
18
17
16
14
9
7
8
12
16
17
13
10
7
5
1
-1
0
-1
-1
-2
-1
-3
-3
-3
-2
-1
-4
-4
-3
-6
-4
-2
-3
-4
-6
0
0
-8
-8
-7
-8
-4
-5
-6
-3
-5
-5
-2
-6
-9
-9
-14
-13
-9
-6
-4
-10
-12
-9
-9
-8
-6
-10
-10
-9
-12
-9
-3
-2
-2
-5
-6
-10
-11
-8
-10
-9
-4
-2
-1
-1
-6
-7
-5
-8
-10
-3
-1
-1
4
6
5
6
6
7
12
11
12
15
14
16
17
15
14
15
15
13
13
14
11
11
14
12
11
10
5
5
4
-1
1
5
4
4
0
2
4
3
7
8
4
-1
-5
-8
-8
-7
-6
-4
-1
-1
0
-2
-3
-5
-3
-1
-6
-6
-4
-2
1
-1
-1
3
-1
-4
-4
-6
-7
-4
-7
-8
-10
-7
-4
-7
-9
-9
-9
-11
-11
-10
-8
-7
-1
3
1
1
-3
-1
2
0
-1
-2
-1
-5
-6
-2
0
1
0
2
5
2
4
0
-3
3
7
7
10
6
1
0
3
3
7
6
6
9
8
4
1
3
4
5
10
12
12
14
13
14
16
13
19
11
5
19
8
8
13
-4
8
7
-3
1
-2
-6
-1
3
-2
6
-2
-10
-4
-1
1
6
0
-8
-5
-1
6
4
-4
-4
-5
-4
0
0
-3
-8
-11
-11
-10
-6
-3
-5
-10
-11
-5
-1
-6
-9
-9
-8
-4
-3
-3
-3
-3
-8
-11
-8
-8
-8
-4
-4
-6
-8
-5
4
3
1
2
2
3
2
1
0
-4
-6
3
8
7
7
5
4
10
10
12
11
6
4
8
9
7
2
-1
-1
-1
5
6
3
6
7
8
7
4
3
8
10
11
13
12
12
10
5
3
0
0
3
-2
-2
0
-2
-2
1
-2
-2
-3
-3
-6
-11
-6
-7
-7
-4
-4
-5
-4
-3
-5
-7
-7
-5
-4
-7
-6
-3
-3
-5
-7
-7
-6
-7
-11
-14
-15
-14
-13
-11
-11
-14
-15
-15
-13
-9
-6
-3
-2
-4
-2
4
0
-1
-1
-2
0
-1
-7
-5
-1
0
-1
-2
-2
0
-1
-1
3
0
2
9
7
7
9
9
10
12
12
15
15
10
7
6
7
9
14
18
17
16
13
13
11
11
10
7
4
3
1
1
2
0
1
4
5
7
5
4
2
-2
-1
-4
-7
-8
-8
-6
-8
-10
-10
-12
-10
-8
-8
-8
-9
-10
-11
-10
-9
-6
-6
-8
-12
-13
-9
-10
-13
-13
-15
-11
-11
-11
-8
-7
-8
-10
-11
-9
-9
-11
-9
-7
-5
1
3
0
-2
0
7
6
2
3
2
2
5
3
3
2
2
6
7
10
15
17
13
11
13
10
7
6
5
6
7
7
10
14
12
11
15
19
12
9
10
6
5
6
8
7
5
4
5
9
6
3
1
0
-2
-6
-9
-6
-3
-3
1
5
8
12
9
7
3
-2
3
0
-5
-1
-3
-5
-3
-3
-5
-3
-4
-5
-3
-4
-7
-8
-7
-8
-7
-6
-7
-7
-7
-10
-9
-8
-12
-11
-9
-12
-14
-16
-20
-19
-16
-13
-8
-6
-3
-3
-2
-6
-6
-3
-1
2
3
2
3
-1
-8
-3
1
-3
0
-1
0
6
8
6
7
6
3
4
7
5
4
6
6
6
7
9
7
5
6
7
6
7
8
7
9
9
13
14
17
19
14
10
10
11
7
6
12
12
9
6
9
7
3
1
-3
-2
0
1
1
-4
-4
-1
-5
-7
-10
-12
-11
-7
-6
-7
-10
-12
-13
-8
0
0
0
2
-2
-7
-10
-11
-10
-10
-11
-7
-4
-4
-3
-8
-8
-7
-9
-5
-2
-7
-11
-13
-12
-12
-10
-6
-5
-9
-9
-6
-6
-8
-5
-5
-7
-6
-9
-9
-11
-12
-7
-3
-4
-6
-4
-1
0
2
3
3
-2
-2
2
4
7
6
6
12
15
15
15
14
11
11
11
14
16
14
13
12
11
13
14
10
12
12
11
11
10
10
6
-1
-1
1
-2
-4
-2
1
5
3
2
4
1
-6
-10
-8
-6
-7
-7
-4
-3
-3
-4
-3
-3
-2
-3
-7
-12
-12
-10
-13
-16
-16
-11
-5
-6
-11
-11
-10
-12
-11
-7
-4
-2
1
-2
-4
-7
-7
-3
-2
-5
-3
-1
3
5
6
5
3
3
3
2
1
4
3
4
6
5
7
9
7
9
8
4
8
6
5
6
8
7
6
6
1
2
0
-2
1
1
-1
0
3
0
1
-1
-3
-3
1
7
9
9
7
8
7
6
6
2
-3
-4
1
6
8
7
3
5
1
-2
-3
-3
1
-1
-3
-1
0
-1
-1
0
0
0
2
5
2
1
1
-3
-3
-4
-7
-7
-4
-6
-8
-8
-4
-1
-2
-3
-2
-3
-6
-7
-7
-6
-7
-8
-10
-3
1
0
-2
-1
0
0
1
0
-7
-12
-10
-6
-2
0
-1
0
3
7
6
6
7
8
7
6
6
4
0
-2
2
6
8
9
6
3
8
16
13
5
5
5
6
10
5
2
3
5
12
15
9
5
2
1
-1
1
4
0
-3
0
6
7
4
-2
-5
-4
-4
0
-1
0
3
4
7
9
4
-4
-5
-7
-8
-6
-7
-10
-11
-8
-3
-1
-7
-11
-11
-11
-8
-8
-14
-13
-12
-12
-6
-5
-11
-12
-9
-4
-6
-4
-6
-12
-10
-4
-3
-7
-11
-8
-3
-1
-8
-6
1
1
-2
0
1
0
0
-1
5
9
2
1
5
2
6
9
7
7
7
4
5
7
8
8
12
13
14
20
19
13
7
5
8
6
4
4
2
2
4
4
9
10
6
8
13
11
12
8
4
2
3
7
10
6
6
5
3
0
1
5
6
3
0
1
0
-1
-2
-8
-6
-3
-4
-2
-5
-10
-8
-4
-3
-5
-3
-4
-11
-14
-12
-13
-14
-12
-12
-9
-6
-10
-14
-18
-13
-6
-10
-12
-8
-6
-3
-5
-6
-5
-3
-3
-3
-2
-1
-2
-3
-4
4
12
12
7
3
4
7
10
10
4
5
6
8
12
10
3
1
5
6
5
2
0
-2
0
9
11
10
9
10
11
13
10
6
4
2
5
15
17
12
11
12
13
13
12
8
5
1
0
3
3
4
4
4
7
7
3
2
4
2
0
1
4
6
4
0
0
0
0
-1
-7
-7
-3
0
-2
-2
-8
-13
-10
-1
2
0
-7
-15
-11
-3
-1
-3
-7
-8
-12
-9
-4
-3
-5
-12
-9
-2
-2
-5
-7
-10
-9
-7
-9
-14
-15
-13
-7
-4
-4
0
0
-1
0
-1
0
4
6
7
7
4
3
3
2
3
2
2
7
11
11
11
7
4
6
11
15
9
6
4
3
5
8
4
4
7
7
7
2
-4
-3
-3
-3
0
-2
1
6
10
11
10
5
1
2
2
-3
-1
2
1
3
2
-4
-4
-4
-5
-5
-5
-4
-2
2
1
-2
3
4
0
-1
-3
-5
-3
-4
-7
-9
-13
-12
-5
2
-1
-6
-5
-3
-4
-5
-7
-9
-5
-5
-7
-9
-10
-14
-17
-13
-8
-7
-8
-11
-9
-7
-1
5
5
1
1
1
0
-5
-9
-7
-8
-7
0
5
10
12
4
5
4
2
1
-3
-5
-4
0
9
13
9
7
13
12
8
11
14
12
6
6
9
7
4
4
4
6
4
3
5
6
7
4
4
1
-3
-1
2
4
-3
-7
-1
6
8
3
-3
-8
-8
-1
-3
-8
-14
-15
-7
-1
-1
-4
-11
-17
-17
-14
-15
-20
-21
-20
-11
-8
-10
-7
-7
-6
-4
-3
-3
-9
-13
-8
0
5
4
-2
-2
0
2
3
2
-4
-1
6
10
12
7
2
3
-1
3
10
4
0
0
5
12
9
3
2
-2
-1
1
-1
-5
-11
-6
9
15
12
7
-1
1
13
17
15
9
4
5
12
17
13
9
6
9
14
18
14
8
2
6
12
14
9
3
1
6
14
15
8
2
0
2
4
2
-3
-5
-1
2
4
6
1
-7
-11
-10
-7
-11
-17
-19
-19
-16
-13
-9
-13
-16
-18
-16
-12
-16
-17
-17
-19
-16
-14
-11
-10
-14
-16
-15
-12
-11
-11
-4
-1
-2
-2
-2
-1
2
4
8
5
2
3
4
3
6
13
9
8
14
16
14
12
10
6
5
4
3
2
5
10
17
20
20
18
15
15
13
11
9
8
10
11
10
8
5
9
11
9
4
0
-6
-9
-4
3
5
-1
-7
-5
2
4
1
-4
-11
-8
-1
1
-5
-14
-18
-11
-2
-7
-17
-19
-19
-13
-2
-4
-11
-11
-7
-4
-4
-3
-11
-13
-5
3
-2
-11
-10
-1
6
6
-5
-9
-9
-7
-6
-4
-9
-13
-9
-2
-1
-6
-12
-7
-1
5
3
-4
-12
-13
-5
0
2
-2
-5
-3
0
1
-1
-4
-9
-7
4
12
5
-2
-5
1
10
12
9
3
-2
3
12
17
12
7
5
7
15
13
7
1
-2
1
11
13
10
11
11
12
15
10
3
-2
1
9
10
8
3
-2
0
2
4
3
-2
-2
-2
2
0
-5
-8
-12
-8
-6
-10
-14
-13
-11
-13
-15
-14
-16
-13
-11
-12
-10
-15
-19
-19
-18
-23
-24
-16
-11
-7
-7
-11
-9
-3
-5
-7
-10
-9
-5
0
3
3
1
0
0
3
3
1
-3
-2
4
8
8
7
7
5
3
4
6
1
-1
4
10
9
8
5
3
9
14
7
9
11
4
3
9
12
8
4
5
6
8
13
13
11
7
8
16
17
13
10
10
12
15
12
8
3
0
1
5
3
2
-3
-4
1
4
3
-1
-6
-8
-10
-9
-6
-8
-9
-9
-10
-6
-3
-7
-12
-7
-4
-7
-8
-15
-20
-13
-8
-4
-6
-9
-12
-12
-11
-14
-15
-15
-19
-18
-8
-2
-7
-13
-15
-12
-5
-9
-17
-16
-12
-2
4
2
1
-6
-7
-10
-9
-6
-8
-5
1
7
8
-1
-4
-4
2
10
14
12
12
12
12
13
12
10
10
14
14
16
19
18
20
20
17
17
17
19
17
9
6
2
2
7
11
10
7
6
8
11
15
12
5
-1
-3
-2
-3
-4
-2
1
7
9
10
9
3
1
-4
-5
-5
-8
-10
-13
-11
-6
-1
-2
-4
-4
-5
-5
-9
-16
-21
-21
-17
-17
-17
-17
-12
-9
-5
-2
-6
-13
-16
-15
-14
-11
-12
-18
-18
-10
-5
-6
-10
-13
-11
-5
-5
-8
-11
-8
-3
1
0
-7
-8
-1
6
7
2
-5
-5
4
10
13
12
7
2
0
7
14
12
8
8
11
14
18
20
14
10
6
7
16
18
12
3
-7
-1
14
18
13
2
-4
0
7
12
8
-1
-6
1
6
10
4
-8
-9
4
13
12
5
0
-5
-1
10
7
0
-1
-4
4
10
1
-6
-9
-8
-1
3
-2
-9
-13
-10
-1
-2
-7
-13
-16
-17
-12
-12
-17
-19
-15
-3
-1
-5
-14
-20
-18
-11
-3
-3
-7
-9
-7
0
5
7
5
-2
-6
-1
8
7
1
-3
2
13
22
18
8
-1
-2
2
14
15
0
-11
-5
8
18
13
-1
-6
-2
7
17
14
3
-4
-3
4
8
3
-8
-17
-14
4
21
19
5
-3
-1
11
17
12
3
-4
-4
3
8
10
5
-2
1
10
16
18
14
7
4
4
4
-3
-6
-7
2
5
5
7
2
-2
-1
-3
-7
-11
-15
-14
-14
-17
-17
-16
-11
-10
-11
-11
-7
-8
-11
-11
-14
-16
-11
-11
-12
-11
-10
0
6
3
-1
-1
3
10
11
6
1
4
9
14
15
7
3
8
9
13
16
14
12
7
12
22
27
20
0
-21
-23
-11
8
24
34
31
22
20
27
30
22
-1
-16
-19
-15
-4
7
6
-8
-12
-1
14
19
4
-16
-31
-29
-21
-24
-37
-53
-62
-52
-24
-9
-17
-33
-33
-18
-16
-24
-41
-57
-65
-48
-24
-27
-44
-53
-35
-7
4
8
24
43
43
36
30
18
3
-10
6
40
54
41
36
53
77
91
74
39
21
38
82
97
63
20
10
46
103
139
107
31
-11
22
98
126
90
92
224
379
346
63
-247
-302
-110
50
-14
-167
-215
-80
174
354
298
-13
-296
-225
121
284
-32
-491
-604
-339
-48
-14
-145
-260
-265
-123
143
328
191
-136
-262
-51
187
149
-53
-141
-72
8
56
108
106
-2
-100
13
369
684
597
-21
-812
-1126
-665
223
768
512
-238
-680
-256
653
1119
502
-784
-1469
-866
336
813
94
-996
-1301
-500
643
1129
626
-298
-686
-156
656
802
56
-835
-963
-245
562
715
234
-243
-200
273
642
523
48
-310
-239
144
465
430
85
-213
-137
242
493
387
208
300
580
632
242
-353
-719
-586
-32
497
511
18
-386
-163
504
876
502
-271
-751
-621
-125
183
-81
-749
-1198
-948
-204
351
316
-94
-367
-235
151
411
251
-249
-670
-649
-257
108
153
-33
-163
-81
156
367
404
267
79
-23
27
193
381
464
254
-244
-691
-728
-294
272
545
396
103
68
369
675
543
-84
-694
-774
-341
109
129
-210
-508
-437
-31
343
395
136
-124
-104
106
220
65
-261
-488
-455
-208
46
125
53
-8
68
208
223
46
-184
-238
-63
174
282
188
0
-92
-15
137
180
72
5
174
598
951
828
205
-559
-887
-504
214
617
341
-235
-402
90
848
1132
636
-224
-755
-547
61
341
-84
-870
-1233
-856
-66
513
478
70
-245
-151
295
588
352
-285
-771
-690
-252
136
196
-37
-204
-151
87
358
431
310
52
-132
31
526
976
596
-678
-1772
-1666
-331
1036
1280
317
-855
-895
335
1691
1663
-103
-1909
-1963
-292
1269
1041
-560
-1865
-1543
143
1592
1621
270
-1071
-997
272
1273
806
-693
-1683
-1269
70
1007
826
-14
-592
-346
387
812
478
-290
-655
-284
372
635
271
-257
-413
-85
347
405
73
-233
-81
560
1213
1274
535
-590
-1316
-1053
-9
836
689
-204
-804
-358
778
1571
1323
211
-891
-1109
-346
541
524
-475
-1477
-1494
-514
567
887
425
-226
-473
-87
552
736
157
-709
-1072
-680
16
405
327
11
-202
-61
272
496
431
167
-60
-89
151
541
979
748
-625
-1925
-1928
-557
1094
1649
715
-756
-1068
60
1589
2067
354
-2066
-2666
-1028
1026
1360
-137
-1880
-2053
-346
1564
2123
882
-998
-1517
-315
1122
1166
-268
-1698
-1781
-463
1007
1332
499
-546
-768
7
874
921
66
-777
-728
34
728
705
44
-531
-464
175
676
555
122
13
632
1499
1568
416
-1187
-1789
-800
783
1420
565
-783
-1152
-50
1604
2268
1247
-611
-1700
-1115
359
1035
164
-1375
-2098
-1406
49
1123
1056
69
-810
-681
315
1051
678
-456
-1309
-1252
-517
252
561
275
-297
-536
-106
577
810
436
-80
-247
45
581
927
585
-494
-1574
-1672
-618
690
1173
583
-321
-526
270
1318
1445
254
-1315
-1837
-919
364
687
-167
-1220
-1348
-332
1004
1528
844
-313
-811
-277
552
686
-91
-1068
-1360
-738
231
797
658
126
-218
-69
329
486
218
-205
-392
-225
91
253
169
-19
-106
-23
110
149
100
133
486
1164
1618
1105
-376
-1693
-1593
-139
1229
1213
12
-1028
-814
613
2115
2313
799
-1252
-1977
-775
892
1118
-335
-1938
-2208
-1057
520
1414
1073
-151
-1068
-680
619
1326
595
-818
-1572
-1217
-325
412
644
287
-377
-664
-139
696
930
372
-270
-317
181
706
781
218
-770
-1539
-1405
-388
663
896
364
-157
-28
668
1220
948
-113
-1165
-1371
-711
37
136
-418
-967
-861
-15
949
1224
638
-178
-457
-89
324
213
-383
-940
-992
-512
150
550
476
140
-49
80
298
297
43
-233
-290
-104
147
207
6
-228
-247
-27
259
412
323
122
220
939
1796
1635
15
-1848
-2166
-651
1138
1573
536
-775
-1080
68
1930
2859
1661
-847
-2288
-1335
664
1349
105
-1600
-2213
-1487
-41
1276
1578
518
-941
-1188
61
1222
873
-504
-1439
-1358
-734
15
668
740
17
-725
-501
462
1009
648
-23
-320
-115
421
928
701
-548
-1911
-2038
-664
984
1497
658
-506
-735
317
1691
1809
163
-1851
-2327
-974
617
838
-335
-1586
-1600
-224
1474
2052
976
-669
-1242
-358
781
877
-136
-1265
-1552
-823
349
1126
999
205
-445
-343
293
720
519
-62
-483
-457
-92
259
314
104
-99
-96
101
357
481
383
326
772
1591
1767
501
-1478
-2342
-1232
713
1640
896
-546
-1235
-403
1513
2935
2308
-209
-2383
-2111
4
1408
657
-1207
-2324
-2016
-695
878
1731
1095
-581
-1522
-631
952
1296
112
-1200
-1573
-1151
-371
533
1037
510
-588
-919
-45
994
1066
355
-118
135
655
604
-191
-1120
-1432
-777
360
1031
573
-473
-753
241
1654
1923
459
-1485
-2115
-897
653
834
-337
-1635
-1789
-607
1071
1981
1265
-366
-1310
-735
575
1100
281
-1100
-1761
-1176
30
953
1063
438
-320
-534
-19
642
759
244
-440
-696
-357
184
436
246
-92
-240
-124
189
511
597
360
173
648
1622
1926
624
-1544
-2509
-1264
923
1922
1029
-540
-1259
-431
1502
2994
2426
-152
-2434
-2183
48
1589
837
-1139
-2342
-2042
-741
787
1665
1078
-636
-1695
-869
811
1346
260
-1144
-1655
-1310
-535
420
1021
617
-555
-1141
-359
890
1137
454
-48
148
615
366
-352
-925
-999
-532
91
535
76
-556
-248
796
1792
1517
-17
-1478
-1593
-322
612
290
-909
-1905
-1360
39
1310
1714
773
-474
-967
-250
760
829
-26
-1241
-1698
-825
281
776
696
185
-293
-278
284
800
663
68
-479
-643
-241
351
420
208
-171
-177
-72
236
538
578
601
-2166
-727
4886
3932
-61
-2093
-2463
-1307
909
2105
1440
-302
-1641
-601
1744
3305
2632
-310
-2700
-2032
-39
1471
1179
-722
-1830
-2583
-2751
-654
2229
1796
-1778
-3362
-1053
1484
1259
-34
-426
-383
-1076
-1442
426
2783
2035
-1066
-2022
-170
1425
918
201
1365
2371
1223
-781
-872
119
-686
-2541
-2672
-676
136
-1069
-1404
608
2802
1996
-197
-720
195
572
-86
-214
118
-525
-1794
-1642
482
2001
786
-1526
-1958
-379
683
163
-627
-921
-1104
-1465
-1081
656
1659
703
-873
-1267
-8
789
285
-391
-126
364
24
23
929
1607
860
-216
-364
240
575
1048
3275
5699
5371
2047
-691
-792
-348
-1236
-2067
-1303
-999
-2911
-4479
-1513
3778
4801
1052
-1936
-647
1663
1454
550
780
212
-2791
-4546
-1185
3677
3601
-648
-2399
174
2155
686
-802
-83
-424
-3619
-5392
-2114
1991
1345
-2000
-2053
983
2048
567
573
2535
2615
1061
500
1451
1704
-563
-3063
-3394
-1792
-1610
-2792
-2206
-477
268
167
1353
2522
1955
323
-866
-259
543
46
-1578
-2373
-1335
-373
-89
186
351
-305
-1227
-753
740
1149
178
-902
-1239
-666
127
676
511
-123
-478
-651
-396
154
538
391
-295
-270
424
840
1139
1293
934
449
224
-61
-206
69
2194
5724
7226
5284
1113
-1395
-1241
-1658
-3300
-3880
-2652
-2206
-3796
-3434
1657
6357
5424
1109
-736
981
1444
-216
-368
549
-935
-4377
-4198
1471
5509
3106
-1036
-1205
1175
630
-2012
-1818
-561
-2756
-6137
-4767
935
3767
1347
-706
1166
2794
1180
-240
1409
2290
-447
104
2427
1199
-1383
-3610
-3564
-3024
-2454
-2591
-2118
552
967
218
2289
4996
3136
50
-420
-664
-1417
-2116
-1515
-1640
-2872
-2356
-767
1222
2063
540
-967
-913
286
624
-464
-777
-1183
-2275
-1566
359
2144
1731
-217
-288
137
68
-224
-208
-290
-789
-511
694
1570
1852
1722
282
-98
270
38
232
2568
6949
8243
4662
-22
-2044
-1902
-2330
-4163
-4569
-2399
-1131
-2013
-1657
3340
7723
5149
104
-1325
-6
-258
-1795
-767
1073
-347
-3158
-2159
3082
6151
2770
-1944
-2447
-1047
-1882
-3665
-2254
-283
-2378
-4546
-1593
3848
5213
2040
-99
489
142
-1528
-1554
678
1318
-410
1932
4947
2609
-1506
-3496
-3531
-4668
-5527
-4415
-1859
1050
1759
2119
5348
7043
2972
-585
-799
-1931
-4327
-4822
-2284
-1099
-1951
-815
1795
3635
2788
-78
-1468
-1571
-1921
-2165
-1813
-608
-396
-1178
361
3050
3698
1675
-714
-1036
-1315
-2502
-2277
-351
299
-235
825
2838
3609
2805
1660
141
-1290
-2100
-2435
-1503
1885
7028
9726
7312
1997
-1617
-1773
-1729
-4205
-6255
-4633
-1874
-1857
-1819
3414
9120
7319
932
-1689
-100
-449
-3028
-2520
291
32
-2849
-2190
3715
7481
3682
-2088
-2885
-1283
-2787
-5095
-3004
138
-1666
-4305
-851
5297
6000
1647
-646
269
-489
-3161
-2939
859
2409
-336
688
7204
6854
-1429
-5603
-4192
-4732
-7655
-6308
-1395
1974
2619
2622
5677
8485
4398
-2347
-3072
-1643
-4701
-6518
-2373
1645
492
-985
1687
4239
2665
-1209
-3133
-2527
-2533
-3124
-1771
996
1794
271
478
2808
3425
918
-2018
-2289
-2026
-2971
-2669
526
2920
1797
1275
3122
4007
2036
-170
-1416
-2460
-3441
-3248
-969
3882
10235
12174
7760
1230
-2554
-3181
-4148
-6449
-7211
-4865
-1802
-258
1466
6557
10356
6443
-812
-3517
-2201
-2668
-4632
-2471
1584
1329
-813
1146
6648
7634
1423
-4464
-4862
-3502
-4841
-5524
-1590
2170
175
-2192
1875
6984
4812
-1547
-3356
-1593
-2478
-4550
-1996
3560
4739
3732
5561
6029
1424
-4779
-7330
-6639
-6181
-6657
-4946
997
5909
5322
4259
6309
5121
-1195
-4683
-3578
-3251
-4569
-3640
111
2316
2167
1933
2295
2196
-578
-4300
-4989
-2904
-1516
-1290
222
2414
2610
1296
1331
2342
1081
-2693
-4028
-2498
-1857
-1633
-196
2765
3772
3043
2572
1693
1529
313
-2172
-3154
-2618
-2055
-1096
1883
8046
13448
12023
4135
-4434
-6724
-4338
-5075
-7437
-5203
-215
2284
1479
3613
9619
8992
-77
-7569
-6405
-2014
-2631
-3236
2253
6424
3092
-783
2342
7694
3872
-6289
-9582
-4876
-1634
-3382
-2153
4345
5593
-735
-3225
2280
5395
-869
-7566
-4939
541
-46
-1762
2898
8577
5503
2477
5371
2615
-5488
-10606
-8716
-4460
-3087
-2343
326
5797
8216
3414
480
3274
440
-6883
-6555
-1210
76
-1158
1306
4639
2805
-475
-1327
-1655
-1605
-3569
-5717
-2969
1325
2856
1950
2345
2950
119
-2720
-2414
-236
-810
-3281
-1908
1047
1703
1299
2286
3008
768
-1143
-207
139
-264
201
-835
-1102
546
683
484
2309
7180
10872
8119
911
-5972
-7019
-2717
-1804
-4540
-2571
2675
3831
721
1060
6076
5011
-3713
-8394
-4304
737
476
-177
4392
7196
2234
-3097
-969
4233
1378
-7085
-7775
-604
2458
-876
-654
4671
3867
-4231
-6695
-405
3362
-1327
-5529
-1510
3728
2403
-871
2077
6068
3390
-1247
-1034
2490
9
-6098
-5800
-1361
-960
-4162
-2397
3543
4238
-298
-759
2310
2063
-1314
-3194
-609
1440
-726
-2058
649
2591
85
-2953
-1194
1184
-1631
-4173
-2119
1010
988
-509
220
1859
1149
-1377
-1080
1210
606
-1786
-2133
-522
560
-229
-139
2064
2763
1268
-46
761
1578
-354
-2358
-1073
-209
-1426
-339
1829
5859
10988
11186
4007
-5484
-7697
-3828
-2165
-3885
-3144
1027
4676
4043
1266
2867
4177
-1781
-9055
-7314
104
2196
326
3588
8486
5237
-2270
-3715
943
1222
-5352
-8382
-2198
4363
2930
-278
2014
3999
-1842
-8003
-4818
1606
411
-4401
-1617
5130
5094
-412
-878
3624
2823
-1114
941
4282
-729
-7262
-5383
116
525
-3137
-3698
231
3881
2030
-1595
237
2610
-1661
-4250
952
3454
-856
-2337
1900
2474
-1714
-3188
-1412
-238
-1019
-2807
-3098
385
2946
1378
81
1252
767
-1852
-1714
1235
1061
-2482
-2705
-120
1625
883
324
1592
2224
922
-270
22
-117
-288
-706
-552
499
860
-10
871
3301
6823
10453
7906
-1692
-10745
-7447
1638
1412
-4226
-2034
5366
5670
577
-1932
755
441
-6623
-9460
-1274
7246
4519
-194
4805
9308
137
-9986
-5953
3001
1646
-5659
-4235
4509
7298
808
-2859
941
468
-8331
-10638
383
8177
2196
-4542
545
6666
1904
-5138
-2229
2836
2297
782
2646
5949
88
-6839
-5574
-866
-1085
-5923
-4082
3723
6765
1068
-1423
1103
577
-3197
-4207
455
2241
-659
-298
3900
3996
-1332
-6189
-4540
-506
-959
-2735
-1234
3088
3828
1332
817
1004
-1574
-4855
-3327
1168
2510
379
-1182
541
2045
848
-220
-499
209
-337
-630
1743
2779
1640
-137
-805
-562
-292
-121
793
5379
11067
10194
-292
-10195
-7485
1332
3219
-2484
-4585
2169
7036
2496
-3072
-1298
558
-5131
-8557
-159
8992
5153
-2715
536
8018
3620
-8306
-10001
-247
4936
28
-2175
4228
6514
-1956
-7678
-1553
3616
-3589
-10442
-2482
8860
6745
-2369
-2922
1842
-244
-6665
-3573
5146
7417
4582
1330
2541
-9
-6417
-7506
-2802
510
-2978
-2750
4362
8123
1464
-4839
-3528
-1718
-2321
-2223
2027
5012
3031
236
432
810
-2195
-6694
-6117
-37
2807
1181
194
2706
3280
-992
-3369
-2089
-1180
-1777
-678
2900
3941
877
-2262
-3025
-996
31
-427
88
1935
3255
1992
933
813
264
-2077
-2870
-438
1058
1991
2361
4072
9382
11184
2235
-11664
-13300
49
8787
2586
-4554
-962
5490
4032
-2833
-4693
-1607
-2827
-6308
-706
10757
10205
-3526
-8545
1703
7222
-1514
-8705
-2795
4963
2972
-1534
1303
5349
-114
-9302
-6963
4194
5341
-4662
-6763
3083
7230
-16
-3878
554
573
-5804
-5013
4573
9190
2342
-4584
-1786
3807
1874
-4679
-5248
-960
-130
-1110
2131
5040
563
-5601
-3657
2505
2214
-2751
-3578
842
3721
1755
-1122
-1486
-1134
-1874
-1382
1167
2077
-1302
-3806
-87
4519
2891
-2437
-4025
-814
1606
1085
68
217
-876
-1521
118
1542
1018
-1713
-1606
1418
2887
1217
-1003
-554
1760
2109
-200
-901
-449
374
1193
1187
5036
10003
7409
-4007
-12789
-5988
7465
8630
-1591
-6509
-1255
4219
1358
-3305
-720
860
-4603
-6186
3758
11859
3309
-9545
-6363
5275
6010
-2449
-4911
1800
4380
-1774
-3831
2750
5042
-3645
-9453
-246
9399
2742
-7636
-5326
2844
2052
-4261
-2807
4124
2368
-3277
-3047
8573
16829
-3779
-19265
-7315
8934
9407
178
-3222
-5403
-4437
136
3858
3010
-2655
-9821
-5166
12531
11958
-5460
-10372
-2138
3138
2205
298
-1782
-4240
-3085
2739
5748
2970
-4459
-8342
-1498
6836
6386
-1114
-5579
-2979
1568
1615
277
-200
-2948
-3097
1589
6356
3520
-3817
-4458
-188
3633
4375
1180
-1566
-1524
230
932
1133
1474
2250
6639
9753
3551
-9956
-13130
1616
13030
6009
-5931
-5574
1398
1188
-3166
-1392
3405
484
-6724
-3748
7711
8283
-4505
-9639
748
8698
1845
-6148
-1639
4991
646
-5256
136
7419
1814
-9228
-7357
4528
7096
-2124
-5823
1351
3989
-4061
-7383
747
5941
-1108
-5619
898
10550
11576
-4911
-14492
-5012
4972
6985
4804
1222
-6847
-10031
-2179
5867
4920
-1842
-6660
-4191
5859
7927
-1613
-6002
-2182
995
1114
1862
917
-4537
-6743
612
7438
4811
-1739
-5120
-3217
122
2233
1802
-82
-309
-220
-1082
-154
947
-1508
-3818
-1451
3968
4383
-738
-2412
-765
-21
1215
2959
3003
-56
-2062
-1458
709
2932
2060
3556
8558
7252
-5411
-14719
-4785
11422
11626
-1630
-7166
-1338
1111
-3458
-4394
3270
5709
-3383
-7609
2020
9763
1029
-9875
-4200
7896
5895
-4466
-4427
3477
2931
-5533
-4201
7263
9008
-3439
-10985
-2595
6006
796
-5469
559
6702
-554
-9114
-3702
5856
2606
-6367
-3122
5893
10613
5117
-8182
-9272
-2233
2634
6179
7251
1678
-9451
-10637
-464
6633
4145
-1630
-4710
-2064
3800
2063
-2070
-1118
-666
-1674
-75
3512
1617
-5283
-6321
780
5792
3834
-398
-2700
-2999
-2831
-905
2588
3982
1693
-1834
-3274
-966
1332
-882
-2516
254
2665
1566
-504
218
306
-1505
-386
3100
3462
679
-1403
-1535
696
1687
4080
9141
6931
-4607
-13787
-6449
10475
13511
651
-7543
-3230
284
-3674
-4304
4319
6842
-3965
-8720
1613
9981
2191
-9406
-5568
5879
5320
-2970
-2340
4898
2833
-7614
-6549
7413
11215
-1429
-10149
-3050
4417
-983
-5462
2335
7769
-1062
-9951
-3762
6669
3594
-6148
-4203
4629
7881
2373
-3907
-737
-247
-4434
-1417
6429
7262
-2578
-8675
-4164
1681
1816
-326
-274
1049
172
-2802
-1075
2681
815
-3178
-2431
2079
2540
-2250
-4249
-1024
1570
1375
1110
1909
646
-3251
-4421
-1041
2978
3334
545
-827
-569
-1189
-1818
-967
1404
1775
-689
-1039
971
1061
-399
-659
1261
2632
1377
-94
-130
736
-73
1696
8557
9359
-2310
-13341
-7064
8606
11984
691
-6408
-1199
1113
-5205
-6016
4009
8342
-2372
-9528
-72
9504
2376
-9090
-5242
6031
4656
-4655
-2788
6890
5049
-7437
-8534
5419
11071
-309
-8484
-1825
3936
-2727
-7130
2532
9960
815
-9717
-4605
5774
3037
-5848
-3073
5971
5627
-2027
-3829
1144
1461
-3546
-2092
5336
5528
-2707
-6604
-1479
2644
162
-1828
863
2398
-932
-3866
-1598
1818
394
-2561
-1007
2651
2137
-2278
-3540
-176
1470
-345
-524
1799
1292
-2662
-3939
-179
3441
2506
-1063
-1317
339
-554
-1489
-463
1452
1301
-796
-959
1366
1612
-802
-1748
165
3027
2450
130
-227
458
-419
-353
6761
11590
3105
-11340
-12913
2102
12783
6537
-4119
-3866
624
-2608
-6138
834
8650
1844
-9311
-5445
7051
6695
-5569
-8147
2146
6622
-710
-3895
3608
6192
-4234
-10746
-245
11069
5537
-5938
-5017
2581
278
-6690
-1893
8217
5128
-7022
-7803
2630
5620
-3026
-5633
2313
6231
7783
1634
-7773
-7623
-5516
2314
10248
8741
-1647
-10853
-7369
1069
5364
3945
557
-2902
-2523
-311
-395
219
-517
-2223
-1216
3039
4233
-1222
-6479
-5151
-117
2867
4811
3717
-1007
-4782
-5502
-803
4477
4189
375
-1664
-1826
-1925
-837
-50
895
1487
1501
782
-346
53
-955
-1813
144
2692
3356
1483
92
-1427
-1137
5806
10765
3499
-9514
-11158
1908
11346
5654
-3927
-4261
304
-1025
-4508
800
7832
1498
-9871
-6437
7323
8074
-4770
-8353
1746
6420
-1032
-4496
3098
6462
-3263
-10020
-155
11234
5353
-7379
-6249
3554
2537
-5938
-3076
7284
4936
-7175
-8234
3392
6796
-2531
-6972
1732
6660
1235
3363
2764
-5551
-9810
-5108
8722
12461
1419
-9913
-8283
1059
3908
2380
2101
384
-4961
-3901
2072
3468
-404
-4341
-2654
2281
4792
656
-4681
-4905
-1250
1139
1879
4145
2067
-4064
-5684
-1063
4302
4006
-681
-2253
-623
-347
-706
-270
827
231
-566
597
1494
1404
-602
-2649
-929
2901
3090
611
-26
720
-389
-524
6489
10913
2586
-10725
-12200
2171
13049
6923
-4923
-6238
-115
-342
-4435
619
8440
2028
-9840
-6239
7472
7698
-5522
-9223
1364
7700
1232
-3852
1145
4227
-3655
-9013
1268
12271
5237
-8772
-7787
3377
3905
-4078
-2489
5659
3133
-6747
-6499
3766
6067
-3163
-6998
2201
7796
2924
69
460
-1833
-7992
-5732
6485
11490
2349
-9227
-7931
896
3830
1242
831
1037
-2025
-3287
-226
2397
-90
-3735
-2636
2493
4778
45
-5503
-5028
-69
2416
2101
2642
932
-3729
-5220
-733
4237
3594
-592
-2190
-777
313
-560
-1292
27
1011
803
641
1302
480
-1008
-1885
-126
3244
2165
57
-344
665
62
2067
9365
8278
-4469
-14698
-5949
11280
12798
-1084
-9574
-3010
3084
-977
-3652
3681
6478
-4528
-10188
1696
11633
1254
-11778
-5741
8135
7672
-3402
-4869
2583
2231
-6317
-4790
8634
11048
-3996
-12783
-2013
8204
1471
-6615
-338
6509
-566
-8518
-2186
7048
2473
-7470
-4257
7441
7213
1222
-415
-2135
-4536
-6266
889
9816
6897
-5316
-10733
-1998
5527
3330
-765
-445
-1031
-2143
2
1897
545
-2993
-3493
93
4337
2614
-4418
-6974
-1875
3719
3120
1544
1128
-2205
-4760
-2293
2555
3925
189
-3058
-1175
1365
302
-845
-564
99
1047
1142
627
206
-388
-1215
24
2794
2806
284
-906
370
-331
980
9171
9685
-3645
-14344
-6645
10001
12546
-25
-8746
-4021
2270
-94
-3205
2590
6069
-3578
-9656
1195
11483
2363
-11209
-6533
7133
7529
-2479
-4368
2292
2204
-6120
-5553
7225
11232
-1903
-11708
-3365
6809
1470
-6419
-510
7067
794
-8026
-2633
7319
3328
-7207
-5254
6584
9184
-1014
-7571
-2568
2956
1136
-226
3404
2848
-4692
-7317
401
6983
2966
-3743
-2885
1582
1539
-1640
-2127
-110
171
-1053
-140
1752
225
-3888
-4198
850
4361
1778
-1734
-1572
-847
-1301
-1038
904
1817
-215
-1708
-1120
1087
1329
-1223
-1382
78
1638
881
-379
-152
-533
201
1685
2629
1166
-775
-997
631
1263
108
4819
9260
2868
-10017
-12132
2391
13373
6403
-6278
-6413
772
887
-3745
-822
6689
2627
-7698
-5191
7254
7900
-5541
-10248
1497
9667
2065
-5595
-966
4249
-2244
-8530
562
11680
5584
-8263
-8225
2877
4487
-4196
-4579
4845
5779
-4215
-7381
1951
6132
-1877
-7094
1372
8289
4070
4002
-531
-8343
-8118
-2600
8647
11674
1227
-10902
-10200
621
5759
3659
1123
-651
-3343
-1235
2075
681
-2568
-3312
-428
3360
4643
-846
-7114
-6621
-461
4088
4609
3606
-1620
-5830
-3572
532
2927
2183
-1643
-1652
659
-193
-648
-561
-199
-297
1093
2509
922
-804
-473
683
432
1311
2419
1692
-1061
814
8113
7191
-4211
-14028
-5988
11658
13186
-1200
-9136
-2915
1043
-3369
-3348
5780
7751
-4176
-10025
726
9909
1601
-9292
-3937
8087
6645
-4149
-4673
3389
2547
-7000
-6067
7269
10719
-1796
-9890
-2427
4752
-938
-6071
1206
7624
543
-8144
-3792
5399
3216
-4614
-2805
6092
4927
-226
2668
1997
-4345
-9321
-2955
9026
9522
-1066
-9122
-5468
720
1517
826
2670
1743
-3099
-3268
1238
2903
-1067
-3730
-799
3803
3193
-2658
-5569
-3231
-34
699
2535
4507
779
-4641
-5121
-416
3525
2001
-1786
-1099
850
-556
-2006
-1715
923
1387
455
1607
1635
302
-1871
-1451
1652
3719
2674
-156
-1424
1188
7384
6945
-2523
-11040
-7035
6445
10922
2390
-5732
-4326
-838
-2454
-2805
3424
6805
-1421
-8297
-1795
7301
3883
-5556
-4121
4909
5372
-2627
-3726
3227
3790
-4913
-7507
2637
9141
1737
-6604
-3223
2818
-1048
-6167
-247
7647
3209
-6666
-5607
4432
6165
-2003
-4385
1229
4236
324
-2441
1318
2740
-1511
-3720
268
4495
1358
-4288
-3188
1616
2157
-647
-1171
642
162
-1868
-1291
1277
1360
-1600
-2356
599
2414
6
-2814
-1795
372
271
-371
151
899
-517
-2430
-1078
1731
1454
-1411
-1976
-399
1009
493
-1039
-367
148
141
229
824
2034
977
-1019
-1316
1460
3705
2345
-78
-1779
1253
7444
6206
-3301
-10513
-5598
5459
7343
679
-2468
-281
-805
-4780
-3597
3929
5848
-2010
-6432
529
6899
1269
-5934
-1867
5235
2401
-4395
-1693
5654
3192
-6225
-6558
3161
6807
-376
-5200
-769
2181
-3244
-6101
1654
7809
1594
-5875
-2306
4617
2230
-2937
-334
3994
1080
-4094
-1974
3877
3921
-1777
-3904
-269
1841
-517
-2234
529
2178
-559
-2340
87
2216
116
-2349
-1061
1216
262
-1786
-1328
771
969
-1045
-1611
-380
758
-115
-1571
-448
809
-33
-1441
-416
692
-220
-1324
-1131
928
357
-1280
-874
332
1761
1203
-329
-420
625
966
531
1520
2794
2202
-1523
-847
7454
8836
-1426
-12097
-8593
5243
9541
1702
-3853
-857
961
-3886
-5525
2741
7780
-723
-8587
-1969
8203
4890
-5118
-4194
3971
3371
-4230
-3625
5426
6465
-4033
-8647
420
7439
1135
-6498
-2856
3481
-325
-6280
-1192
6804
3364
-5663
-4466
4345
5902
-584
-3459
699
2555
-1033
-2547
936
3238
-241
-3169
-182
3027
311
-4076
-2473
2147
2513
-403
-1058
746
405
-2093
-1960
764
1385
-794
-1871
165
1709
-310
-2715
-1262
1775
1025
-1860
-1554
738
821
-1384
-1316
1186
843
-1971
-2526
479
2249
784
-1451
-957
762
157
-519
288
2584
1873
-453
31
1648
1803
-1555
1011
9351
8262
-3353
-12526
-6670
5801
6872
-718
-2874
1540
1575
-4648
-5156
3107
5982
-2623
-7423
1570
9320
2875
-6313
-3464
4327
2047
-4825
-1913
6710
5488
-4837
-7381
1691
6114
-1188
-6193
-660
4352
-909
-5957
-56
5950
893
-6400
-3616
4142
3835
-1991
-865
3700
9203
6076
-7309
-9573
-5023
374
3963
4282
3184
-2429
-5358
-2146
1989
1853
-1193
-2493
459
4059
3331
-1193
-3263
-2113
-2098
-956
1036
2183
93
-2707
-1288
1473
1683
-1452
-3349
-1056
1503
927
476
-262
-766
-444
-1738
-1203
-228
-62
-417
384
2284
2689
-33
-1355
1066
955
492
580
878
137
2468
8398
6442
-3772
-11852
-5601
6116
7100
-71
-3213
518
1066
-4085
-5066
2324
5196
-2300
-6539
2230
9683
2692
-5933
-2822
4260
903
-5896
-1740
7537
5708
-4960
-7113
1348
5099
-2485
-6615
709
5882
-668
-6343
28
5823
-471
-7730
-2733
6216
4767
-2640
-1404
3219
7910
5486
-7368
-8222
-2937
504
2457
2630
2439
-2551
-4869
-956
2798
1533
-1975
-2901
653
4388
3647
-918
-2801
-1058
-1806
-1731
-271
1265
630
-1428
-254
1133
496
-2260
-3362
-15
2233
1055
235
-674
-1507
-1095
-728
-473
-328
175
88
335
1783
2034
-549
-1552
478
1310
992
1090
1951
-134
289
6960
7574
-1247
-10583
-7877
3307
6888
1268
-2703
521
2870
-1782
-5557
-568
4360
-826
-6514
260
9445
4956
-4865
-4004
3667
2590
-5026
-3839
4702
5835
-2793
-6723
306
5117
-1080
-6812
-1186
5903
1144
-6375
-1989
5493
1950
-5103
-2428
5313
5002
-1906
-2516
2566
2168
-3532
-5091
582
4638
1270
-2752
-913
1530
-1388
-3802
-659
2937
1216
-2046
-131
3448
1846
-2462
-2998
27
1096
-793
-955
1205
1478
-1162
-2938
-751
1983
135
-2684
-1413
1620
1720
-1142
-1472
283
325
-1251
-1794
1104
1631
-369
-1002
-293
1952
1097
-1308
-332
1795
1495
130
-145
1351
676
-1875
3099
9812
6038
-5969
-11419
-2976
5159
2263
-3097
-129
4897
1608
-4304
-2171
4232
2003
-6530
-5458
5261
8031
-446
-4485
2188
5145
-2990
-7377
143
6668
849
-6899
-2412
5997
3308
-5038
-4301
3273
3091
-5116
-5253
3656
6059
-746
-4348
1615
5180
-324
-4258
-469
3526
-175
-4606
-1441
3631
2228
-2752
-2616
1369
1008
-2825
-2479
2077
3323
-594
-1905
1533
2920
-475
-3703
-1891
1068
295
-1149
239
2074
400
-2520
-1451
1219
416
-2344
-2422
856
2009
-34
-626
424
685
-839
-1347
-157
335
-204
-986
702
2335
1340
222
-250
438
515
-474
13
1016
51
16
5092
8345
2818
-6593
-8626
-1573
2791
21
-1884
2057
4717
811
-3515
-1154
3348
11
-6244
-3302
5120
5787
-541
-1422
3761
2898
-4846
-6429
1168
5020
-1150
-5762
-648
5154
2285
-3176
-1326
2911
-492
-6652
-3428
5388
6755
26
-3817
285
2193
-1334
-2462
822
2115
-2092
-3917
716
4694
1937
-2811
-2829
-427
-567
-1824
-175
2599
2034
-1071
-1082
1556
1453
-1513
-2840
-762
422
-585
-221
1636
1762
-563
-1723
-349
93
-1127
-1550
-441
962
585
-255
513
1008
-853
-1913
-236
1189
941
-801
-345
1526
947
-54
411
935
452
-319
-66
1634
1008
-1084
2253
6669
4147
-3755
-7736
-2494
1890
-826
-2500
1935
5580
1724
-3611
-1880
3003
1140
-4919
-4127
2772
4368
-416
-818
4751
4785
-3490
-7000
-718
3679
-1027
-5287
-467
5167
2285
-2915
-1273
2703
-207
-6435
-3641
5631
6844
-788
-4493
655
3057
-1571
-3322
1040
2967
-1693
-3840
939
4384
853
-3514
-2198
1007
-145
-2546
-345
3218
1973
-2212
-1865
1780
1521
-1887
-2498
178
780
-1081
-749
1892
2170
-613
-1832
-334
638
-718
-1523
285
1534
393
-855
-152
791
-395
-1804
-277
1843
884
-1105
-789
1487
1779
309
499
1310
891
-628
-866
249
222
2161
5428
4830
-165
-5628
-4824
-1104
-1092
-2200
1
3656
3028
-747
-1181
1841
1392
-3246
-4539
-239
2358
414
492
4399
5009
-1163
-5559
-2131
1494
-861
-3674
-758
3329
1801
-1634
-134
2634
302
-4141
-3082
2477
2424
-1625
-1318
2496
3038
-1164
-1807
1379
1104
-2543
-2940
1320
2830
-468
-2118
393
1751
-961
-2880
-415
1530
-418
-1940
317
2766
704
-2189
-1307
644
-207
-2164
-1106
1285
804
-775
2
1578
1078
-1358
-1758
421
733
-414
-577
613
1710
229
-635
312
-150
-1103
-1573
228
2188
1175
564
787
961
654
-76
897
912
-507
1690
4662
3864
-988
-4686
-2582
-1154
-2430
-1766
2030
3841
297
-2461
-287
2805
895
-3549
-3070
251
78
-864
2217
6213
3636
-3736
-4522
462
1175
-2747
-3501
944
2864
-388
-1299
1894
2702
-1033
-4195
-1003
2310
-149
-2430
-474
2960
1674
-1410
3
2176
41
-2890
-983
1792
76
-3119
-2250
1568
2290
-377
-732
969
302
-1687
-1710
835
1465
-1392
-2470
-317
1392
478
-751
-81
395
-978
-1803
-201
1557
889
-551
-170
980
623
-452
-123
627
761
-362
-626
385
455
669
51
117
701
543
434
299
641
853
701
-309
1375
4279
3982
935
-2962
-3236
-2036
-2456
-1903
1530
3841
1304
-2305
-1993
1676
1997
-1650
-2946
-1049
-516
-1003
1459
5189
4320
-1617
-4367
-1086
1193
-1032
-2763
-603
1331
-62
-658
1647
3134
573
-3714
-2777
253
-176
-1457
-511
2375
1979
-700
-317
1743
861
-1884
-1446
408
-50
-1964
-1545
1450
2174
-309
-1488
-382
-99
-854
-681
833
857
-1127
-1424
529
1512
100
-1359
-862
-279
-706
-552
530
1011
-26
-742
100
883
94
-378
309
342
22
-87
311
866
471
185
590
447
253
449
555
848
648
54
244
-216
817
3853
4277
1902
-1887
-2919
-1935
-2495
-2030
653
2952
1174
-1622
-961
1694
1973
-1238
-2800
-1673
-1425
-1415
878
3931
3493
-734
-2453
369
1566
-872
-2933
-1661
7
-561
-536
2001
3611
304
-2732
-1644
-202
-1296
-2716
-550
1909
1094
-206
1305
2718
989
-645
-552
-595
-2055
-2975
-785
2037
1791
128
17
648
25
-1253
-1185
-334
-689
-1446
-358
1366
1103
-201
-445
30
-212
-841
-572
-252
-400
-215
696
1251
435
-284
-227
-34
-233
-14
167
-337
-344
-215
1081
1677
842
950
528
401
584
213
174
-588
-122
2617
3791
2585
187
-1322
-1962
-2836
-1650
1220
2432
217
-2070
-966
1365
2130
729
-1046
-2084
-3016
-2080
1341
3621
2160
-1468
-2264
583
1774
117
-1134
-1160
-1146
-1655
-139
3032
2302
-849
-2165
-964
-26
-1358
-1308
206
172
-1112
-688
1620
2374
779
-552
-392
-489
-1519
-1435
342
1001
122
-593
-29
1047
499
-277
-370
-744
-1098
-1040
56
936
137
-650
-523
38
333
144
-7
-590
-901
-347
395
689
286
11
125
363
731
582
262
-473
-935
-133
373
1076
967
323
436
701
993
682
-18
-659
724
1903
1755
1641
353
-925
-2421
-2117
623
2419
1107
-1484
-1881
-697
1151
2060
1171
-805
-2936
-2843
4
2778
2301
-707
-2624
-1364
862
1405
491
-526
-1166
-1673
-137
2309
2102
-275
-2317
-1709
-114
66
76
169
-380
-1113
-889
575
1487
989
-349
-805
-171
-230
-325
-420
-305
-64
-511
-244
421
328
-296
-461
237
576
35
-710
-731
-115
12
-192
-86
46
82
-66
-80
305
191
-503
-650
-109
309
255
22
420
620
154
-124
-128
529
564
182
172
120
490
491
789
1083
652
-89
132
1204
1553
1536
492
-922
-2461
-2329
336
2491
2052
-582
-2009
-1404
666
2331
1426
-950
-3140
-2690
381
2820
2461
-448
-2829
-2019
530
1863
1094
-516
-1848
-1569
263
2105
2241
-458
-2737
-2454
-618
1093
1122
-22
-1424
-1651
-283
1702
2051
15
-1559
-1370
23
1078
791
-123
-1004
-1028
-7
955
575
-915
-1612
-557
1101
1532
311
-972
-1049
-374
97
91
-113
-424
-459
159
1012
1138
280
-432
-85
578
606
171
-312
-159
156
186
265
195
421
319
7
331
416
281
-109
-75
722
541
213
321
970
2019
1600
111
-2065
-2783
-844
1426
2261
503
-1585
-2057
-688
1723
2333
425
-2421
-3397
-1182
1896
2861
777
-2171
-2694
-620
1561
1845
437
-1084
-1764
-826
1160
2194
1095
-1055
-1957
-1324
-278
508
656
163
-742
-1224
-485
500
757
164
-639
-687
-170
553
797
276
-469
-938
-675
45
532
339
-195
-286
93
394
311
50
-253
-579
-566
-61
372
152
-271
-229
238
433
166
-47
-97
135
360
553
795
642
266
-199
-122
503
634
322
15
190
423
177
24
198
293
52
-124
534
1649
1667
103
-2024
-2372
-526
1461
1790
105
-1518
-1830
-500
1620
2222
578
-2186
-3051
-983
1482
1814
-190
-2068
-1909
-211
1235
1283
95
-1290
-1702
-581
1419
1852
76
-1871
-1657
453
1626
1048
-547
-1619
-1363
-92
1340
1119
-463
-1577
-868
930
1658
688
-1056
-1872
-956
708
1516
688
-708
-1025
59
1279
1154
-73
-968
-712
214
802
673
-57
-867
-898
-1
835
613
-294
-536
104
595
462
104
10
-16
-14
330
659
502
-30
-211
220
577
416
110
16
157
213
101
124
315
781
1076
611
-717
-2043
-1661
351
1971
1316
-947
-2223
-1364
639
1935
1440
-531
-2468
-2337
177
2496
1863
-1121
-2981
-1814
546
1566
778
-620
-1510
-1270
293
1792
1304
-1041
-2696
-1683
658
1644
574
-875
-995
157
1392
1532
297
-1283
-1620
-232
1434
1492
-105
-1477
-1133
355
1193
500
-893
-1499
-587
1080
1966
1270
-237
-981
-410
536
737
79
-717
-859
-132
874
1214
556
-369
-611
-82
442
342
-127
-307
33
519
726
618
373
81
-138
-75
245
458
277
-55
-163
-48
82
322
904
1359
753
-995
-2464
-2017
141
1855
1355
-719
-2127
-1490
467
1889
1438
-690
-2692
-2517
-31
2337
2062
-488
-2440
-1830
342
1735
1242
-380
-1624
-1423
56
1335
970
-739
-1837
-1060
580
1136
124
-1085
-1109
-81
767
647
-19
-300
183
976
1237
557
-597
-1174
-546
606
1008
251
-753
-822
164
1253
1423
540
-555
-878
-250
586
820
342
-291
-501
-180
329
576
380
-17
-192
39
439
579
291
-149
-323
-148
82
130
88
103
150
225
392
556
433
17
-269
-170
47
182
491
903
605
-751
-1970
-1544
227
1383
689
-973
-1868
-1244
297
1538
1438
-138
-1937
-2149
-395
1479
1346
-629
-2183
-1719
-3
1154
994
135
-495
-477
-14
330
45
-681
-1000
-466
273
295
-305
-530
52
675
464
-361
-830
-474
317
861
788
156
-574
-698
-5
795
763
-108
-794
-483
504
1208
1119
527
-15
-201
4
385
519
150
-400
-492
19
559
631
405
230
103
-88
-143
137
425
314
6
-21
214
297
140
73
199
194
-61
-198
71
427
360
-80
-294
141
861
1025
209
-1105
-1780
-1129
276
1138
606
-811
-1749
-1327
85
1057
583
-843
-1734
-1064
547
1530
990
-553
-1634
-1366
-210
674
557
-117
-573
-530
-147
156
199
-57
-517
-754
-551
-18
468
586
392
-37
-407
-333
146
632
566
32
-332
-214
204
343
31
-341
-455
-199
150
365
448
327
193
232
416
529
282
-44
-77
83
161
23
1
205
327
284
177
182
235
169
180
202
59
-168
-239
104
437
313
22
-51
201
406
348
207
-60
-371
-419
72
921
1205
469
-761
-1551
-1239
-177
728
682
-413
-1523
-1506
-250
1069
1092
-168
-1519
-1731
-609
789
1184
154
-1275
-1617
-585
764
1238
716
-159
-868
-1024
-418
558
905
108
-1029
-1271
-439
546
881
488
-268
-809
-656
174
923
765
-94
-642
-301
430
657
229
-266
-317
40
393
472
282
38
-10
188
420
376
61
-144
23
314
259
-150
-370
-47
475
633
368
97
92
267
482
591
416
-23
-359
-212
236
464
295
52
64
239
403
465
285
-115
-439
-214
597
1249
992
-205
-1445
-1662
-689
575
882
-70
-1329
-1668
-714
614
1072
238
-1174
-1837
-1090
410
1224
513
-961
-1711
-1120
120
934
863
30
-1048
-1526
-858
452
1106
484
-624
-1114
-738
8
638
813
300
-538
-799
-61
913
1041
294
-474
-655
-362
44
365
428
153
-157
-93
326
636
531
225
74
145
297
411
427
356
216
19
-166
-208
-43
200
310
257
239
355
433
337
167
94
92
64
98
256
342
181
3
114
382
392
85
-143
-68
74
118
276
604
623
-26
-879
-1082
-482
211
356
-48
-631
-1011
-854
-127
535
330
-646
-1304
-845
203
708
274
-571
-1115
-1044
-441
344
748
456
-171
-556
-593
-549
-461
-140
222
76
-640
-1123
-616
597
1396
992
-280
-1258
-1006
309
1452
1177
-423
-1779
-1423
356
1761
1422
-202
-1431
-1111
357
1533
1351
61
-1012
-775
490
1431
1041
-289
-1214
-859
331
1134
866
1
-440
10
827
1157
668
-196
-614
-159
717
1070
482
-344
-421
315
996
913
258
-352
-511
-150
462
876
785
326
-75
-281
-449
-548
-363
48
204
-163
-627
-621
-172
184
91
-342
-822
-1006
-662
67
572
273
-578
-1052
-617
280
705
238
-644
-1185
-963
-169
522
534
-141
-842
-845
-190
379
283
-202
-400
-144
218
331
194
-21
-228
-280
-100
133
132
-101
-190
45
304
295
123
100
216
228
172
249
401
351
89
-89
-61
-9
10
155
372
338
67
20
336
578
397
70
27
207
327
337
296
118
-164
-171
250
630
502
86
-31
205
376
345
353
463
388
31
-307
-416
-365
-213
40
164
-155
-686
-746
-145
416
246
-426
-864
-724
-236
249
465
151
-540
-877
-348
551
759
14
-837
-946
-366
268
509
266
-321
-802
-672
-6
476
302
-165
-316
-73
205
277
150
-128
-418
-487
-258
32
127
80
86
139
131
74
37
8
-63
-70
101
304
273
11
-193
-161
-61
-48
-35
6
-18
-89
31
398
623
410
-50
-264
-68
242
404
327
169
57
54
236
424
437
210
-70
-80
107
308
390
431
530
376
-85
-517
-498
7
373
300
-41
-335
-365
-184
201
394
-6
-709
-1038
-526
262
520
117
-509
-727
-357
339
732
270
-682
-1182
-636
415
869
364
-542
-947
-534
220
585
198
-476
-700
-232
467
684
265
-371
-672
-428
40
286
124
-214
-301
5
401
463
191
-65
-97
30
209
375
379
56
-403
-536
-243
87
175
131
84
-19
-115
27
361
430
13
-434
-373
118
502
464
160
-106
-153
20
244
297
99
-154
-164
103
357
323
116
72
245
315
20
-398
-466
-105
278
279
-48
-350
-389
-158
128
164
-181
-624
-633
-71
533
524
-78
-545
-382
96
288
36
-377
-632
-518
22
654
715
-6
-779
-748
-52
426
258
-133
-224
8
304
494
427
1
-520
-630
-193
265
216
-177
-346
-83
293
431
301
75
-103
-94
137
412
478
271
-33
-231
-248
-112
65
101
-55
-204
-133
109
301
316
166
-68
-235
-156
161
421
318
-40
-247
-99
190
311
251
155
79
-25
-131
-114
29
218
338
244
-114
-560
-669
-234
315
354
-178
-671
-616
-144
276
321
-24
-517
-716
-330
284
414
-115
-662
-552
65
494
351
-189
-641
-642
-168
388
479
-3
-543
-530
52
626
659
186
-303
-309
176
638
573
53
-347
-265
82
268
145
-111
-274
-198
126
476
503
146
-190
-84
336
540
295
-108
-280
-162
37
159
149
-10
-206
-232
-9
238
240
29
-115
-54
83
127
42
-74
-131
-103
-13
90
129
80
27
78
209
242
59
-200
-239
53
429
495
128
-374
-580
-289
248
501
114
-624
-967
-531
245
570
141
-593
-926
-550
211
689
466
-195
-587
-344
173
313
-68
-517
-579
-240
163
318
134
-194
-330
-116
235
356
153
-79
-48
166
268
136
-39
-86
-25
40
43
-6
-46
31
270
508
488
192
-81
-41
251
468
398
117
-137
-167
32
262
301
77
-206
-243
34
361
407
158
-99
-118
70
247
242
49
-204
-301
-123
193
309
84
-245
-333
-115
138
180
9
-235
-354
-194
192
471
296
-233
-607
-471
-15
278
184
-168
-512
-590
-278
177
276
-172
-731
-780
-269
271
369
39
-401
-655
-545
-112
291
226
-290
-735
-628
-55
467
561
255
-141
-311
-110
307
547
341
-120
-347
-86
399
616
388
-12
-210
-55
291
547
517
232
-44
-37
247
516
513
273
14
-62
79
275
332
191
-6
-59
55
186
219
158
76
27
55
171
253
144
-131
-316
-237
-49
23
-37
-100
-101
-64
-1
84
81
-115
-353
-369
-121
120
127
-53
-246
-351
-339
-181
35
92
-86
-314
-349
-171
21
67
-16
-154
-284
-297
-120
98
92
-177
-440
-453
-265
-96
-43
-86
-202
-301
-223
40
235
110
-191
-304
-153
52
163
205
174
43
-65
22
237
284
88
-72
-1
145
207
230
292
296
168
100
232
347
216
16
65
308
401
270
160
165
128
4
-22
102
144
4
-62
118
308
225
-15
-94
-13
-2
-69
-44
49
12
-146
-174
-24
26
-150
-315
-279
-189
-216
-242
-138
-55
-165
-341
-351
-254
-230
-248
-161
-43
-96
-280
-351
-242
-156
-211
-271
-247
-224
-247
-212
-80
-35
-197
-386
-363
-194
-134
-217
-262
-204
-128
-72
14
92
43
-88
-115
-23
20
-53
-128
-120
-74
-44
3
60
37
-32
-28
50
77
28
24
121
188
121
10
-24
3
23
51
102
99
-4
-95
-41
95
134
39
-73
-94
-52
-14
1
-15
-62
-102
-83
-3
52
20
-65
-133
-145
-114
-69
-43
-49
-67
-72
-55
-50
-74
-105
-120
-131
-148
-171
-202
-225
-224
-191
-144
-110
-102
-116
-137
-143
-127
-107
-106
-125
-135
-117
-68
-29
-23
-53
-115
-170
-189
-167
-128
-109
-107
-109
-94
-63
-40
-39
-54
-63
-46
-4
37
58
58
34
-1
-24
-37
-51
-61
-56
-19
42
92
117
113
83
34
-7
-22
-17
7
47
94
129
122
90
68
61
68
76
87
89
66
64
105
143
131
75
26
14
27
51
90
124
116
77
62
84
90
54
17
15
31
31
29
43
61
62
52
57
57
17
-43
-66
-33
11
32
35
42
47
33
17
15
9
-7
-20
-18
-9
-9
-17
-21
-22
-14
7
27
27
6
-20
-51
-75
-74
-44
-4
17
12
5
-3
-13
-10
9
24
19
1
-4
19
47
62
66
58
48
41
42
55
68
69
71
92
120
135
130
112
95
98
126
169
204
197
161
127
110
100
98
107
117
102
77
91
142
172
158
134
122
112
106
126
176
221
218
194
191
184
155
131
140
166
159
128
124
145
145
129
127
124
100
83
113
183
233
229
210
197
170
133
117
132
140
113
80
89
123
128
105
89
99
117
109
79
54
16
-35
-54
-4
84
130
101
35
-25
-72
-97
-87
-35
20
41
38
32
37
43
24
6
5
0
-19
-33
-16
24
46
46
51
56
23
-38
-61
-23
36
59
66
91
106
71
36
57
86
59
7
1
53
91
85
87
121
126
74
29
41
65
42
-6
-14
34
79
106
141
166
147
84
33
26
37
29
12
14
28
42
56
73
80
64
36
19
13
5
-2
-3
-2
-8
-17
-12
-2
-10
-28
-30
-28
-46
-68
-67
-52
-53
-71
-90
-106
-135
-156
-129
-71
-51
-70
-80
-67
-67
-87
-87
-69
-74
-109
-129
-98
-50
-23
-25
-34
-37
-53
-82
-89
-65
-31
-6
27
56
51
9
-41
-63
-50
-30
-16
3
12
-5
-23
-4
45
84
91
91
93
75
44
43
80
101
77
52
52
49
21
14
58
107
102
72
89
132
128
94
116
176
178
121
107
159
170
76
11
64
118
57
-20
12
67
3
-104
-74
50
57
-49
-73
19
31
-87
-140
-56
-27
-159
-253
-182
-118
-216
-325
-255
-135
-178
-296
-274
-164
-173
-278
-283
-180
-170
-282
-336
-260
-199
-252
-304
-250
-174
-194
-250
-233
-165
-152
-192
-183
-122
-111
-162
-176
-124
-88
-114
-134
-99
-65
-68
-65
-27
10
-7
-36
-3
68
103
84
65
71
72
51
46
86
126
121
86
82
117
129
102
96
133
161
151
134
141
166
162
133
133
166
182
160
139
147
162
158
145
146
145
125
110
103
105
105
97
95
100
97
82
75
73
71
64
47
48
57
51
30
25
38
41
30
28
50
57
32
6
13
36
36
29
40
45
20
-12
-16
-3
-7
-27
-35
-36
-48
-72
-84
-85
-94
-117
-136
-137
-136
-146
-159
-167
-170
-174
-187
-191
-181
-178
-194
-207
-201
-191
-188
-188
-178
-169
-179
-196
-188
-163
-156
-163
-164
-159
-153
-144
-126
-110
-101
-95
-87
-80
-78
-64
-42
-34
-30
-20
-7
-3
-5
10
40
55
44
48
73
89
81
80
111
140
138
136
168
203
203
185
187
213
229
215
208
235
268
268
248
250
271
259
212
196
222
232
202
189
222
256
239
202
200
204
166
130
144
165
150
124
133
162
157
127
118
123
101
68
61
76
76
65
65
87
99
75
55
51
35
5
-14
-7
8
8
5
28
56
46
10
-11
-15
-30
-56
-62
-43
-25
-20
-16
-9
-16
-38
-65
-79
-84
-93
-102
-92
-76
-69
-69
-73
-78
-83
-90
-90
-80
-73
-69
-61
-50
-49
-54
-56
-53
-45
-30
-19
-9
2
0
-4
-2
5
7
6
15
38
49
43
40
43
42
39
36
43
57
63
63
73
90
92
84
73
66
65
51
33
37
55
62
65
65
63
61
53
43
38
27
16
18
34
48
57
59
58
52
40
30
22
14
2
0
19
40
50
49
45
44
36
22
11
8
3
9
30
51
63
63
58
61
61
48
36
28
21
21
36
58
71
72
71
67
63
56
47
40
33
30
39
58
76
78
69
54
43
32
22
11
0
-1
2
2
6
16
22
26
20
15
17
14
13
17
21
24
22
19
25
32
30
18
6
-2
-4
-6
-11
-13
-16
-24
-34
-34
-28
-23
-26
-31
-35
-41
-45
-45
-45
-49
-59
-63
-62
-55
-54
-61
-68
-69
-77
-90
-91
-83
-70
-67
-66
-59
-62
-76
-88
-98
-106
-112
-107
-94
-77
-64
-59
-53
-46
-52
-65
-77
-87
-94
-95
-89
-77
-59
-43
-28
-18
-19
-31
-50
-63
-69
-65
-49
-33
-19
-6
6
8
3
-10
-15
-15
-16
-11
3
18
28
36
40
34
22
11
2
-6
-1
11
28
48
62
65
60
43
18
-7
-18
-17
-7
5
17
22
14
1
-10
-20
-32
-42
-38
-35
-34
-33
-29
-31
-42
-62
-81
-84
-87
-94
-97
-89
-81
-88
-95
-102
-105
-110
-116
-115
-109
-114
-133
-142
-138
-137
-139
-135
-133
-135
-142
-143
-139
-142
-154
-167
-171
-159
-154
-151
-143
-139
-137
-142
-143
-144
-146
-147
-143
-139
-135
-134
-135
-132
-125
-120
-117
-112
-107
-103
-100
-88
-71
-64
-63
-56
-44
-37
-38
-39
-29
-20
-21
-15
-8
-3
-2
-5
-6
-2
2
6
11
16
15
13
13
13
6
2
5
16
22
18
15
20
17
4
-1
-6
-13
-21
-22
-11
5
8
2
-5
-19
-36
-45
-41
-30
-24
-25
-22
-18
-22
-32
-36
-35
-33
-32
-32
-30
-27
-25
-25
-23
-19
-17
-25
-32
-35
-29
-24
-19
-16
-16
-16
-18
-19
-15
-12
-14
-12
-8
-5
-12
-22
-18
-9
-7
-8
-13
-19
-26
-24
-14
-4
2
3
8
8
11
10
7
3
-2
-3
4
8
10
9
4
0
-3
-9
-15
-21
-33
-37
-24
-14
-6
-2
-4
-3
1
-4
-7
-7
-9
-9
-3
10
25
33
30
25
21
10
1
-6
-11
-17
-17
-12
-5
-5
-8
-11
-8
-5
-5
0
13
22
20
22
23
19
11
6
6
14
21
18
17
22
25
20
14
10
7
1
-7
-1
10
10
5
1
-1
2
2
1
6
4
0
-3
-3
-4
-12
-15
-14
-5
1
3
4
9
8
-1
-8
-7
-4
-8
-7
8
23
25
20
16
14
10
2
-3
0
4
7
11
14
16
8
-4
-10
-9
-9
-9
-5
5
10
3
-4
-4
1
0
-3
2
13
17
16
16
15
16
13
8
7
6
7
13
15
15
14
11
8
7
1
-4
-9
-7
-7
-8
-5
0
5
5
3
3
2
-1
-3
-2
1
2
5
7
8
-2
-15
-18
-14
-14
-12
-5
1
4
5
9
14
14
4
-5
-3
2
2
2
7
9
7
1
-2
-1
-4
-8
-4
0
4
5
6
5
0
-6
-8
-5
-5
-6
-6
-3
1
2
0
0
-3
-6
-9
-11
-7
-3
2
6
8
5
1
1
2
0
-1
3
5
7
3
1
4
11
19
20
14
11
9
11
15
14
12
12
6
1
4
10
13
10
7
7
13
16
15
11
9
11
11
8
8
13
14
11
14
15
13
11
12
11
5
-1
-4
-1
0
0
-2
-3
2
3
0
2
4
-3
-8
-11
-8
-2
-3
-3
-8
-12
-14
-18
-18
-15
-16
-18
-22
-24
-23
-25
-29
-29
-29
-27
-27
-28
-31
-31
-32
-30
-25
-20
-17
-21
-19
-14
-10
-10
-10
-7
-5
-4
-2
1
6
12
19
23
29
29
21
19
21
28
35
37
38
41
35
29
31
31
34
35
39
46
54
63
62
34
24
39
52
57
63
82
81
65
47
41
49
63
63
59
76
59
18
5
44
52
29
34
17
38
48
45
49
55
36
-47
-18
22
38
72
73
3
149
36
62
-41
81
-235
256
1462
734
-530
-891
1
-1513
-1732
-74
425
-816
-111
2383
1099
-975
-696
292
-1588
-2285
-393
648
-352
18
1606
1109
-209
-363
222
-668
-1286
-911
-188
37
218
772
953
573
-184
-223
-204
-496
-768
-427
-4
181
436
675
814
448
81
38
-39
-500
-595
65
295
137
456
877
627
302
561
291
-374
-367
127
-129
-433
303
635
199
424
980
244
-403
242
348
-468
-379
166
-9
-185
287
717
457
-197
-83
366
-82
-644
82
326
-549
-314
465
328
-160
49
197
127
-179
-477
-45
248
-431
-467
412
197
-613
-15
745
-140
-640
14
232
-382
-491
-74
119
-9
-318
2
545
-53
-826
70
820
-614
-1301
518
1051
-818
-862
1081
553
-1399
-356
1410
-13
-1429
221
1327
-467
-1140
577
905
-515
-543
608
366
-396
-100
396
212
-235
-360
101
579
134
-430
188
759
-76
-546
388
692
-379
-583
579
585
-543
-343
867
486
-717
-229
743
130
-589
124
579
-198
-454
286
416
-123
-162
211
227
-76
-297
-140
193
28
-327
57
475
-15
-369
215
287
-454
-476
191
64
-420
-70
310
-8
-214
154
160
-153
-216
-111
-177
-196
-125
-31
136
92
-70
-71
65
-68
-186
-174
-153
-156
-60
94
88
54
34
65
25
-7
-122
-236
-156
-18
-48
-28
177
186
147
157
49
-111
-14
-40
-182
-36
17
-87
67
335
122
31
214
103
-131
-75
-30
-247
-84
135
82
52
268
206
-32
43
-50
-229
-190
62
-40
-97
100
216
173
69
84
-27
-80
-137
-61
-76
-90
-6
129
203
102
72
-31
-55
-102
-76
-138
-137
40
88
92
111
163
-55
-57
22
-100
-226
-102
28
-29
112
111
36
31
90
-80
-143
-38
-145
-185
-8
115
-31
-4
127
112
-30
-96
-18
4
-107
-193
-42
33
-78
-41
166
168
-16
31
105
-70
-204
-70
-29
-116
11
145
44
-7
116
62
-99
-73
8
-50
-46
42
72
61
101
69
-8
27
49
-59
-104
33
4
-96
-15
110
34
-4
73
62
-2
-26
-6
-10
-10
-29
12
86
94
17
-14
19
1
-71
-80
0
33
5
-17
0
-12
-33
-38
-8
28
40
24
1
35
37
-18
-59
-4
19
-68
-103
-32
27
-30
-35
37
67
10
-28
6
25
6
-31
-23
-3
12
-16
-40
-6
54
51
-39
-39
42
9
-116
-75
78
37
-107
-42
105
11
-126
-26
95
17
-61
12
64
-8
-78
-52
3
-12
-64
-48
37
65
8
10
76
53
-57
-79
-23
-23
-60
-29
60
92
64
43
53
44
-26
-79
-40
7
-2
4
66
101
66
11
0
10
-16
-63
-53
6
18
-10
21
84
61
-11
-28
5
-4
-56
-53
10
30
-8
-9
36
56
7
-33
0
38
-5
-61
-22
32
-10
-73
-29
42
8
-40
8
64
18
-51
-31
4
-34
-75
-28
34
25
1
38
71
29
-37
-47
-23
-34
-62
-35
34
59
32
32
60
34
-34
-55
-32
-29
-50
-40
15
45
30
23
37
34
-5
-45
-50
-25
-14
-27
-7
55
76
41
29
52
30
-39
-64
-24
-9
-27
-16
21
29
10
-5
-4
3
2
5
16
26
14
-8
-7
3
1
0
10
30
33
19
11
13
-8
-34
-33
-17
-8
-1
21
45
45
35
26
4
-25
-45
-42
-28
-7
20
37
48
47
25
-11
-35
-40
-39
-31
-10
18
37
39
33
22
1
-27
-43
-39
-34
-29
-17
4
25
23
7
-3
-9
-19
-33
-36
-34
-41
-37
-19
-1
13
20
23
24
15
-6
-25
-33
-33
-35
-33
-11
11
17
25
29
24
16
4
4
0
-17
-24
-15
-5
-3
1
19
43
44
31
28
25
1
-29
-29
-8
2
7
35
62
59
30
9
-8
-34
-55
-49
-22
-4
11
35
54
47
16
-5
-11
-28
-42
-33
-8
9
19
30
36
25
3
-20
-32
-41
-42
-21
11
33
35
28
20
0
-33
-42
-31
-30
-33
-13
19
29
20
18
23
5
-33
-43
-30
-29
-37
-21
12
26
18
16
17
1
-32
-54
-45
-34
-37
-31
2
34
39
33
30
24
-6
-42
-57
-50
-40
-38
-19
20
47
44
29
17
3
-28
-56
-45
-9
12
14
30
55
44
8
-7
-4
-7
-18
-14
10
27
27
27
32
25
5
-7
-5
-3
-1
7
16
18
13
11
10
3
0
-3
1
3
-5
0
7
5
3
8
11
5
0
8
12
1
-11
-11
-13
-22
-22
-12
-3
-1
-2
8
16
7
-5
-9
-11
-18
-31
-30
-20
-12
-6
4
18
18
5
-7
-15
-23
-29
-30
-22
-13
-6
2
8
10
8
0
-7
-16
-22
-22
-18
-10
3
13
19
20
17
9
-2
-13
-14
-7
-4
3
14
19
20
14
2
-1
-2
-7
-3
2
7
12
12
16
20
16
9
1
-4
-5
-2
-1
9
19
22
19
20
19
4
-12
-18
-18
-9
4
14
27
33
28
26
19
0
-18
-24
-24
-14
-3
8
22
23
19
20
12
-8
-20
-23
-21
-19
-13
1
12
13
11
10
3
-8
-14
-13
-5
3
4
4
3
-2
-10
-16
-18
-23
-23
-20
-18
-19
-23
-25
-25
-21
-18
-11
-7
-2
0
2
1
-9
-18
-18
-14
-8
-5
0
4
3
9
16
12
7
2
-1
-5
-8
0
12
16
16
14
8
7
1
-9
-8
-8
-2
9
16
25
33
30
25
20
13
2
-3
-2
1
4
5
13
17
19
19
16
15
8
-1
-4
-1
3
6
16
27
31
30
23
13
0
-16
-28
-30
-29
-22
-7
6
19
28
22
5
-9
-24
-37
-35
-26
-14
-5
5
10
13
10
-6
-27
-38
-42
-40
-34
-17
3
10
2
-8
-8
-18
-36
-40
-28
-21
-23
-17
2
20
13
-1
3
7
-9
-29
-26
-14
-10
-13
-2
30
36
17
11
12
5
-17
-33
-15
3
2
9
29
42
31
16
11
2
-17
-27
-15
7
22
29
46
55
41
20
3
-8
-18
-31
-27
-5
20
32
40
49
49
27
-7
-29
-29
-23
-26
-21
6
32
31
15
12
14
-9
-35
-35
-22
-15
-14
-6
8
16
10
-4
-11
-19
-35
-41
-35
-19
-7
-2
11
23
17
2
-12
-17
-20
-28
-22
-7
0
-1
-6
-1
6
4
-6
-8
-2
2
-6
-10
-1
0
-7
-8
-3
-5
-10
-8
2
8
8
13
15
4
-12
-18
-12
-4
-1
4
17
18
9
4
2
0
-8
-16
-15
-11
-4
7
12
16
23
21
6
-1
-1
-13
-17
-9
0
7
8
14
23
23
16
15
14
1
-9
-9
-3
1
4
10
20
19
12
13
12
6
-4
-6
0
-2
-4
0
4
6
1
-10
-10
-9
-13
-13
-10
-6
2
2
6
11
2
-3
-1
-7
-10
-10
-10
-7
-9
-11
-11
-9
-7
-6
-7
-10
-15
-19
-16
-12
-5
-1
-3
-6
-9
-7
-3
-3
-4
-1
0
-3
-3
-3
0
3
2
1
0
-9
-11
-5
-5
-6
0
8
12
11
8
4
2
-1
-2
0
4
3
7
13
15
12
11
10
9
6
0
5
7
7
11
8
9
12
8
7
11
4
0
0
4
8
6
5
5
4
4
0
-3
-1
-2
-4
-2
0
-2
0
-3
-6
-6
-8
-12
-15
-16
-10
-8
-5
3
2
0
-1
1
-1
-5
-2
-4
-9
-14
-11
-8
-7
-6
-10
-15
-15
-15
-18
-15
-11
-8
-7
-10
-10
-4
-2
-2
-3
-4
-8
-9
-9
-11
-6
-1
1
2
2
0
-3
-7
-6
-3
-4
2
5
5
7
4
1
4
7
12
17
14
13
14
11
11
15
11
5
9
11
10
10
7
6
11
20
21
16
11
10
11
11
12
10
7
8
7
0
1
5
5
2
0
1
4
3
-6
-13
-10
-10
-10
-11
-10
-7
-8
-11
-8
-1
-2
-3
-2
-1
-2
-6
-8
-8
-5
-4
-7
-8
-5
-3
-3
-4
-11
-17
-17
-14
-11
-14
-9
-2
0
0
-4
-4
-3
-3
-5
-6
-9
-8
0
2
0
0
1
-1
-5
-6
-3
1
0
1
6
7
7
9
7
5
3
0
5
10
10
11
13
14
10
3
5
7
5
5
10
19
18
14
13
18
16
7
5
7
8
11
15
18
18
14
8
5
2
2
1
3
7
8
9
9
7
6
2
-1
2
-2
-7
-2
0
2
5
3
0
1
-3
-9
-10
-10
-11
-10
-5
-3
-3
-5
-10
-10
-10
-13
-14
-17
-18
-13
-12
-11
-8
-6
-6
-7
-13
-15
-14
-11
-5
-3
-2
-1
-5
-6
-9
-4
-2
-3
1
4
-1
-5
-4
2
7
5
7
10
10
2
0
8
7
6
9
6
5
2
1
7
9
4
6
12
15
14
5
1
4
4
6
7
6
6
9
10
10
7
1
1
4
0
-2
-3
1
3
4
10
13
11
4
0
1
1
-2
-4
-3
-1
0
-3
-4
-4
-7
-7
-6
-8
-8
-6
-2
1
2
5
6
5
4
3
-2
-3
-5
-10
-8
-5
-5
-5
-8
-10
-9
-6
0
-4
-12
-12
-7
-7
-10
-6
1
4
1
-2
-6
-7
-6
-8
-11
-3
-2
-2
3
5
3
0
-2
0
4
2
3
-3
-6
3
6
5
9
14
13
5
0
1
8
5
1
3
6
13
15
17
19
13
8
9
6
3
7
7
9
10
9
7
6
3
-2
-6
0
4
1
2
1
3
5
0
-1
-2
-10
-8
-8
-13
-7
-9
-11
-1
-3
-11
-8
-11
-15
-13
-11
-8
-5
-6
-4
-1
-3
-2
-5
-4
-4
-6
-5
-4
-3
-3
-2
1
3
-2
-5
-6
-6
-1
1
-1
3
4
1
1
0
2
4
6
7
6
2
2
4
3
6
12
13
10
6
2
3
10
8
3
3
1
-3
1
2
3
6
7
8
11
9
5
2
2
4
0
1
6
9
6
6
10
11
5
3
2
0
0
0
0
3
5
7
12
13
9
6
5
3
-1
0
6
1
-3
-2
-2
-2
-2
-3
-4
-2
1
2
4
-1
-5
-7
-7
-7
-9
-12
-12
-15
-14
-7
-6
-6
-9
-11
-12
-15
-16
-16
-15
-12
-6
-8
-8
-7
-6
-6
-4
0
-4
-6
-5
-7
-1
1
-1
-1
-3
-6
-3
-3
-3
2
3
3
5
5
8
5
3
9
11
7
9
8
3
3
-1
0
0
1
4
8
9
10
8
9
11
9
10
8
3
1
4
9
15
18
11
8
7
7
7
3
0
5
7
4
3
3
5
6
7
7
3
6
5
2
1
-1
-3
1
-2
-8
-10
-9
-3
-1
-2
-1
0
-3
-6
-6
-4
-2
-5
-7
-8
-8
-5
-3
-4
-8
-9
-10
-12
-18
-24
-22
-20
-21
-13
-10
-11
-9
-12
-13
-14
-11
-9
-6
-4
-8
-7
-6
-9
-9
-7
-9
-8
-3
-4
-3
-2
-3
-3
-3
-5
-5
-3
-1
-1
1
5
9
6
7
11
8
6
5
6
7
6
3
5
10
11
14
16
17
16
18
16
12
16
20
20
20
20
14
9
8
6
8
5
3
9
13
13
14
7
3
2
-1
-1
-2
-5
-8
-6
0
-3
-4
-3
-7
-12
-13
-16
-16
-15
-14
-11
-9
-8
-8
-11
-16
-13
-10
-11
-11
-13
-16
-12
-9
-10
-9
-11
-13
-14
-13
-10
-12
-12
-6
-3
-5
-4
-1
2
0
-4
-4
-4
-2
-2
0
5
5
5
9
11
14
13
9
10
11
10
10
9
11
11
6
4
10
12
7
8
8
7
8
9
10
14
13
10
9
11
10
5
6
9
8
9
8
5
3
0
-3
1
2
1
-1
-1
1
3
5
1
-3
-6
-10
-10
-9
-12
-8
-7
-8
-1
-2
-5
-4
-2
-3
-4
-5
-8
-13
-13
-11
-11
-5
-3
-3
-4
-9
-12
-15
-18
-18
-16
-11
-4
-1
-2
-3
-2
0
1
-4
-5
2
2
0
2
-1
-3
-1
0
4
10
11
11
7
2
2
4
3
7
9
11
10
9
9
7
6
7
3
4
6
6
6
9
9
7
7
4
3
1
0
2
3
0
0
2
1
-2
-5
-4
-7
-7
-5
0
3
0
0
0
-3
-3
-4
-5
-7
-9
-7
-3
-3
-2
-1
-1
-3
-10
-10
-8
-7
-4
-2
0
4
5
0
-3
-4
-9
-6
-5
-8
-7
-7
-7
-6
-4
-4
-7
-7
-9
-8
-6
-4
-2
0
0
-3
-6
-8
-6
-4
-4
-1
2
-1
-2
-5
-6
-4
-6
-8
-5
-2
1
2
3
5
3
3
3
5
3
4
3
2
2
1
0
4
7
9
8
7
7
10
9
5
4
9
12
10
6
6
7
6
5
5
3
2
-1
-1
-1
0
0
-3
-1
-4
-4
-2
-5
-6
-3
-1
1
2
1
-4
-5
-2
-2
-7
-11
-7
-6
-5
-9
-8
-2
0
-2
-1
-2
-6
-5
-4
-2
1
0
0
0
0
0
0
1
0
-2
0
1
-1
-2
1
2
-1
-3
-2
0
-1
1
1
-5
-9
-13
-11
-6
-6
-6
-4
0
0
-2
-1
-1
-5
-8
-2
-2
-1
3
5
3
4
5
4
6
6
5
6
0
-3
2
7
5
2
2
1
3
3
4
10
13
14
13
11
12
13
13
10
11
9
8
8
9
12
11
9
8
11
13
11
5
-2
-3
-1
7
7
1
-1
-1
0
-2
-4
-4
-7
-10
-8
-3
0
0
3
6
0
-4
-7
-9
-10
-12
-14
-14
-14
-12
-6
-6
-7
-6
-5
-3
-7
-9
-11
-13
-13
-13
-15
-14
-13
-11
-8
-7
-7
-5
-6
-12
-11
-7
-5
-3
-2
1
6
7
5
3
4
4
-2
1
2
-2
2
3
4
6
6
6
7
11
8
11
18
16
15
16
12
9
11
13
13
14
12
11
11
11
8
6
3
1
1
3
5
8
9
