-6
-3
0
2
2
1
1
0
-4
-7
-9
-10
-7
-6
-8
-4
1
0
-2
-2
1
2
3
4
2
0
-1
-1
1
3
7
7
7
9
5
5
9
12
11
10
13
11
6
6
3
0
5
5
5
5
3
3
7
5
3
2
3
3
1
3
2
-2
-3
-1
3
0
-3
2
4
5
1
-3
-5
-4
-4
-2
1
0
-3
0
0
1
3
0
-1
-2
-4
-4
-2
-4
-3
-2
0
2
-1
-3
-3
-6
-8
-8
-5
-7
-12
-11
-4
-4
-7
-7
-8
-12
-12
-13
-14
-14
-12
-6
-5
-9
-12
-9
-4
-5
-5
-2
3
2
-1
1
1
-2
2
5
5
10
8
6
8
9
9
10
10
10
7
7
6
9
13
11
12
11
11
15
18
17
11
7
6
6
3
3
0
-1
2
4
1
0
1
0
-4
0
4
6
5
3
1
-2
-2
-3
0
0
-4
-4
-2
-3
-3
-2
-1
-3
-7
-8
-6
-7
-12
-13
-8
-10
-7
-8
-13
-8
-5
-7
-3
-1
-3
-5
-7
-8
-3
-5
-7
-4
-5
-8
-9
-6
-5
-5
-4
-7
-2
2
-1
0
1
0
1
3
8
13
11
11
10
9
6
4
2
1
2
4
4
4
4
3
5
5
5
9
9
8
11
10
13
15
12
13
12
11
10
10
12
14
16
15
10
9
6
5
7
7
6
5
4
2
4
7
7
6
7
4
1
3
2
1
1
-2
-6
-6
-3
1
0
-4
-4
-4
-7
-7
-6
-7
-10
-10
-8
-7
-7
-9
-11
-11
-12
-15
-19
-20
-14
-11
-12
-13
-12
-9
-8
-8
-5
-3
-6
-7
-6
-10
-9
-7
-4
-3
-5
0
2
-3
-5
-5
-4
1
0
1
6
8
10
11
11
11
8
6
7
8
8
7
6
8
12
12
11
14
16
17
16
14
15
13
10
12
14
11
12
14
8
8
8
4
7
9
4
1
3
4
1
-4
-4
-3
-2
-5
-11
-9
-7
-9
-6
-6
-4
-6
-9
-9
-13
-16
-13
-8
-5
-4
-3
-5
-5
-6
-6
-6
-5
-4
-5
-6
-9
-10
-11
-16
-15
-14
-15
-11
-5
-3
-4
-3
-4
-3
-1
0
-3
-7
-5
-3
-3
-2
-4
-3
0
2
-1
3
5
4
1
-2
-1
3
3
1
1
-1
0
1
0
2
4
2
2
4
9
10
9
8
8
6
6
6
8
12
15
14
13
13
8
3
3
4
2
3
5
5
6
5
7
11
12
6
3
3
2
1
-2
-4
-5
-2
-1
-2
-5
-8
-11
-8
-6
-9
-9
-10
-7
-6
-8
-7
-6
-9
-12
-15
-14
-10
-10
-11
-9
-5
-3
-3
-7
-7
-5
-4
-5
-4
-3
-5
-7
-5
-1
1
-2
-4
-4
-2
-3
0
1
-1
2
6
6
7
5
1
0
-2
2
8
4
4
8
6
5
6
5
4
3
0
0
5
6
2
3
5
7
9
6
1
0
0
3
5
3
0
1
4
3
6
9
7
10
10
9
12
12
6
4
3
3
6
2
-2
2
4
1
-2
-4
-3
-2
-3
-4
-6
-4
-3
1
5
2
3
4
3
2
-1
1
0
-5
-3
-3
-8
-8
-13
-13
-9
-9
-9
-7
-3
-5
-6
-6
-11
-5
-1
-6
-5
-9
-11
-6
-5
-11
-8
-5
-7
-7
-9
-7
-4
-10
-15
-12
-11
-7
-7
-5
-2
-1
2
2
2
5
0
-1
8
6
5
5
4
8
7
7
7
8
7
7
9
7
5
7
5
7
7
6
10
11
11
16
12
7
5
6
7
3
1
2
7
7
5
6
2
-5
-3
-2
-1
2
1
2
3
3
0
-5
-7
-7
-8
-5
-8
-12
-8
-6
-5
-3
-2
-6
-9
-6
-4
-6
-11
-9
-3
-2
-2
-5
-4
-2
-1
-1
0
1
-5
-10
-8
-2
2
-3
-5
-4
-4
-4
-8
-8
-9
-8
-6
-6
-4
-3
-3
-6
-11
-12
-8
-6
-6
-3
-2
0
1
0
-2
-1
-4
-1
3
2
6
7
6
6
2
2
4
6
9
9
6
10
14
13
10
6
6
8
5
5
6
3
3
1
-2
3
2
1
4
1
-1
1
1
-1
-6
-7
-4
-4
-7
-11
-10
-6
-7
-1
-1
-7
-5
0
1
4
2
-5
-7
-7
-7
-2
-4
-5
-4
-4
-4
-3
-4
-6
-6
-7
-4
-1
5
6
4
4
4
3
2
-1
-4
-2
2
3
3
5
7
5
6
8
4
-1
4
4
6
7
4
5
11
10
10
11
8
4
-1
-1
-1
-2
1
3
5
4
0
-2
0
-1
2
4
1
4
4
-3
-4
-2
-6
-4
1
0
6
4
-1
0
-1
0
0
1
6
6
5
7
9
11
12
8
4
4
1
1
1
-2
-3
-7
-8
-3
-4
-8
-5
-2
-2
-1
1
-1
-1
-1
-3
-5
-3
-4
-7
-7
-4
-2
0
-2
-5
-5
-3
-3
-4
-8
-13
-10
-2
4
-2
-8
-8
-5
-5
-6
-7
-5
-1
1
2
0
-1
0
2
1
-4
-1
6
4
5
6
4
5
7
5
6
1
1
7
7
8
9
8
5
3
1
7
7
2
5
6
6
10
9
8
8
4
5
7
7
10
11
11
12
8
7
8
3
7
9
6
6
3
1
1
-2
-3
-2
-2
0
0
-5
-4
-3
-3
-2
-3
-5
-3
-4
-5
-3
-5
-9
-11
-14
-12
-6
-7
-12
-12
-11
-11
-14
-15
-15
-12
-7
-6
-10
-11
-10
-13
-14
-12
-7
-7
-10
-8
-4
-6
-6
-3
1
1
-6
-8
-6
-1
0
-1
1
6
8
6
6
5
3
3
3
4
6
4
4
5
9
12
10
5
2
4
4
8
8
5
8
7
9
10
8
10
13
13
15
16
13
12
10
10
11
8
6
6
5
5
4
-2
-4
-5
-7
0
1
-3
-6
-8
-10
-8
-4
-2
-6
-6
-5
-3
1
-3
-7
-7
-5
-4
-4
-4
-5
-4
-1
4
6
-1
-10
-10
-8
-4
-5
-11
-15
-13
-9
-6
-2
-3
-9
-9
-7
-7
-8
-13
-14
-12
-8
-1
-2
-3
-4
-3
2
3
1
-5
-4
3
3
1
4
7
7
10
11
7
4
1
1
4
5
4
5
6
6
4
3
6
7
9
9
6
6
7
9
11
11
13
16
12
6
3
1
3
6
8
10
8
8
8
5
4
7
4
0
3
3
7
5
0
4
6
8
7
1
-2
-6
-9
-7
-7
-9
-8
-11
-8
-3
-3
2
4
-2
-7
-5
-5
-9
-12
-12
-12
-11
-9
-9
-11
-11
-10
-10
-11
-11
-12
-16
-14
-16
-15
-11
-8
-2
1
-3
-9
-9
-7
-5
-8
-5
0
4
2
0
1
3
2
4
8
10
9
10
12
13
14
17
18
15
10
9
11
12
14
15
15
16
10
8
12
10
8
7
8
2
-1
0
4
4
5
5
5
4
-1
-1
5
2
-1
-2
-4
-1
2
-1
-2
-1
-1
-4
-3
-5
-8
-10
-9
-6
-7
-7
-7
-8
-5
-9
-12
-11
-11
-12
-8
-5
-3
-4
-5
-3
-4
-2
0
0
0
-3
-3
0
4
8
6
1
-3
-6
-8
-5
-7
-13
-9
-3
-5
-1
-3
-7
-7
-6
-4
-6
-7
-6
-9
-7
-1
-4
-6
-8
-12
-12
-7
-3
-3
-5
-7
-2
4
6
4
0
1
8
10
9
13
10
15
22
23
16
9
8
10
14
15
13
10
10
10
12
11
8
6
7
10
14
11
2
0
-1
1
3
2
0
1
4
5
1
-2
-1
-3
-7
-4
-3
-4
-7
-8
-6
-5
-8
-11
-13
-11
-8
-7
-7
-9
-11
-10
-12
-11
-8
-7
-9
-6
-10
-11
-7
-2
1
-6
-12
-4
1
2
2
-2
-4
-5
-2
1
2
0
-2
-2
3
9
7
2
-1
-2
0
3
3
1
-1
1
6
6
7
3
-2
2
6
7
9
8
2
2
5
5
6
7
8
10
7
9
12
6
5
11
14
16
14
10
11
8
12
15
11
4
5
8
15
18
10
6
5
7
8
5
4
1
-2
0
4
1
0
-3
-10
-9
-4
-5
-4
-6
-7
-7
-4
-4
-9
-10
-6
-1
-4
-8
-11
-11
-8
-7
-9
-15
-18
-16
-17
-11
-8
-15
-18
-14
-8
-2
-2
-10
-12
-8
-3
2
1
-2
-3
3
7
-1
-11
-13
-8
-1
4
0
-2
3
11
12
7
2
-3
-2
7
12
7
5
6
6
14
20
14
7
7
7
16
19
15
9
6
6
10
8
10
9
6
9
10
8
3
2
1
0
-1
5
7
6
11
11
10
7
7
6
5
-4
-5
0
0
-3
-7
-5
1
-2
-7
-11
-16
-15
-9
-9
-5
-5
-11
-15
-14
-8
-4
-5
-5
-7
-9
-10
-12
-12
-11
-14
-12
-6
-6
-4
-4
-5
-5
-5
-7
-5
0
-4
-7
-6
-9
-7
-10
-12
-11
-8
0
0
-3
-3
-3
-4
-6
-6
-7
-4
1
2
1
0
1
-2
2
2
0
7
10
8
9
9
8
14
10
12
16
13
15
18
19
23
14
1
1
3
6
14
13
10
9
9
7
8
6
-2
-6
-3
-1
-2
-3
-2
-1
-1
0
3
0
-6
-8
-11
-6
0
-3
-3
-2
-1
-2
-10
-10
-9
-7
-2
-1
1
-1
-3
-4
-1
-1
-1
0
-4
-8
-5
-2
1
4
-1
-10
-9
-12
-17
-14
-11
-11
-6
-5
-3
2
0
-1
-2
-4
-6
-4
-1
0
2
-1
-1
2
1
-1
-1
-4
-6
-5
0
5
1
0
-1
-4
0
1
-3
1
4
-2
3
2
-3
-1
-1
-2
1
3
5
10
15
11
7
5
8
9
7
13
16
12
11
11
9
10
11
9
6
10
11
15
17
8
0
0
5
12
13
7
0
-6
-4
3
-1
-6
-8
-6
-3
2
6
6
-1
-7
-6
-7
-11
-14
-16
-12
-8
-8
-11
-12
-13
-14
-11
-6
-4
-6
-11
-10
-6
-5
-3
-5
-9
-11
-10
-6
-3
-3
-7
-7
-8
-3
0
0
-1
-4
-8
-5
-1
-5
-10
-10
-2
7
11
7
3
-2
-3
1
3
3
0
1
5
10
7
6
7
5
6
10
9
9
9
6
11
17
11
8
14
14
12
12
10
12
13
12
12
13
13
12
7
7
10
8
6
-1
-4
-5
-7
-3
-5
-10
-9
-10
-5
-2
-2
-10
-16
-15
-7
1
-1
-4
-3
-3
-1
-3
-5
-5
-7
-8
-8
-9
-9
-8
-13
-15
-13
-17
-18
-15
-14
-12
-10
-5
-3
-7
-10
-7
-4
-9
-12
-7
0
-1
-3
-5
-7
-7
-2
8
11
7
0
-5
-6
0
1
-1
-5
-7
-1
2
5
7
4
3
3
9
12
14
12
6
4
8
15
20
19
9
5
13
21
17
8
5
6
11
15
9
1
-2
1
7
12
15
9
1
6
10
8
6
-1
0
4
5
0
-4
-8
-8
1
-1
-3
-3
-6
-5
-1
-7
-13
-17
-14
-8
-9
-13
-18
-18
-14
-10
-11
-13
-16
-15
-9
-9
-9
-15
-23
-19
-13
-8
-11
-19
-21
-16
-8
-1
1
-3
-4
-1
1
3
3
-7
-13
1
14
17
15
7
1
1
4
14
19
12
4
4
8
14
23
22
14
7
5
10
19
19
13
7
2
8
13
17
16
8
3
9
17
15
10
5
-1
7
15
18
16
13
10
11
16
15
9
-3
-8
-1
5
10
10
4
3
7
11
10
2
-6
-9
-10
-11
-13
-16
-19
-20
-16
-6
-5
-11
-12
-11
-10
-13
-14
-19
-21
-24
-27
-21
-15
-16
-15
-20
-26
-26
-25
-22
-20
-23
-25
-26
-25
-25
-23
-20
-19
-13
-5
-2
3
2
-4
-5
6
26
32
16
3
9
29
48
55
52
54
62
79
120
144
120
81
58
46
42
35
50
123
205
251
233
137
55
26
62
131
155
97
11
-2
74
153
149
67
16
11
10
4
6
-14
-81
-164
-187
-154
-137
-128
-92
-57
-108
-178
-90
227
471
192
-526
-1121
-1034
-269
548
706
67
-724
-873
-221
580
695
-34
-899
-1041
-358
382
417
-270
-997
-1074
-461
285
534
149
-421
-592
-243
214
289
-108
-579
-677
-323
134
293
100
-184
-251
-57
195
273
127
-49
-61
109
308
341
198
14
-48
74
353
707
958
966
727
367
42
-158
-166
48
372
539
433
260
277
509
727
734
558
307
94
-17
29
122
5
-324
-571
-455
-129
71
102
58
34
-9
-73
-93
-112
-176
-349
-470
-360
-189
-149
-265
-303
-232
-239
-197
-146
-77
-19
-126
-151
-79
273
541
63
-551
-786
-322
348
468
122
-712
-1006
-276
658
1092
385
-593
-980
-493
645
815
-80
-1061
-1228
-387
283
473
-2
-809
-928
-330
543
667
31
-556
-722
-218
367
486
-43
-642
-562
-97
360
386
31
-274
-219
246
511
367
76
-120
-45
181
373
310
70
104
613
1199
1298
837
62
-520
-488
110
801
871
340
-224
-246
464
1133
1179
644
29
-154
3
354
490
56
-602
-934
-610
-32
234
147
-75
-120
23
210
307
136
-225
-510
-452
-152
20
-111
-397
-483
-372
-200
-80
-105
-138
-165
-15
144
86
-3
116
681
705
-347
-1474
-1774
-834
540
1433
1079
-355
-1052
-525
541
1164
567
-807
-1769
-1059
459
925
270
-781
-1362
-1064
-154
661
547
-213
-763
-537
96
241
-89
-525
-870
-708
28
444
147
-120
-143
-202
-70
236
108
-157
82
351
326
300
280
23
-160
95
393
772
1248
1366
969
128
-444
-375
203
870
852
348
-201
-203
642
1357
1429
840
62
-160
152
681
634
-81
-734
-1096
-817
-126
277
207
-98
-144
62
283
374
118
-326
-593
-580
-391
-171
-151
-341
-446
-358
-216
-92
-42
-46
-82
-137
9
-19
-166
-241
-23
948
800
-669
-1823
-1875
-542
839
1788
1057
-986
-1381
-325
1111
1631
507
-1315
-2435
-1107
905
1214
332
-1097
-1733
-1072
269
1326
726
-555
-1092
-531
436
543
-13
-831
-1313
-793
280
736
181
-240
-347
-349
106
447
237
-258
-217
164
181
364
388
9
-213
-120
214
661
1439
1914
1281
7
-912
-745
249
1153
1133
274
-575
-565
585
1784
1966
1061
-168
-544
96
972
909
-166
-1044
-1336
-927
-14
547
400
-110
-319
-60
381
662
254
-561
-930
-756
-404
-160
-118
-345
-631
-574
-250
74
110
-61
-201
-259
-35
105
-61
-290
-150
622
750
-206
-1294
-1772
-1064
313
1499
1281
-213
-990
-631
472
1335
891
-575
-1911
-1524
-25
870
690
-424
-1338
-1295
-370
747
917
211
-598
-746
-280
57
56
-364
-824
-805
-252
251
192
89
-17
-198
-43
205
210
21
110
292
156
256
321
63
-40
-4
83
287
1154
2114
1892
681
-768
-1180
-249
979
1499
717
-443
-851
-22
1541
2338
1804
266
-870
-423
741
1173
300
-885
-1500
-1402
-471
454
671
248
-314
-361
102
648
518
-288
-878
-916
-602
-276
-95
-192
-532
-741
-563
-43
248
147
-129
-308
-118
3
-3
-56
251
764
141
-958
-1653
-1468
-357
785
1526
730
-557
-713
-112
950
1179
262
-1158
-1896
-861
262
566
140
-823
-1172
-796
233
894
433
-182
-550
-262
105
6
-266
-789
-940
-527
197
539
227
18
-159
-170
152
321
55
-303
-179
77
169
306
158
-189
-129
197
383
384
775
1600
1970
1404
-40
-1129
-888
223
1298
1294
318
-547
-451
658
1849
2236
1357
-250
-896
-202
678
675
-244
-1131
-1446
-984
-130
440
596
228
-223
-241
150
438
7
-693
-999
-884
-620
-403
-178
-191
-516
-675
-383
113
350
168
-169
-221
-74
6
-27
173
616
292
-625
-1330
-1358
-606
375
1242
967
-88
-514
-279
529
1016
615
-487
-1543
-1221
-267
391
475
-280
-956
-1025
-230
669
605
115
-386
-464
-214
-92
-98
-537
-883
-701
-208
193
185
154
-40
-210
-36
70
6
-186
-160
-39
18
241
192
-99
-122
138
391
352
418
1076
1878
2105
1097
-615
-1346
-731
643
1564
1175
263
-475
-182
1027
2222
2711
1088
-982
-1059
75
860
537
437
-6
-1438
-1652
-683
194
185
-394
-749
-739
-218
284
248
-129
-596
-790
-347
337
557
45
-564
-483
152
357
-176
-514
-130
244
194
777
1783
2116
1093
-634
-1754
-2093
-1339
-883
-924
-684
-846
-1073
-846
464
1354
819
234
-455
-689
92
790
565
-561
-1357
-1501
-1245
-322
-222
-917
-1044
-624
-249
-466
-568
-550
-702
-866
-804
-227
250
76
-397
-460
-360
-161
106
201
160
483
1080
1000
806
685
442
8
185
1784
3982
5759
5235
2635
399
27
463
-107
-1014
-1301
-1356
-1953
-2385
-1116
1630
3203
1947
-246
-705
644
1557
1094
-144
-1117
-1439
-1344
-363
1165
1885
1161
376
641
821
52
-930
-1522
-2087
-2810
-3031
-2005
-588
-307
-943
-753
761
1618
777
7
537
990
137
112
2235
3410
1979
-366
-1691
-2168
-2220
-2082
-2540
-2020
-743
-724
-1102
197
1895
1131
-42
156
-233
-942
-598
69
-169
-838
-946
-960
-454
121
-618
-1281
-785
-243
-712
-1250
-881
-522
-630
-691
-197
650
670
-170
-596
-241
-204
-538
-486
-41
386
770
1067
1150
1708
1657
878
254
230
-36
-256
2269
5964
7703
5765
2188
-194
-887
-991
-2050
-2771
-2241
-1441
-1672
-1366
1130
4019
4323
1985
-255
-970
-709
-609
-355
-171
-550
-1071
-494
1620
3335
3005
1031
-456
-903
-1617
-2880
-3114
-2155
-2064
-2762
-2012
358
1879
1330
57
-325
201
-110
-1152
-1146
239
646
455
3748
6242
4035
-278
-3217
-4696
-5612
-4303
-3675
-3131
-443
1982
1827
2351
4606
2641
-1380
-2045
-2037
-3482
-2968
-493
502
-287
138
766
491
879
-545
-2768
-2870
-1989
-1901
-1856
-546
499
776
1064
1300
1395
979
-630
-2446
-2164
-1466
-1552
-343
1331
1908
2208
2983
3110
1860
423
-741
-2259
-2255
-1226
-591
2739
8263
10910
8205
3482
245
-1624
-3015
-4281
-4833
-3901
-1524
-74
818
3555
6222
5814
2275
-1298
-2801
-3334
-3356
-1870
-32
768
893
1711
3849
5004
3411
-50
-2987
-3840
-3978
-4642
-3885
-1200
370
-78
126
2269
3255
1016
-1902
-3019
-2886
-2365
-1853
-575
1909
3599
5596
7205
5677
1195
-3884
-7207
-8430
-6870
-4677
-2511
545
3808
4862
3843
4064
2664
-1383
-4338
-4885
-4348
-3042
-462
1979
2669
2321
1923
748
-532
-2236
-4409
-5117
-3822
-1718
-329
873
2209
2723
2155
1004
25
-843
-2270
-3642
-3584
-1934
-300
1118
2892
3521
3357
2670
1537
182
-1542
-2588
-3097
-2448
-470
1048
2495
6651
11758
12660
7345
-362
-5208
-6158
-5364
-5007
-3679
-633
2865
4018
3743
5169
5688
2585
-3125
-6797
-6236
-4094
-1657
1857
5173
5975
3960
1958
2586
2970
-366
-5687
-7678
-5051
-2049
-744
1049
3817
4080
867
-1982
-1710
-917
-2777
-5286
-4960
-1695
1347
3076
4364
6942
8969
5436
-379
-4070
-5945
-8405
-8785
-4776
-1270
570
2928
5460
5398
3588
378
-4025
-5542
-4156
-3600
-2783
902
4308
4024
2139
1844
394
-2499
-4132
-5019
-5021
-3791
-1192
1607
3187
3234
1750
172
-283
-1043
-2452
-3164
-2739
-1467
-569
505
1822
2950
2766
1202
785
192
-620
-1379
-989
-333
-869
44
913
1782
1934
2990
6917
10758
10052
2181
-5397
-6556
-3516
-1744
-1652
-291
2006
3213
2263
1888
3290
3038
-1684
-6698
-6416
-2075
739
1947
4706
6510
4367
-75
-1579
447
1072
-2463
-6330
-5075
-462
2018
1582
1764
2334
266
-3713
-4937
-2393
-826
-2384
-3418
-1142
2297
3327
3226
3574
5166
6587
1333
-4497
-4813
-4114
-5965
-5610
-864
686
279
2143
4184
2115
234
-1182
-5325
-4947
-654
100
-505
2480
4198
1443
-954
115
-1026
-4256
-3732
-2910
-2907
-1257
1449
2523
1941
968
-723
-2146
-1640
-659
-982
-1160
-1122
-516
163
813
1610
1998
1105
-233
69
211
-147
-288
747
318
-1084
351
1179
926
1150
2944
7020
11041
10044
1834
-5866
-6309
-2953
-2212
-1741
1032
2803
3228
2389
1764
2480
1473
-3267
-7986
-6796
-1025
2211
3111
5812
7312
4365
-797
-3127
-1585
-664
-3073
-5432
-3352
1640
4275
2961
1668
1200
-1757
-6273
-7256
-3563
-246
-483
-397
2720
5206
4680
2099
419
81
-1427
-3728
-3886
-953
1379
726
-784
-270
134
-696
-906
-1025
-700
-962
-1788
-1183
883
1422
-261
-1169
-667
-479
-1135
-367
423
-68
-170
-784
-1780
-1503
-898
-1120
-1038
-220
154
-385
70
1022
132
-1014
-1370
-1414
-1365
-945
174
1399
1894
1145
1062
761
-3
-268
-291
-222
-356
672
1117
1126
1595
1696
828
3351
9766
10643
3873
-4042
-6710
-4880
-940
1600
1790
2600
3871
2358
-1618
-932
1328
-1532
-6349
-6156
-838
3553
5176
5467
5067
2887
-1244
-5476
-5072
-517
1076
-1475
-2002
2220
4893
2326
-1048
-1835
-3207
-6344
-7112
-3328
1968
3798
1504
-256
983
2659
445
-1136
5849
7176
-2473
-7537
-3111
327
-670
58
-1753
-3865
-829
1882
-1389
-265
4128
-2740
-7046
577
4054
-675
-592
2043
-628
-2679
-529
-292
-1350
590
-1066
-4037
-1539
1535
1028
-60
-118
-978
-1948
-1707
21
1522
304
-2082
-2116
59
44
347
2374
1081
-534
-305
326
490
1841
1831
-1283
-1928
76
1285
267
1991
5762
9182
11842
7943
-2532
-10160
-7564
-615
1959
1389
2786
4590
3337
-477
-3220
-2355
-905
-2779
-5792
-2649
4840
7352
3785
1880
3092
218
-5728
-6294
-311
4165
2126
-1403
-441
3179
2830
-2108
-4937
-2815
-2101
-5286
-4852
1733
5835
1950
-3046
-1948
630
216
-2035
1584
10633
7864
-3287
-7110
-2001
-217
-2338
-2644
-3384
-699
1386
-551
-2027
2815
2704
-5921
-4483
2311
1732
-1173
144
771
-37
-765
-2033
-935
1748
576
-3663
-3126
-593
-83
413
609
418
318
-1355
-3102
-493
1585
-860
-2619
-901
787
-405
-393
1025
1476
1633
209
-834
74
1408
1534
346
-270
152
-25
-414
2131
7078
11183
11685
4553
-6939
-11292
-5303
2835
4041
1958
2469
3492
2018
-2914
-4867
-1209
783
-2659
-4356
1142
6977
5360
-518
-1384
1508
-101
-4737
-3339
3983
6719
1168
-3947
-2152
1535
97
-4169
-2810
2305
1171
-4555
-4747
925
2734
-2153
-5042
-1083
3001
2239
-665
5030
12322
3548
-8780
-8635
-783
1585
896
-183
-2608
-971
-259
-3322
-3136
3141
736
-6054
-702
4931
1697
-2492
-2511
-1783
-699
111
-36
983
1826
-609
-3618
-2548
-1275
-502
-147
-430
1242
1950
-738
-2463
-743
-1076
-2533
-1417
620
1002
121
312
126
671
1124
428
26
105
899
1422
1251
700
-38
-1726
-1631
3759
11521
14910
9311
-3581
-12507
-8728
1526
5871
3227
2079
2887
1677
-2242
-4677
-2295
-130
-1786
-3368
997
7672
6856
-1118
-5929
-2878
671
-250
33
4652
6419
1017
-4836
-4052
620
1042
-3496
-4747
748
4861
1615
-2845
-2579
-1840
-4992
-6792
-1565
5254
6001
1013
1133
6633
4119
-4168
-7216
-2565
1938
2984
1408
-1169
-1067
-856
-3703
-5199
-132
1732
-2140
-893
3190
2256
-1556
-3047
-2869
-1845
31
1136
1122
1577
825
-2407
-3942
-2518
-444
626
422
581
853
-389
-1725
-1211
-613
-1527
-1622
-521
763
789
-277
-1019
-1209
267
1733
2006
1035
663
833
429
-127
-232
21
-275
593
3467
9191
13939
10187
-3377
-13689
-9354
2192
8165
5468
1749
1600
1046
-3261
-6538
-2999
2060
748
-3183
-124
7411
7235
-1707
-7779
-4479
580
915
1225
5441
8056
2252
-7034
-8153
-562
3466
-678
-3464
678
4241
400
-4531
-3381
-783
-3320
-6663
-3027
4909
7022
2269
-2587
271
7529
3258
-6478
-6140
1002
3074
1061
1269
-456
-2254
-2773
-4449
-3487
1914
2979
-2496
-1581
2911
1430
-2106
-3071
-1954
-747
334
311
804
1932
91
-3302
-3958
-1603
1040
1917
260
-813
-283
-690
-1650
-391
540
-920
-1502
-1280
-834
545
1025
-606
-1079
123
1360
1700
1455
1032
354
-591
-1565
-921
1052
2674
4083
8774
13424
8942
-4670
-14410
-8774
4967
10586
5278
-60
655
1316
-4216
-8980
-3321
4909
3285
-3246
-1616
6487
6880
-2469
-8670
-4192
2479
1956
-398
4376
9717
3644
-8103
-9788
-271
5417
681
-3435
668
4202
-717
-6535
-4039
1320
-704
-6389
-4855
3760
7280
1970
-3624
83
7870
2811
-7044
-5477
2898
5036
761
-1420
-1869
-1203
-1105
-3710
-3667
1773
2839
-2708
-2235
2290
1388
-2431
-3596
-1646
731
1275
-135
-681
606
409
-2248
-2953
-796
1267
1511
-547
-1991
-707
193
-663
-175
1262
137
-2283
-2124
-1078
-881
772
537
-399
979
1444
1072
-274
624
1693
-251
-1188
-707
400
1685
5160
10909
13780
6196
-8804
-14291
-5190
8391
11224
3414
-893
391
-773
-6865
-7981
452
6632
1581
-4520
-749
6407
4811
-4780
-7971
-1298
3369
997
-132
5883
9208
515
-9771
-7502
2453
5584
-75
-3009
1170
2452
-3133
-6311
-1509
3107
-1041
-6974
-4180
3463
4816
-162
-2296
157
5694
6395
-829
-4499
-2149
248
-583
1226
3529
16
-4353
-5196
-3015
40
2869
1039
-1872
-637
143
-1428
-2599
-1400
659
1076
-513
-705
641
90
-2308
-3392
-1542
337
1834
1874
-693
-2260
-1304
-762
-820
1028
1798
-206
-3024
-2704
-1227
-1058
630
1666
1799
1274
357
-198
-656
458
1228
115
-891
68
1472
5167
12191
14078
4235
-10465
-13799
-2690
9375
10672
4025
-770
-1227
-2866
-7347
-5885
2768
7465
1372
-5552
-1776
4905
2845
-4234
-5163
346
3003
388
373
5466
6665
-1132
-9231
-5934
4113
6621
836
-2472
-337
-596
-4964
-5188
897
4448
-429
-5451
-2917
2486
3144
-1428
-3168
15
3021
1793
-807
640
2949
689
-3869
-3470
974
3022
950
-1595
-1916
-1309
-1078
-1350
-685
831
818
-1715
-3410
-1772
799
1277
-211
-556
87
-326
-2099
-2966
-1266
640
1205
676
-77
-320
-476
-1326
-1953
-774
479
349
24
-133
225
-984
-2482
-1420
782
2159
1799
478
-593
17
428
363
103
497
1927
1658
4750
11268
11014
337
-11212
-10287
1743
10943
8661
1438
-1793
-1355
-3477
-7534
-3922
5046
6770
-666
-5321
-426
4380
392
-5002
-3124
2444
3767
228
-23
4494
4325
-3206
-8049
-2343
6442
5840
-1045
-3182
-1061
-1834
-4779
-3228
2622
4232
-889
-5774
-4372
515
1752
15
-862
8100
12926
-1881
-13912
-9749
2329
7445
6307
2035
-3557
-3612
-2854
-4868
-3481
4056
4198
-2416
-2454
1821
1869
-3043
-6040
-2486
2369
2384
1492
-15
-2478
-3227
-3223
-2518
353
5758
5256
-3594
-6659
-1545
531
-441
1581
2830
252
-2133
-2883
-3021
-1387
2011
2018
-31
926
2802
250
-3122
-827
1969
903
-679
422
2233
6590
13129
11418
-2325
-14691
-10627
4333
14592
11599
1112
-5147
-4278
-3810
-6663
-3333
6632
8834
-1249
-7402
-818
5203
603
-6077
-4086
2934
5066
1316
-354
3181
3569
-4162
-9015
-743
10025
7747
-2665
-6185
-2729
-2290
-4298
-1402
4759
5239
-1336
-7230
-5662
-283
1660
-1035
326
10051
10212
-3333
-12668
-7639
2777
6736
5065
599
-2254
-2078
-3104
-5458
-2876
3139
3142
-679
-810
1347
10
-4366
-5536
-1471
2533
3198
1593
-1517
-3446
-3192
-2560
-1361
2256
5841
2394
-4445
-5209
-1909
-24
865
2446
2366
293
-1623
-3495
-4280
-1109
2759
2290
602
643
836
-886
-1346
457
1566
1163
738
568
585
5947
12594
10320
-2570
-13777
-9659
5505
15950
11146
-928
-6313
-4053
-3788
-6110
-1480
7466
7569
-2460
-7309
-866
4749
457
-6156
-4108
3692
6088
989
-1557
1954
2303
-4395
-7048
1713
10397
6517
-3978
-7513
-3513
-1231
-2001
-282
4166
5416
-481
-6506
-5237
-59
1315
-1736
-1411
3197
4775
534
-3421
-2706
119
1194
279
578
1939
1659
-1662
-4799
-3450
761
2326
504
-773
-901
-1756
-3225
-3085
-749
1669
1897
-63
-1939
-1860
-1037
-1302
-1225
485
2005
1105
-1285
-2417
-1442
-259
216
289
202
1206
1008
-1046
-2791
-1951
154
1074
1560
767
-250
-760
219
1094
1230
1858
693
-345
177
2452
7575
11671
6828
-6965
-14064
-4397
11781
15572
5091
-4987
-5994
-2490
-2773
-3898
1144
7278
4062
-5074
-6202
2112
5344
-2292
-7325
-1596
5692
4837
-271
-796
1496
-296
-4987
-3775
5124
9999
2633
-7012
-6872
-1518
-141
-1176
962
3619
1072
-4260
-5623
-2288
1515
460
3140
8919
2756
-8113
-11355
-3462
6923
10417
3621
-6186
-5733
51
106
-2531
-235
1392
-160
60
377
-696
-2040
-3980
-3829
-33
3201
3928
184
-5453
-5608
-1435
1205
1340
2931
2920
-1964
-4766
-2314
-519
241
2757
1063
-1839
-999
359
-1001
-2684
502
1873
658
811
1541
403
-2112
-1253
-224
1002
2605
2385
742
3697
12453
11997
-2480
-15526
-11089
5391
16312
12069
126
-5499
-3408
-2887
-6474
-2905
7276
8580
-1719
-7874
-1564
4531
584
-5801
-4135
3248
6270
1880
-2074
449
1925
-3681
-7112
1005
10899
8075
-2853
-7739
-4623
-1594
-1042
247
3887
4898
-618
-7191
-6233
1290
4521
349
-3172
-308
3099
1695
-1787
-3207
-1168
662
383
296
2165
3055
-561
-5212
-4554
717
3412
1141
-1947
-2425
-1556
-1761
-2389
-1254
1498
2291
-327
-3081
-2354
-281
-705
-1734
-733
1133
1305
-160
-915
-923
-617
-779
-1248
-138
2053
1606
-1910
-2857
-565
1368
1397
726
414
-25
-227
41
-18
551
1389
847
607
3435
9365
11831
4226
-9050
-13985
-3656
11517
15060
4978
-4445
-4583
-1764
-3268
-4366
1340
7368
3842
-4500
-5376
1178
3763
-2138
-6347
-1209
5575
4622
-538
-1161
1547
-342
-5349
-3862
4527
8899
3027
-5170
-6144
-2316
-802
-1126
803
3638
1705
-3731
-5920
-2500
2037
1884
6576
9326
-1143
-10752
-10678
-1781
6915
9836
2727
-7032
-5258
887
293
-2018
766
1258
-806
370
1250
-913
-2989
-3902
-3122
-663
2221
4127
424
-4823
-4180
-1534
-1141
151
3282
2243
-2992
-3430
-668
-1348
34
3522
1339
-2040
-1903
-2086
-3105
-761
4143
3577
-51
-485
-336
-804
-392
1773
1096
-549
427
2498
7907
13872
9573
-7799
-18949
-7081
13099
17365
6106
-4005
-5010
-2686
-4405
-6241
84
9817
7831
-4638
-7826
2048
6278
-2616
-8488
-1881
5696
4580
-116
-193
2761
850
-6176
-7178
3146
11487
5396
-5587
-7015
-2559
-1731
-2298
1582
6189
4329
-2912
-7547
-4627
1503
3045
-506
-1417
2480
4256
368
-3461
-2452
-327
-412
-997
346
2680
2950
-558
-4955
-4290
747
2971
638
-1140
-704
-1376
-3487
-3446
-511
2362
2318
-1109
-3609
-1788
769
110
-1913
-1181
599
25
-1248
-1257
-279
384
-175
-634
543
1148
-484
-2177
-1549
830
1385
-20
-180
1272
2181
919
-548
-148
874
1384
1201
3586
9695
11397
1205
-12168
-11905
2032
13214
10496
661
-3753
-1578
-1698
-6059
-5404
3472
8384
1665
-5199
-1680
4636
2116
-5258
-5578
1005
4757
2040
-719
1730
3427
-1877
-7553
-3573
5928
7723
485
-4515
-3420
-2186
-2984
-1983
1719
3942
1003
-3537
-4565
-697
1658
1442
7272
7254
-2916
-10593
-7774
2243
8396
7195
-2050
-8449
-3651
1937
237
-1511
788
415
-1505
-483
1399
986
-1242
-3761
-4212
-2115
2251
4136
-907
-4648
-2467
-316
-1452
-906
2753
2276
-2176
-2975
-2028
-2040
833
2683
19
-1837
-504
-845
-3161
-888
3983
3703
154
-622
-167
-754
-102
1688
2076
1660
3112
7705
10708
6138
-5779
-14193
-6826
9508
15026
5261
-3881
-2869
-581
-4905
-7576
-292
8026
5948
-2686
-5233
1142
4899
-963
-6527
-2220
5072
4303
-991
-40
4367
1754
-5766
-6845
786
6901
3919
-2470
-3867
-1650
-1418
-3264
-1588
3925
4943
-1315
-7036
-4587
2295
4389
1007
-1503
-385
1132
267
-1307
-430
1925
1736
-1317
-2589
12
1965
-261
-3075
-2028
778
1039
-1141
-2323
-1128
-239
-1357
-2317
-752
2112
1994
-1673
-3708
-1775
466
-187
-1496
-719
947
684
-1181
-2298
-1471
240
558
-127
-248
336
-427
-1872
-1396
461
1493
712
-372
565
1685
1783
1328
312
493
856
2217
7318
11520
6611
-6510
-13338
-4773
8636
11875
4660
-1789
-2232
-1944
-5253
-6747
46
7386
4462
-3560
-3885
3180
4962
-1459
-5270
-1875
2239
1904
294
2782
5603
1834
-5937
-7771
-425
5754
2824
-2177
-2345
-1147
-2372
-3112
-570
2237
924
-2456
-4279
-926
3082
5307
9164
3711
-6885
-11671
-7065
3372
10220
9152
-1680
-9104
-5415
-300
73
344
1639
11
-820
707
735
-856
-1821
-3320
-4125
-2211
2273
4734
511
-3404
-2637
-1650
-2015
-902
1936
1355
-994
-839
-1829
-2845
348
2153
-1193
-2348
-137
-181
-1576
-57
2072
986
-227
463
29
-263
1957
2816
1443
413
4145
10583
10514
849
-11051
-11425
1398
12445
8855
-900
-2442
1226
-1076
-7812
-6357
2890
6640
834
-4168
-423
5928
3526
-4917
-5923
902
4075
408
-522
5225
6538
-1683
-8474
-5156
2760
4566
-110
-2092
193
541
-3384
-4927
445
4011
-246
-5768
-3628
3287
5918
1878
-3165
-3345
-240
1380
316
808
3163
2135
-2497
-4545
-1682
1631
1765
-498
-1623
-650
227
-1188
-3063
-1702
863
428
-1653
-1380
767
895
-1617
-2739
-1511
145
708
-319
-986
-521
332
-579
-2453
-1747
334
417
166
102
-39
-1008
-2160
-741
296
1092
770
-312
84
1424
2215
793
-167
1166
1865
3985
9749
11031
1574
-10842
-10736
968
9600
7468
287
-1401
1508
-93
-6694
-7007
1587
5740
-552
-4236
2409
8109
3124
-5558
-6217
-817
1850
396
688
5660
7552
351
-7649
-5946
1177
2113
-1989
-1741
1918
1839
-1809
-2947
-241
1564
-838
-4875
-4096
2325
6440
2893
-2213
-2355
-46
-95
-1287
-365
1398
1882
64
-2326
-1984
579
1009
-1748
-2436
465
1865
-580
-2910
-1967
-97
37
-1140
-1328
52
924
-253
-2096
-1624
71
-359
-1798
-1166
697
984
-1002
-2372
-1092
340
459
-407
-790
-12
80
-600
-726
284
1001
506
124
731
1508
1213
616
1168
1674
4863
9811
8662
-566
-10320
-8433
2073
8408
5713
290
28
2293
-491
-6668
-6035
898
3410
-813
-1729
4469
7628
1889
-5116
-5020
-359
1516
-388
306
5112
6035
-321
-5733
-3172
1324
-353
-4100
-2274
2541
2716
807
196
-534
-2480
-5253
-4605
-488
5241
6482
1190
-2419
-980
-2
-2393
-2916
-34
2102
1452
109
-984
-1013
62
-481
-2953
-3153
665
2386
-36
-1683
-769
-485
-1626
-1576
-606
-270
319
764
-163
-782
-387
-893
-2240
-2151
-44
509
-496
109
664
305
-916
-1355
-1690
-1781
-361
1184
1659
1416
1648
278
-693
-40
1009
829
585
1626
3844
8648
10138
3060
-8301
-10422
-1721
5278
4826
1876
2608
4127
1024
-5846
-7488
-1200
3257
-218
-3281
2347
8215
4783
-2628
-3744
-167
-280
-3885
-3014
4208
8620
4038
-3386
-4086
-325
-1288
-5785
-4501
2121
4341
869
-39
2919
1984
-4174
-8478
-5085
2548
6335
3815
657
1492
1452
-2865
-6055
-3101
1505
1417
-873
-337
2283
2571
-449
-3414
-3653
-1916
-791
-1023
-161
2663
3075
-745
-3739
-2526
-694
-752
-913
107
987
859
57
-1359
-1420
-1123
-2028
-2282
-715
1703
1912
191
-613
-936
-951
-1629
-1316
763
2457
2468
1301
692
426
361
26
223
1319
5731
9956
7177
-1791
-8194
-5181
664
2775
1337
1267
3737
3503
-1525
-5502
-2226
2369
377
-3946
-1338
5186
5905
1032
-1385
750
634
-3359
-4835
236
5999
4146
-2230
-3356
737
1136
-3591
-4745
-140
2185
965
-168
566
1028
-1045
-3583
-3433
1266
3911
1164
-615
1464
2123
-1575
-3812
-2104
-23
-30
-1139
-994
915
2188
442
-2428
-2759
-891
-448
-1613
-867
1536
1414
-1387
-2644
-1243
39
-117
-536
-509
67
350
-702
-1437
-522
39
-1115
-1776
-35
1596
600
-1251
-1341
-397
207
123
-208
454
877
979
618
1343
2512
1619
347
-289
2602
7295
8161
2340
-5282
-5941
-1537
1299
774
937
3189
3380
-656
-4281
-1706
3172
2035
-3968
-4731
1482
5480
3027
617
2602
3051
-1946
-6053
-2716
3480
3613
-1566
-3191
920
2735
-1449
-4338
-875
2526
337
-2840
-1596
1502
1209
-1460
-1557
1552
2809
-44
-2133
134
2174
-174
-3015
-2062
451
378
-1462
-1643
215
1137
-391
-1768
-834
428
-543
-2363
-2209
-415
410
-277
-658
-42
277
-743
-1753
-1108
219
494
-539
-1347
-815
-355
-318
-31
388
601
-162
-1007
-1273
-796
472
927
325
108
788
1551
1217
952
1058
1312
1069
1764
5862
8474
4992
-2799
-6324
-3532
-161
720
442
2219
3620
1099
-3182
-2516
2352
2584
-2950
-5443
-927
3500
2937
1687
3619
4246
-129
-4732
-3623
1133
2229
-1246
-2856
393
2424
-264
-2393
102
1191
-2127
-3101
-542
1601
228
-1351
-857
1000
2436
609
-851
315
1260
-810
-2303
-619
170
-1416
-2165
-424
1098
683
-396
-534
-623
-1200
-1539
-1176
-762
-695
-401
-313
-174
-26
-274
-996
-805
-317
-935
-1059
-118
468
-865
-1560
-527
411
586
107
-121
-367
-719
-714
-464
-98
579
1093
1407
1735
1522
757
-292
169
833
1623
5122
7987
5755
-1154
-4554
-2725
-746
-390
-297
1338
2189
1108
-795
-367
2290
1937
-2447
-4764
-1613
1373
593
465
3673
4798
985
-2287
-978
1230
32
-2814
-3073
-200
1329
-141
-911
935
1165
-1805
-1736
981
821
-2476
-3788
-1061
1433
2406
1686
1165
1632
482
-1640
-2074
-742
-1198
-3089
-2285
758
2082
995
340
787
-307
-2638
-2751
-668
158
-1165
-1863
-834
470
794
175
-437
-436
-936
-1767
-1521
-153
268
-1399
-1630
-41
1243
702
-85
492
-62
-1020
-1342
-678
77
593
1327
1723
2110
1751
987
681
594
178
1760
5510
6427
2156
-2562
-2289
-254
-252
-1053
88
1899
1062
-1092
-1119
2022
3619
232
-3728
-3042
11
402
152
2705
4401
1088
-2855
-1560
2188
2043
-1548
-3092
-1337
258
-579
-1049
445
1361
-432
-1543
681
1410
-1064
-3382
-1980
252
630
723
1212
2085
1188
-600
-1233
-476
-697
-2672
-2852
-689
1001
873
804
1036
112
-1300
-1195
-298
-975
-2676
-2746
-733
673
568
193
196
-35
-826
-875
-275
-166
-1267
-2514
-1679
142
1089
799
443
651
-88
-953
-962
-410
74
-449
-111
1407
2283
2081
1523
1972
1497
1020
3358
5104
3459
-627
-2121
-1105
-692
-218
445
1577
1496
102
-816
96
2057
1288
-1620
-2623
-1185
-191
246
2239
3736
1404
-1975
-1651
1057
1567
-395
-1691
-1408
-701
-656
-629
167
1411
786
-1171
-1005
-133
-1095
-2794
-1510
492
60
-281
902
1983
1054
-27
-130
-399
-1296
-2368
-2067
-374
764
200
-657
-303
391
229
-26
-15
-932
-2652
-2907
-958
694
276
-513
-255
82
-50
103
606
-13
-1522
-2220
-1720
-677
27
353
746
917
734
51
-353
-281
-741
-1000
-596
749
1294
850
1442
2189
2185
1398
2659
4358
3310
735
-1179
-1295
-1608
-1026
1062
2857
2452
53
-1130
-60
1765
1588
-545
-2109
-2255
-1745
-297
2448
3767
1229
-1934
-1188
1633
2064
-12
-1623
-1677
-1473
-1171
-310
1322
2251
258
-1804
-1229
50
-1033
-2544
-1063
180
-505
-817
477
1418
738
587
567
-402
-1667
-2121
-1241
-172
177
-570
-1490
-922
636
1613
1383
193
-1478
-2928
-2668
-989
-169
-688
-882
-144
206
147
686
1182
49
-1474
-1562
-944
-835
-1068
-384
345
798
967
687
338
-297
-402
-461
-255
160
147
567
1162
1963
1708
1753
3513
4164
2786
493
-664
-1763
-2495
-792
1677
2613
1404
22
-529
308
2102
2205
-139
-2688
-3128
-1576
1068
3062
2028
-1018
-1723
613
2317
1492
25
-849
-1821
-2159
-992
1215
2002
514
-1165
-1063
146
-142
-1089
-1210
-965
-1259
-1276
-115
626
647
541
445
-34
-719
-800
-584
-366
-434
-910
-1254
-727
246
633
386
41
-407
-1080
-1211
-892
-1003
-1483
-1377
-489
253
312
382
185
-217
-378
-174
188
-529
-875
-648
-62
411
174
228
245
644
604
79
-165
-246
-311
-69
634
1116
682
944
2709
3724
3527
1991
-5
-2187
-2636
-178
2074
2296
509
-955
-991
671
3075
3077
261
-2860
-3413
-1386
1270
2509
961
-1430
-1562
540
1957
1545
574
-671
-1855
-1614
643
2119
911
-1076
-1680
-713
41
318
123
-375
-860
-1357
-913
155
900
328
-1036
-1305
-413
543
586
-108
-770
-1170
-1069
-547
-116
-82
-337
-432
-204
200
346
-121
-1050
-1647
-1421
-961
-543
-435
-434
-246
-93
147
-44
-258
-473
-870
-664
-85
450
361
152
428
358
9
100
446
813
448
32
108
180
643
691
1596
2498
2348
1852
1019
359
-1228
-1458
276
1942
1911
260
-769
-713
928
2611
2190
-137
-2127
-1816
43
1772
1754
-431
-2286
-1427
842
1826
912
-148
-1000
-1456
-324
1444
1801
-293
-2415
-2289
-706
827
1063
472
-466
-1268
-1103
-60
900
432
-999
-1663
-797
573
1047
358
-846
-1621
-1458
-486
384
284
-579
-1118
-516
611
766
-220
-1263
-1424
-859
-529
-206
-227
-577
-606
-112
670
245
-670
-1176
-969
-223
271
502
82
-349
-315
150
627
628
168
-168
-61
431
736
468
170
132
1019
1991
2732
2929
1728
-748
-2963
-1913
1172
2846
1749
-271
-997
-361
1491
2901
1950
-949
-3040
-2195
610
2810
2231
-715
-2564
-1070
1649
2324
893
-602
-1651
-1804
-173
2068
2280
-313
-2658
-2376
-324
1095
656
-484
-1394
-1622
-950
573
1753
1002
-938
-1889
-768
1045
1469
12
-1724
-1868
-563
487
331
-358
-729
-641
-93
634
606
-490
-1636
-1551
-565
147
65
-756
-1488
-1101
288
1190
558
-598
-926
-710
-347
-50
208
-7
-550
-315
471
1208
1031
369
-43
6
622
670
165
-270
232
1267
1655
2037
2027
744
-1592
-2418
-253
2176
2365
360
-1456
-1378
575
2907
3205
1195
-1430
-2559
-1292
1245
2404
395
-2514
-2599
139
2347
1931
296
-1014
-1378
-477
1066
1942
527
-1994
-3097
-1714
871
1983
1172
-623
-1742
-1276
112
1041
279
-1230
-1893
-964
951
2071
1225
-967
-2156
-1261
240
579
-320
-1193
-1158
6
1411
1560
264
-1128
-1289
-611
5
265
-203
-984
-1055
36
1176
860
-257
-1009
-837
-141
338
273
-407
-839
-500
216
664
631
311
104
36
350
597
388
69
-35
515
1031
1739
2108
1274
-618
-2143
-1377
672
2118
1506
-570
-2079
-1484
1000
2763
2090
-331
-2189
-1739
610
2633
2042
-656
-2484
-1789
264
1557
1319
18
-1299
-1249
309
1922
1764
-235
-2269
-2611
-1110
723
1401
557
-898
-1589
-765
786
1313
169
-1337
-1511
-267
1079
1223
64
-1298
-1509
-477
517
486
-358
-1097
-991
29
999
828
-205
-836
-543
134
539
341
-387
-917
-485
438
747
118
-630
-710
-206
475
695
196
-693
-1129
-634
242
811
660
171
-72
223
709
813
433
-224
-570
-88
1347
2525
2004
-110
-2085
-2053
-171
1889
2243
521
-1617
-2058
-171
2222
2618
468
-2178
-2627
-381
2245
2586
307
-2189
-2488
-631
1371
1748
481
-1191
-1718
-408
1511
1926
268
-1764
-2278
-1093
609
1368
522
-991
-1431
-299
969
924
-271
-1358
-1226
133
1430
1258
-223
-1364
-1100
32
888
703
-422
-1410
-1047
443
1326
600
-829
-1448
-809
319
933
505
-582
-1221
-723
407
1030
631
-223
-611
-137
587
680
32
-646
-716
-303
184
420
337
63
-102
180
656
734
193
-395
-375
219
1180
2021
1908
377
-1580
-1989
-358
1729
2247
704
-1386
-2000
-456
1684
2215
627
-1587
-2337
-812
1636
2511
823
-1592
-2273
-828
1066
1695
681
-1029
-1855
-886
1042
2012
1046
-892
-2035
-1543
-17
1187
1011
-356
-1492
-1170
180
978
451
-672
-1150
-497
589
902
105
-831
-907
-257
317
399
-11
-577
-613
196
991
659
-473
-1077
-561
306
583
128
-535
-866
-654
-28
535
571
35
-473
-362
256
665
427
-72
-280
-68
252
494
538
310
-27
-120
231
649
735
461
190
221
666
1349
1586
803
-680
-1515
-748
1002
2006
1218
-609
-1688
-982
727
1738
1038
-753
-1900
-1161
863
2079
1163
-933
-2059
-1320
268
1199
820
-384
-1212
-682
703
1318
356
-1232
-1902
-1152
222
861
207
-814
-863
67
689
281
-582
-968
-549
292
697
110
-881
-1083
-185
762
733
-202
-1104
-1077
-61
1019
1001
-77
-958
-728
135
667
570
18
-584
-742
-168
589
647
-3
-520
-297
281
569
340
-75
-293
-230
65
367
486
270
-40
-64
238
516
418
218
164
206
185
414
1169
1748
1264
-241
-1350
-979
524
1759
1544
104
-1325
-1353
94
1709
1870
224
-1709
-2006
-289
1596
1792
321
-1232
-1553
-675
568
1086
463
-688
-1151
-408
687
982
153
-1000
-1488
-837
101
404
134
-309
-847
-1022
50
914
109
-935
-407
436
220
-64
-43
-664
-1170
-309
599
138
-659
-480
4
348
686
504
-464
-1067
-614
68
241
85
-289
-678
-426
410
763
156
-534
-618
-176
356
688
472
-155
-533
-280
360
725
585
106
-132
131
550
762
510
6
-332
211
1434
2019
1164
-556
-1509
-946
618
1687
1269
-152
-1195
-821
496
1505
1119
-355
-1564
-1288
320
1599
1308
-215
-1385
-1259
-128
936
972
115
-553
-281
151
-43
-552
-692
-490
-276
-146
-382
-779
-631
244
777
201
-854
-1350
-831
314
1119
624
-733
-1429
-693
557
965
272
-832
-1447
-1028
235
1217
817
-575
-1402
-917
164
850
703
-164
-1085
-1213
-432
476
757
354
-234
-424
-83
336
316
-52
-342
-378
-185
202
617
570
55
-304
-42
485
631
447
154
2
120
650
1366
1612
981
-330
-1130
-551
920
1692
971
-378
-1089
-641
411
1206
939
-278
-1337
-1180
73
1099
942
-211
-1173
-1054
-54
788
756
281
-25
-127
-325
-452
-288
-39
57
-81
-386
-730
-686
-133
432
323
-540
-1311
-1181
-171
713
631
-282
-1084
-1013
-237
500
541
-90
-814
-925
-313
476
692
170
-478
-706
-473
-132
76
-18
-369
-618
-519
-201
41
127
54
-113
-224
-138
86
243
293
222
71
-53
-28
159
318
316
154
50
189
426
458
217
-10
19
395
989
1413
1182
235
-699
-710
305
1319
1271
235
-685
-607
242
1026
1063
306
-671
-1005
-335
714
1091
357
-825
-1399
-921
51
645
572
167
-135
-148
51
154
-87
-567
-896
-782
-279
229
297
-104
-518
-516
-205
-11
-140
-368
-394
-220
-91
-178
-373
-466
-360
-122
88
103
-140
-419
-342
154
536
282
-384
-742
-440
151
420
115
-537
-987
-803
-121
463
443
-93
-552
-439
105
494
356
-124
-436
-293
146
474
471
239
27
-6
152
419
522
284
-30
92
730
1275
1124
285
-565
-681
60
997
1278
656
-304
-694
-96
959
1364
623
-563
-1060
-481
517
993
550
-376
-967
-756
45
829
1050
514
-410
-993
-736
104
731
532
-363
-1141
-1033
-86
789
733
-159
-975
-936
-91
731
695
-166
-997
-1009
-307
318
280
-255
-671
-556
-59
324
265
-124
-430
-359
-5
257
150
-195
-401
-295
-102
-134
-343
-393
-144
171
244
60
-179
-319
-289
-65
227
294
45
-185
-80
248
443
349
119
-13
42
238
426
407
140
-76
220
964
1388
862
-236
-850
-457
488
1123
926
62
-746
-738
160
1129
1170
190
-823
-854
67
957
980
184
-743
-1119
-612
528
1357
990
-304
-1247
-941
189
1004
771
-301
-1233
-1123
-53
913
883
17
-790
-802
-70
608
491
-266
-820
-655
-103
199
36
-311
-457
-250
97
188
-90
-369
-257
158
395
170
-279
-506
-341
23
232
68
-314
-485
-236
147
241
-12
-307
-376
-204
51
201
138
-102
-317
-308
-65
195
255
128
19
42
141
240
299
272
162
160
441
843
909
397
-304
-554
-143
496
783
502
-97
-521
-401
185
652
460
-222
-627
-280
440
774
456
-168
-679
-796
-301
664
1240
607
-754
-1394
-612
725
1289
575
-848
-1762
-1241
399
1590
1102
-528
-1588
-1008
599
1587
872
-864
-1834
-1152
298
1068
610
-528
-1285
-902
309
1060
532
-600
-1086
-634
81
411
157
-494
-975
-744
13
488
221
-393
-672
-436
4
283
180
-219
-506
-379
36
352
287
-128
-490
-366
122
425
291
5
-106
-4
219
398
353
192
300
716
912
507
-182
-541
-313
274
729
661
117
-412
-447
25
561
567
-118
-855
-838
-75
636
683
166
-457
-675
-179
605
703
-165
-1106
-1151
-297
645
835
43
-1014
-1228
-336
697
851
110
-750
-960
-346
503
731
154
-551
-683
-273
165
237
-92
-493
-487
17
475
348
-164
-425
-230
74
182
84
-159
-436
-502
-252
30
49
-110
-176
-61
118
221
163
-17
-173
-218
-186
-102
-10
-44
-151
-86
164
304
177
1
-31
-10
-8
53
114
-15
-153
173
902
1329
924
-39
-743
-627
132
805
807
207
-457
-660
-197
569
835
193
-720
-908
-257
435
524
68
-520
-832
-574
181
845
830
182
-533
-784
-453
116
378
48
-602
-991
-704
128
810
670
-210
-979
-952
-251
470
621
78
-692
-914
-281
571
721
48
-673
-749
-239
346
621
484
38
-374
-313
210
587
308
-386
-806
-600
-41
343
318
65
-91
20
300
484
336
-79
-399
-288
156
469
384
111
19
189
414
451
256
-11
-113
23
203
238
180
312
668
903
613
-133
-694
-505
308
958
837
38
-723
-762
-36
774
828
10
-939
-1084
-289
641
742
-66
-913
-937
-166
578
664
102
-551
-731
-315
255
348
-132
-698
-806
-446
25
270
185
-54
-205
-185
-148
-177
-229
-252
-295
-340
-283
-124
47
168
221
133
-94
-282
-225
57
303
356
229
48
-58
-30
89
159
108
-45
-165
-147
47
306
410
279
49
-41
30
156
232
224
121
-54
-144
-17
301
552
543
317
92
23
78
165
161
86
93
343
703
801
442
-79
-262
10
422
540
249
-203
-409
-143
358
583
266
-259
-450
-145
279
373
60
-353
-472
-226
140
228
-56
-410
-487
-237
23
36
-170
-364
-381
-248
-94
-25
-41
-82
-41
66
82
-96
-342
-417
-291
-174
-229
-327
-263
-50
124
143
51
-72
-157
-114
64
209
130
-139
-329
-220
81
284
249
71
-79
-101
17
235
425
406
141
-143
-128
212
536
523
221
-52
-74
134
397
529
437
183
-19
15
237
366
223
-12
-27
268
628
706
420
23
-139
97
517
682
370
-179
-473
-249
226
434
148
-329
-518
-239
220
426
203
-233
-458
-261
120
187
-243
-757
-790
-268
305
394
-25
-513
-646
-393
-58
45
-136
-356
-332
-33
245
179
-187
-482
-447
-210
-76
-142
-245
-198
11
228
284
119
-150
-289
-173
93
245
130
-122
-247
-121
130
266
178
-43
-203
-176
42
280
328
170
-3
-4
155
291
270
112
-60
-104
34
252
355
270
140
146
287
387
316
104
-77
-59
209
564
685
421
14
-143
80
428
551
336
-47
-287
-177
208
521
437
10
-355
-316
73
438
459
122
-297
-467
-284
36
136
-118
-495
-633
-405
-18
215
123
-190
-469
-499
-261
38
132
-67
-383
-542
-411
-111
101
64
-166
-377
-379
-154
102
161
-12
-248
-317
-157
80
196
120
-77
-247
-266
-99
127
229
143
-25
-101
-7
165
278
251
107
-40
-73
55
240
315
239
111
32
34
96
184
229
174
71
37
121
228
250
186
112
130
258
417
470
331
102
-29
30
214
354
357
249
109
62
143
247
242
89
-95
-154
-83
19
86
84
-12
-172
-297
-289
-184
-138
-229
-359
-377
-240
-48
70
42
-135
-355
-463
-366
-149
-15
-82
-245
-315
-241
-120
-63
-88
-167
-264
-278
-151
12
54
-67
-227
-281
-209
-59
98
161
64
-110
-171
-47
122
157
48
-97
-178
-160
-54
94
184
146
36
-8
70
193
248
219
127
-1
-68
22
211
296
182
-20
-115
-36
113
220
238
168
68
54
163
286
299
193
100
119
194
230
216
199
187
185
198
194
126
-4
-100
-82
7
61
51
11
-37
-68
-53
1
20
-48
-122
-103
-31
-2
-39
-74
-90
-130
-179
-167
-97
-56
-106
-178
-187
-147
-104
-79
-54
-44
-78
-137
-147
-94
-45
-58
-108
-122
-72
-9
14
-21
-70
-90
-93
-89
-69
-28
-13
-48
-82
-43
41
59
1
-46
-38
-10
-14
-8
19
27
3
-22
1
59
89
77
76
95
102
69
13
0
56
123
157
159
134
90
48
46
81
114
114
81
46
36
53
80
102
100
63
18
-1
17
65
100
84
30
-14
-10
34
69
62
21
-32
-68
-52
16
75
66
-7
-83
-103
-75
-28
15
27
-5
-58
-70
-38
-3
7
3
21
41
40
14
-17
-59
-110
-132
-92
-24
9
-1
-30
-36
-16
9
26
21
-22
-89
-137
-133
-65
3
29
28
22
17
-1
-22
-27
-16
-23
-34
-25
-4
6
2
2
27
61
70
44
0
-59
-110
-126
-80
15
103
135
110
68
17
-17
-26
-23
-6
13
16
9
13
19
23
20
14
19
24
4
-29
-46
-37
-14
6
33
71
90
77
52
36
26
-7
-53
-87
-95
-81
-52
-18
25
51
33
-3
-32
-50
-70
-82
-63
-10
28
34
34
40
48
36
10
-18
-49
-85
-110
-106
-75
-49
-34
-16
-4
-8
-40
-88
-113
-91
-37
11
29
25
12
3
5
24
27
-18
-102
-172
-173
-120
-54
-10
-9
-23
-32
-33
-25
-29
-52
-86
-105
-86
-30
45
96
111
106
95
69
20
-36
-68
-74
-59
-29
3
20
9
-15
-29
-38
-41
-49
-49
-22
21
57
76
71
46
22
17
30
49
53
27
-15
-48
-51
-34
-11
-2
-5
-13
-20
-18
-6
13
26
26
21
19
26
39
50
56
50
25
-6
-30
-39
-29
-27
-37
-46
-50
-53
-60
-69
-69
-65
-64
-69
-76
-87
-100
-120
-124
-100
-55
-11
22
40
28
-7
-48
-87
-120
-139
-132
-98
-57
-38
-42
-63
-86
-102
-92
-60
-32
-35
-55
-71
-61
-22
36
89
107
81
22
-32
-63
-73
-65
-56
-33
3
26
36
31
21
22
25
27
19
4
-11
-12
5
35
67
76
63
41
14
-12
-23
-24
-14
6
28
47
51
35
23
24
27
31
32
27
19
10
21
47
70
80
73
65
57
36
3
-26
-52
-57
-35
-11
12
22
14
8
6
-3
-14
-32
-54
-65
-58
-36
-7
21
39
46
45
34
11
-20
-51
-73
-74
-62
-49
-33
-21
-14
7
33
35
10
-31
-63
-78
-67
-29
18
51
59
44
21
-5
-35
-56
-61
-56
-43
-36
-34
-12
22
53
73
59
20
-25
-55
-59
-47
-35
-34
-36
-24
14
63
94
87
45
-2
-29
-26
2
24
33
36
37
50
58
58
47
17
-12
-28
-25
-6
10
7
4
11
25
35
34
24
7
-7
-10
-8
-5
4
16
27
25
7
-13
-23
-24
-17
-1
4
1
-4
-11
-9
2
9
14
16
7
-2
-9
-20
-22
-18
-7
8
15
10
2
-5
-5
-4
-4
-4
-18
-34
-38
-37
-34
-33
-46
-50
-44
-29
-7
7
14
16
7
-2
-13
-21
-18
-14
-14
-10
-9
-17
-32
-46
-45
-34
-19
-14
-13
-10
-14
-13
-7
-8
-10
-12
-17
-13
4
19
35
46
40
30
15
-7
-21
-34
-41
-35
-27
-10
13
35
49
55
44
20
-8
-25
-24
-16
-6
6
24
44
58
62
48
16
-13
-29
-31
-15
-5
1
2
-2
-2
-4
-10
-14
-17
-18
-8
2
8
7
-10
-38
-52
-49
-33
-16
-12
-13
-24
-39
-41
-49
-59
-61
-54
-38
-23
-24
-39
-52
-64
-72
-75
-71
-52
-38
-35
-30
-36
-44
-53
-65
-70
-69
-65
-60
-49
-39
-33
-35
-41
-44
-50
-54
-50
-45
-35
-19
-4
12
12
1
-12
-20
-21
-17
-15
-4
1
3
5
1
-5
-11
-20
-29
-29
-21
-13
-9
-15
-28
-34
-32
-16
7
25
32
26
22
17
15
14
12
6
-5
-12
-12
0
12
17
23
28
23
9
-3
-19
-24
-22
-14
3
19
29
27
25
25
24
13
-3
-18
-25
-21
-15
-2
8
11
12
5
-6
-18
-24
-26
-17
1
12
12
7
2
-1
4
4
-6
-18
-25
-29
-28
-24
-24
-23
-25
-27
-23
-22
-17
-13
-11
-5
3
6
14
17
12
3
-7
-13
-13
-11
-9
-3
0
3
-2
-13
-20
-22
-21
-17
-17
-16
-15
-16
-6
11
13
4
-6
-7
-5
2
6
4
10
15
13
24
31
30
28
34
44
51
56
47
35
30
30
37
49
57
62
55
42
33
22
16
15
19
30
39
40
37
31
26
23
23
22
23
28
30
33
35
27
16
9
11
21
32
33
28
22
13
6
4
3
8
16
23
32
43
46
35
14
-2
-8
-3
11
26
28
22
16
11
9
6
2
-3
-6
-6
-8
-13
-15
-16
-17
-8
-6
-10
-10
-16
-14
-1
-4
-8
-7
-5
6
15
11
12
11
7
9
12
21
30
33
42
55
60
57
43
27
23
27
34
43
50
59
67
76
78
71
56
42
27
16
16
24
33
43
50
51
46
34
25
22
24
33
27
16
7
-4
-4
12
27
34
32
23
10
-2
-18
-31
-30
-18
5
32
53
55
36
15
4
1
7
11
11
6
-10
-19
-17
-7
6
12
13
16
11
4
-5
-14
-10
2
6
4
-4
-16
-26
-28
-14
2
6
12
12
8
4
2
-3
-7
-9
-9
-3
5
14
23
28
32
26
14
-1
-16
-23
-20
-6
10
22
33
37
33
25
16
13
15
18
26
31
31
24
14
12
16
19
24
26
23
25
27
22
16
15
13
11
13
13
9
5
4
8
18
28
31
29
16
-5
-11
-6
0
6
8
10
13
8
-3
-2
1
-4
-10
-10
-12
-17
-23
-25
-20
-17
-16
-17
-24
-28
-31
-33
-30
-33
-42
-46
-48
-49
-40
-28
-19
-11
-4
-2
-9
-21
-36
-46
-43
-34
-21
-12
-9
-5
2
4
3
1
-9
-16
-16
-14
-7
0
8
21
32
34
28
18
2
-9
-10
-2
10
22
36
44
45
42
39
28
12
8
12
19
29
29
25
22
18
11
7
7
6
8
9
15
16
19
20
21
19
20
15
6
-5
-11
-9
-7
0
5
2
-5
-11
-18
-27
-31
-36
-44
-43
-38
-30
-17
-1
10
17
14
7
1
-12
-23
-27
-26
-24
-17
-14
-8
-5
-17
-23
-27
-33
-33
-24
-16
-12
-12
-17
-17
-15
-12
-8
-7
-9
-15
-27
-31
-27
-25
-26
-22
-15
-10
0
3
0
-8
-12
-11
-7
-2
3
5
6
5
7
10
16
16
13
11
6
5
8
5
5
11
19
23
22
17
11
10
8
13
18
19
19
18
18
18
14
9
14
21
22
20
10
1
-2
0
11
18
14
1
-7
-9
-7
-6
-9
-12
-11
-9
-9
-8
-6
-6
-12
-18
-18
-20
-26
-33
-33
-29
-25
-23
-24
-23
-20
-22
-23
-20
-21
-20
-18
-16
-14
-22
-27
-21
-16
-16
-12
-12
-18
-20
-19
-19
-20
-15
-6
-4
-8
-8
-9
-9
-7
-4
-1
6
10
8
3
1
5
6
0
3
5
7
8
5
5
6
-1
-1
5
6
6
8
10
14
15
13
13
13
6
5
8
11
15
16
9
7
10
7
8
13
10
5
6
6
4
4
4
4
7
3
-3
-3
-7
-12
-12
-13
-15
-9
-4
-8
-12
-12
-17
-17
-16
-16
-14
-11
-11
-14
-18
-19
-13
-6
-8
-8
-8
-7
-10
-17
-20
-10
-3
-6
-12
-11
-4
-3
-9
-7
-5
-5
-5
-8
-9
-5
1
1
-3
1
5
6
2
-1
3
13
28
32
22
4
0
21
33
29
31
36
27
9
-3
9
26
23
10
12
12
-4
-6
15
26
10
3
-1
-30
60
151
-62
-232
23
123
-198
-129
253
135
-67
160
221
-102
-290
-104
106
-157
-339
1024
2028
161
-1267
138
155
-2070
-1588
672
-85
-1401
732
2419
513
-900
321
473
-1216
-1379
-179
-281
-689
224
868
446
500
778
91
-502
-166
-243
-899
-575
417
406
-147
224
740
278
-253
8
69
-388
-504
-223
-98
63
259
265
329
475
149
-320
-238
-30
-280
-523
-166
260
314
218
461
541
243
-121
-212
-296
-354
-273
-200
3
286
472
361
475
558
245
-285
-380
-295
-423
-387
-81
192
207
330
343
266
213
91
-272
-453
-273
-242
-304
-89
307
307
140
203
332
113
-192
-267
-265
-307
-299
-148
-11
161
212
128
84
107
-38
-277
-233
-177
-276
-321
-47
122
106
134
242
219
40
-3
-83
-133
-169
-129
-196
-95
150
174
57
111
242
46
-80
-50
-30
-133
-118
-93
12
167
135
34
176
285
-89
-285
-5
180
-272
-376
103
299
-174
-137
483
327
-299
-138
326
-170
-423
183
371
-242
-60
572
171
-361
170
343
-483
-384
394
29
-542
161
498
-136
-122
320
8
-286
2
-66
-214
34
87
-101
44
295
86
-144
-72
133
-16
-297
-48
236
-14
-158
184
195
-98
-22
12
-90
22
-98
-328
50
366
-147
-101
465
175
-346
-17
246
-179
-291
-54
135
104
30
80
213
126
-93
-151
-117
-25
10
-124
-204
146
312
-104
-233
354
358
-405
-347
319
87
-524
-118
371
28
-250
51
160
-61
-1
-75
-289
14
287
-280
-336
517
343
-511
-33
696
-138
-724
141
502
-352
-373
415
232
-389
113
539
-299
-451
506
272
-803
-117
748
-274
-753
618
715
-677
-308
882
137
-806
191
616
-470
-434
651
144
-728
198
750
-386
-527
737
342
-857
-106
856
-221
-759
516
630
-600
-291
750
6
-764
164
605
-421
-477
535
337
-510
-64
528
-106
-472
84
167
-311
-163
132
6
-16
144
27
-2
199
31
-233
2
222
-176
-271
199
199
-326
-157
314
-5
-354
111
312
-189
-195
204
19
-294
-10
76
-124
41
303
-12
-122
263
165
-361
-194
304
-94
-451
100
387
-294
-253
448
179
-422
102
469
-326
-425
328
159
-563
-41
523
-80
-339
382
383
-349
-126
371
-42
-417
119
299
-193
-151
331
179
-255
-25
225
-96
-303
23
173
-79
-78
197
221
-54
-90
97
48
-221
-211
89
83
-118
8
269
133
-74
10
54
-104
-180
-108
-76
-7
62
52
69
163
117
-48
-72
-24
-99
-169
-90
11
46
31
35
105
118
7
-60
-20
-18
-64
-57
-12
50
102
41
-61
5
67
-119
-229
12
144
-90
-125
211
256
-112
-178
122
73
-294
-238
164
148
-149
-6
278
99
-137
-30
3
-102
-45
-38
-136
45
236
-26
-176
164
265
-117
-227
105
176
-182
-293
80
248
-57
-130
231
293
-58
-123
83
16
-148
-89
-34
-66
45
131
-2
-44
158
142
-184
-180
159
65
-291
-27
365
30
-218
267
333
-283
-229
262
-89
-528
-10
316
-209
-221
419
298
-245
25
358
-119
-359
83
72
-334
-86
300
-4
-179
256
253
-265
-180
218
-62
-386
18
278
-84
-116
275
167
-187
-9
177
-137
-221
95
8
-265
4
227
-117
-149
285
164
-254
-9
263
-129
-305
84
123
-191
-80
180
62
-53
82
87
-53
-45
3
-96
-135
21
96
-38
-39
192
201
-90
-122
127
59
-231
-141
130
45
-98
74
193
55
14
84
-6
-98
-6
-6
-146
-84
110
65
-89
12
187
73
-107
-16
105
-12
-136
-83
9
25
-22
-38
67
146
5
-123
15
109
-86
-188
33
134
-42
-66
112
110
-59
-83
2
-11
-88
-93
-14
53
8
-42
48
103
-9
-67
5
6
-65
-60
-41
-39
23
45
-47
-3
159
67
-148
-40
142
-70
-263
-5
159
-98
-145
164
176
-92
-48
127
-24
-174
-20
35
-120
-47
145
51
-58
93
119
-64
-61
38
-39
-84
10
3
-22
110
125
-38
11
185
28
-197
-13
170
-49
-177
71
167
-43
-60
124
91
-63
-44
12
-27
-38
-23
-40
16
87
26
-18
74
76
-60
-67
31
-7
-88
-31
30
-7
-15
4
-16
19
57
-34
-65
81
90
-118
-122
90
37
-187
-89
134
51
-89
35
131
-9
-90
-16
-27
-100
-45
23
-16
7
116
71
-62
-21
54
-63
-146
-8
80
-17
-40
91
119
-4
-51
18
36
-32
-47
17
47
3
-26
6
20
-24
-44
-10
4
-23
-15
18
8
-1
31
20
-23
7
42
-10
-33
44
74
18
26
85
55
-18
1
34
-19
-43
21
32
-11
12
55
10
-35
2
13
-61
-81
-2
19
-33
-23
54
55
-20
-25
30
22
-43
-44
29
48
-11
-26
30
28
-42
-48
26
49
1
3
52
39
-34
-58
-27
-21
-42
-41
-13
17
11
-19
-10
32
17
-41
-46
-17
-43
-77
-33
16
7
10
50
53
20
12
3
-39
-48
-16
-8
-19
6
41
30
6
22
51
34
3
12
14
-32
-57
-34
-22
-25
-3
33
39
30
35
17
-20
-24
-13
-24
-23
13
25
17
36
48
19
-1
15
4
-27
-13
17
10
4
20
20
-3
-18
-18
-10
-4
7
23
23
16
4
-11
-17
-14
-18
-25
-20
-16
-16
-7
9
18
24
26
14
3
5
-5
-29
-30
-11
-8
-13
-1
18
11
-2
9
16
-8
-23
-18
-24
-39
-35
-12
1
-2
-2
8
16
13
-2
-14
-24
-32
-44
-49
-40
-25
-1
27
42
47
48
31
0
-27
-43
-60
-61
-38
-13
8
34
52
59
55
45
26
-4
-29
-38
-42
-35
-12
15
44
65
70
59
37
5
-29
-47
-48
-36
-14
19
49
63
61
56
41
13
-11
-30
-47
-50
-33
-11
5
22
39
42
35
30
21
9
-6
-23
-31
-27
-23
-29
-24
-4
20
27
32
46
21
-36
-63
-46
-31
-30
-17
-1
-1
-25
-33
-14
-18
-32
-3
41
39
15
-6
-23
-43
-54
-37
-11
5
12
20
24
21
6
-14
-29
-34
-36
-39
-27
-7
5
9
18
27
23
4
-9
-8
-13
-16
6
33
41
45
40
25
8
-8
-21
-20
-16
-9
5
25
53
66
52
34
19
0
-19
-24
-17
-6
4
17
40
65
73
64
47
23
-3
-24
-27
-18
-9
5
22
33
34
32
28
17
1
-10
-19
-25
-30
-29
-20
-10
2
14
20
16
6
-5
-15
-17
-13
-10
-2
10
16
17
14
9
0
-11
-21
-31
-39
-41
-38
-25
-5
7
14
14
8
-1
-17
-25
-27
-30
-24
-11
0
4
6
6
2
-4
-14
-21
-22
-23
-16
-6
5
14
18
14
13
11
7
3
-2
-3
1
-2
-8
-5
-2
-1
2
9
17
24
24
21
19
15
11
7
6
5
9
11
9
4
-2
-2
2
4
4
6
13
18
15
13
17
17
17
16
10
-1
-10
-13
-13
-11
-4
6
14
16
7
1
0
-5
-9
-6
-3
-10
-12
-7
-4
-1
3
4
3
1
0
-2
-9
-17
-19
-12
-8
-7
-9
-9
-11
-15
-17
-13
-10
-10
-10
-8
-10
-10
-10
-10
-5
-8
-10
-7
-5
-7
-6
-3
-2
-3
-2
1
-2
-7
-3
-2
-5
-1
1
5
10
7
6
8
8
5
1
5
10
11
9
11
16
21
16
12
14
7
7
9
14
16
15
16
17
19
18
17
14
4
1
3
1
3
4
4
4
5
9
6
1
-1
-4
-4
0
5
7
7
6
5
2
0
-2
-8
-8
-9
-10
-13
-13
-10
-8
-8
-8
-6
-8
-11
-12
-10
-12
-14
-12
-13
-18
-16
-10
-13
-10
-5
-7
-7
-6
0
1
-1
0
1
-5
-8
-5
-9
-11
-5
-4
-4
1
9
18
20
19
16
7
2
0
-2
-4
-3
0
5
16
23
28
33
30
21
13
6
3
0
-4
2
14
22
31
38
40
40
31
22
13
4
1
4
11
20
33
42
49
49
41
31
22
12
4
6
11
17
22
28
35
31
21
13
2
-3
-2
-3
0
2
1
0
-3
-2
0
1
1
1
-1
-7
-10
-11
-9
-7
-8
-10
-14
-22
-30
-38
-45
-49
-48
-43
-36
-28
-25
-20
-15
-15
-20
-27
-28
-31
-30
-23
-10
2
10
18
21
20
17
10
2
-2
0
5
7
8
8
6
5
6
5
2
4
-1
-4
4
10
13
13
17
18
14
14
18
21
23
23
25
23
17
14
8
4
2
-1
3
4
5
8
10
10
6
3
2
0
3
4
5
7
8
9
7
2
0
-3
-6
-3
4
1
0
-1
-4
-3
-3
-3
-3
2
3
0
-1
-2
-6
-6
-7
-8
-6
-7
-12
-11
-10
-9
-8
-10
-12
-9
-9
-13
-17
-17
-16
-13
-12
-12
-10
-10
-7
-3
-6
-10
-10
-9
-8
-4
-5
-6
-4
-3
-4
-2
-3
-6
-8
-5
-1
1
0
0
1
0
-1
-1
2
6
7
8
6
4
5
5
6
4
6
12
7
4
5
4
7
11
9
9
11
9
9
11
11
9
7
6
4
2
1
4
5
6
11
17
14
3
1
4
2
1
3
6
7
5
3
3
3
0
-7
-11
-15
-12
-11
-12
-11
-10
-7
-1
0
-5
-9
-11
-12
-13
-17
-16
-10
-8
-6
-2
-1
-5
-9
-15
-16
-12
-10
-13
-15
-14
-13
-12
-9
-7
-7
-7
-9
-12
-13
-8
-5
-2
1
7
12
9
7
4
0
1
-2
0
1
4
6
7
10
12
10
5
-2
-3
1
1
1
4
11
16
19
19
14
9
6
5
-1
-5
-3
1
6
9
7
1
1
0
-1
1
1
0
1
3
9
9
9
11
10
7
6
4
2
-1
-1
0
0
3
4
4
3
-2
-4
-3
-6
-5
-3
-7
-12
-12
-14
-15
-16
-15
-12
-13
-11
-15
-16
-15
-19
-21
-23
-21
-15
-9
-10
-12
-13
-13
-14
-13
-11
-12
-12
-6
-2
-4
-2
-1
-4
-4
-7
-7
-3
-4
-7
-1
4
4
6
9
7
8
5
-2
-1
4
4
1
5
8
9
11
7
6
6
4
2
4
6
6
9
12
14
17
16
9
5
4
3
3
4
5
9
6
3
7
6
1
-1
-3
-6
-8
-9
-5
1
2
1
3
-3
-8
-12
-21
-23
-20
-17
-8
-1
1
0
-4
-4
-3
-5
-10
-15
-13
-12
-13
-11
-11
-11
-7
-7
-10
-10
-11
-13
-14
-13
-10
-4
-2
-2
-5
-11
-14
-12
-15
-17
-9
-7
-7
-1
0
-5
-7
-6
-5
-8
-12
-13
-14
-11
-3
2
2
4
7
10
12
8
4
6
10
8
6
6
9
11
10
10
12
10
3
4
4
3
5
9
10
9
9
7
9
11
7
4
3
5
4
1
2
4
4
3
4
5
0
-4
-7
-7
-4
0
1
-1
-4
-4
-2
-2
-6
-8
-11
-13
-12
-10
-11
-7
-4
-8
-12
-15
-17
-17
-16
-18
-17
-14
-15
-16
-14
-14
-17
-18
-11
-9
-13
-9
2
6
2
2
-2
-7
-5
-5
-5
0
3
2
1
-1
1
6
7
10
10
11
13
10
6
6
5
7
8
9
11
11
11
12
13
11
7
5
7
8
5
6
12
13
11
12
8
3
3
6
6
4
7
13
15
14
10
7
5
8
6
1
2
0
-1
1
-2
0
7
4
5
5
2
-2
-5
-8
-10
-11
-11
-6
-2
-4
-7
-2
1
1
3
1
-3
-7
-12
-11
-4
-5
-9
-8
-6
-5
-7
-9
-7
-8
-12
-12
-10
-7
-8
-10
-9
-9
-10
-13
-12
-7
-4
-4
-5
-6
-4
-2
-2
-6
-6
-5
-8
-3
3
0
-2
1
1
3
-1
-2
-2
-6
-5
-1
3
9
11
12
11
11
12
17
16
12
10
12
17
16
16
17
16
15
12
8
7
6
9
14
12
12
16
18
19
15
14
10
7
6
3
-2
-4
-7
-9
-8
-9
-6
-1
2
1
-1
-1
-2
-8
-13
-13
-13
-8
-4
1
6
5
1
-7
-8
-4
-7
-10
-15
-15
-8
-5
-5
-6
-9
-12
-15
-15
-15
-16
-10
-7
-8
-6
-4
-4
-4
-6
-6
-1
0
1
1
0
0
2
2
3
1
0
-2
-3
0
0
-3
-4
-3
-4
-4
-4
-3
-7
-6
-4
-3
0
3
6
7
7
7
6
10
11
4
8
9
7
8
10
10
13
9
4
4
7
11
9
9
9
7
11
8
6
7
3
0
1
2
2
-1
-1
0
5
5
6
7
7
6
0
-2
-2
-8
-6
-2
-7
-8
-9
-7
-3
-2
0
2
0
-3
-8
-13
-14
-14
-14
-11
-6
-1
5
7
7
5
0
-5
-7
-13
-14
-13
-11
-8
-4
-1
-3
-3
0
-1
-6
-9
-10
-5
-2
1
2
-2
-4
-5
-6
-6
-6
-5
-3
4
5
1
3
3
-1
-2
0
-1
-1
2
3
4
8
9
4
6
9
6
7
7
11
11
7
7
10
10
9
8
8
8
7
6
8
9
8
9
13
13
10
8
9
9
8
6
7
6
0
-2
-3
-4
-7
-5
0
4
4
-1
-1
3
1
-2
0
-1
-1
0
0
-1
-4
-5
-8
-10
-12
-17
-18
-16
-12
-11
-16
-18
-14
-13
-16
-15
-14
-14
-11
-8
-1
3
2
0
5
0
-9
-8
-10
-11
-9
-6
-1
-1
-5
-2
-3
-6
-5
-4
-2
-1
-4
-3
1
-1
0
2
6
12
12
10
9
10
9
6
3
5
8
11
14
15
15
15
14
16
16
16
18
12
9
10
10
11
13
10
11
11
6
5
2
-6
-4
-2
1
-1
-8
-4
-2
-2
-1
-1
-3
-4
-4
-3
-3
-8
-10
-6
-1
0
-3
-4
-10
-13
-9
-10
-11
-13
-13
-8
-8
-9
-9
-7
-8
-9
-6
-4
0
-5
-16
-12
-6
-1
-3
-8
-6
-5
-6
-9
-11
-12
-9
-10
-11
-11
-10
-7
-8
-7
-6
-9
-6
-3
-1
1
0
-1
-1
1
3
6
8
6
5
9
8
11
13
11
11
9
4
9
12
13
10
8
9
12
13
13
11
5
5
5
4
6
8
6
8
9
9
10
8
6
6
5
3
4
3
-3
-6
-5
-5
-7
-8
-6
-3
-3
-7
-8
-5
-9
-9
-7
-9
-10
-8
-7
-6
-5
-7
-9
-8
-4
-2
1
-4
-7
-4
-4
-7
-7
-8
-8
-5
-3
-4
-4
-5
-7
-8
-6
-4
-3
-3
3
6
4
4
3
1
1
0
1
2
2
4
7
5
3
3
9
11
4
0
0
-2
-1
2
6
6
5
5
5
5
5
7
9
9
10
12
10
4
4
7
12
11
10
12
15
14
9
7
6
3
-1
0
3
2
1
0
2
3
5
3
-1
-4
-6
-6
-6
-6
-3
0
-3
-4
-5
-7
-7
-5
-2
-3
-10
-13
-9
-11
-13
-8
-10
-14
-12
-10
-9
-8
-9
-11
-9
-10
-12
-10
-9
-10
-10
-9
-10
-9
-9
-7
-4
-4
-5
1
2
1
3
3
0
-1
0
-1
2
4
4
4
4
5
11
16
17
15
18
18
10
5
7
8
9
11
10
11
13
9
9
9
0
-1
3
7
13
11
8
8
9
9
6
2
3
2
1
1
-1
3
4
-3
-3
-5
-5
-1
1
2
2
-3
0
3
1
-1
-2
-7
-10
-12
-14
-16
-18
-15
-11
-8
-1
3
1
2
0
-5
-8
-9
-9
-7
-8
-12
-11
-10
-7
-4
-12
-15
-12
-15
-15
-15
-10
-10
-11
-9
-5
-3
-4
-6
-5
-5
-3
-3
-5
-5
-8
-8
-6
-5
-1
0
5
4
0
2
0
2
6
3
2
5
8
11
14
16
21
21
16
12
11
9
10
6
9
12
11
16
20
18
17
17
16
15
11
8
8
6
7
14
14
11
11
11
7
-1
-8
-8
-8
-10
-9
-10
-11
-7
-5
-2
-1
-3
-7
-10
-13
-11
-11
-10
-7
-9
-8
-9
-9
-7
-10
-12
-13
-14
-8
-7
-11
-8
-9
-12
-9
-11
-13
-10
-8
-5
-3
-3
-4
-5
-8
-5
-5
-5
-4
-3
1
6
5
3
4
4
2
0
0
3
6
7
7
8
9
6
2
3
2
1
2
1
3
6
5
4
4
-1
-2
2
4
8
11
8
7
10
9
9
8
8
9
7
6
7
7
7
7
5
3
0
-3
2
3
3
5
6
6
8
10
12
11
9
9
7
4
3
4
6
9
2
-2
-3
-8
-12
-16
-16
-11
-5
-6
-4
-3
-1
1
-2
-1
-2
-8
-9
-7
-9
-12
-9
-8
-7
-8
-16
-17
-7
-3
-3
-3
-3
-3
-7
-10
-12
-14
-11
-11
-11
-8
-6
-6
-1
-1
-1
-2
1
2
-4
-6
-1
0
2
6
6
7
2
0
-1
-5
-2
3
1
2
4
3
3
5
8
9
10
12
12
15
11
12
13
11
13
14
14
8
7
9
9
8
8
6
7
7
8
9
8
3
2
4
4
2
1
0
-2
-2
-3
-4
-5
-5
-5
-3
-4
-4
-5
-4
-7
-8
-6
-6
-6
-11
-13
-11
-14
-15
-13
-16
-14
-10
-11
-11
-13
