-4
-6
-2
1
1
4
4
6
5
2
4
2
-2
-3
-1
-1
2
7
12
8
5
7
4
2
1
3
6
4
0
4
9
14
14
12
12
12
14
16
14
13
12
10
11
8
6
7
4
4
5
5
6
4
-1
-1
2
-2
-3
0
0
0
-3
-9
-8
-6
-4
-1
-3
-5
-7
-8
-8
-8
-8
-8
-6
-5
-9
-11
-12
-12
-10
-8
-9
-9
-8
-8
-7
-10
-11
-10
-10
-17
-15
-12
-11
-9
-12
-11
-8
-10
-11
-9
-11
-12
-9
-4
0
2
3
-1
-2
-4
-6
-3
-2
-2
4
1
-3
-3
0
5
8
7
12
13
11
9
10
11
9
14
14
11
13
13
12
15
12
7
9
13
12
11
5
5
8
6
6
5
2
5
6
6
10
8
5
3
-1
-3
-5
-4
-5
-5
-3
-3
-6
-6
-1
-5
-9
-8
-12
-16
-12
-9
-9
-12
-12
-10
-14
-16
-11
-10
-12
-10
-5
-2
1
0
0
3
-3
-7
-3
-4
-8
-7
-8
-8
-5
-7
-6
-5
-5
-5
-3
-3
-1
-2
-5
-5
-1
0
0
1
2
8
7
6
5
5
6
8
4
3
6
3
2
6
3
0
-1
2
5
5
6
7
4
5
7
5
7
7
8
8
9
6
5
8
6
3
1
5
3
1
4
4
3
5
5
4
3
0
2
4
5
6
4
3
5
5
6
6
3
3
4
1
1
3
4
4
5
3
0
2
3
0
-3
-4
-1
-3
-5
-9
-14
-15
-12
-14
-10
-7
-5
-9
-13
-10
-11
-11
-8
-9
-9
-7
-7
-7
-9
-5
-3
-4
-6
-9
-12
-10
-10
-9
-5
-5
-5
-3
-5
-6
-3
-2
-2
-1
1
0
0
4
2
2
3
6
8
12
12
8
12
12
9
11
14
14
12
11
12
14
12
15
16
15
13
10
11
12
12
9
10
12
9
3
-1
-2
1
3
-5
-6
-4
-4
-5
-5
-2
-2
-4
-5
-11
-10
-4
-6
-6
-5
-5
-2
-2
-7
-5
-5
-1
1
-2
0
-1
-6
-7
-4
-6
-6
-9
-9
-7
-9
-10
-9
-7
-3
-5
-6
-7
-15
-15
-14
-13
-11
-12
-9
-8
-8
-6
-4
-4
-3
-7
-8
-7
-5
-8
-10
-10
-7
2
6
4
7
10
10
12
14
10
6
4
6
10
10
8
8
9
12
16
16
13
14
14
12
10
12
6
7
11
7
5
6
3
3
1
-4
-3
0
-2
-6
-5
-4
-2
-3
-4
-5
-6
-3
4
3
3
3
0
-1
-1
-1
-4
-5
-6
-7
-3
-3
-5
-9
-6
-5
-8
-7
-7
-10
-11
-11
-9
-10
-12
-11
-8
-6
-6
-6
-7
-3
-1
-2
-1
-2
-5
-1
-1
-3
1
8
9
7
7
8
9
5
-4
-4
2
1
2
8
8
6
4
2
3
1
3
5
1
2
2
3
7
6
3
3
0
0
3
5
6
5
5
11
10
9
12
10
7
7
4
4
5
5
7
6
6
9
8
7
8
9
6
8
4
5
7
4
3
4
3
6
9
1
0
0
-2
-1
-2
-2
-2
-2
-4
-4
-4
-5
-4
-5
-9
-12
-9
-5
-5
-5
-5
-9
-11
-12
-11
-9
-7
-7
-9
-9
-8
-7
-10
-8
-5
-8
-4
0
-4
-9
-15
-15
-9
-6
-2
-1
-5
-1
1
0
0
1
2
5
9
11
9
6
6
2
1
8
9
5
8
7
8
12
13
12
14
15
14
15
11
8
9
9
13
18
18
13
16
16
9
7
10
11
11
10
8
7
9
8
8
10
10
10
8
4
1
-3
-4
-4
-1
2
-2
-4
-4
-6
-8
-9
-8
-12
-15
-12
-9
-9
-11
-9
-5
-2
-7
-14
-10
-6
-9
-10
-7
-4
-5
-7
-9
-9
-4
-6
-9
-11
-9
-10
-11
-9
-6
-6
-3
0
-1
-3
-7
-9
-12
-8
-7
-6
-1
-1
-4
-4
-6
-7
-1
3
3
4
5
8
8
8
14
17
13
10
11
12
10
14
12
10
13
16
11
10
9
6
10
14
13
15
17
15
13
14
15
11
9
11
11
10
4
4
9
8
3
1
0
5
8
3
5
9
4
3
6
4
3
1
0
-1
1
0
-3
-2
-1
-6
-6
-6
-8
-9
-10
-12
-12
-14
-17
-18
-19
-19
-18
-18
-12
-10
-9
-6
-5
-7
-6
-7
-11
-13
-12
-9
-4
-4
-6
-3
-2
-5
-5
-3
-2
1
-1
-2
1
1
5
3
-2
-3
-3
2
8
9
8
9
9
6
4
4
3
5
6
5
6
7
5
7
7
5
5
4
2
3
1
2
9
11
9
9
10
9
8
9
7
5
6
7
7
7
7
8
12
16
13
10
9
7
3
1
3
6
6
5
5
6
5
3
3
3
6
5
4
1
-2
-4
-8
-9
-10
-7
-8
-11
-7
-8
-10
-7
-11
-13
-11
-11
-11
-11
-12
-16
-13
-12
-13
-12
-9
-6
-5
-9
-10
-10
-9
-9
-8
-6
-3
-5
-6
-6
-5
-3
-1
-2
-1
-2
1
2
-3
-7
-6
-5
0
1
4
7
4
2
3
4
2
5
7
10
11
10
10
7
5
4
3
4
7
5
5
9
8
9
10
6
5
6
7
8
8
5
4
5
4
1
-1
1
0
-2
0
1
-1
-4
-6
-5
-2
-3
-5
-6
-10
-8
-2
-2
-5
-4
-4
-6
-3
-3
-8
-15
-15
-13
-11
-10
-8
-7
-7
-6
-6
-6
-5
-8
-7
-4
-2
-6
-4
-1
-4
-2
-2
-4
-5
-8
-5
-1
1
-2
-6
-8
-3
-1
-3
0
-2
-5
-3
-4
-4
1
-3
-4
-2
-2
3
6
4
3
3
0
1
4
7
8
-1
-3
2
6
9
12
8
8
13
12
11
9
4
1
2
4
1
1
2
0
0
5
3
-1
2
1
-2
-2
-5
-8
-7
-4
-3
-4
-9
-9
-5
0
-3
-9
-9
-8
-9
-9
-7
-8
-4
0
-1
-4
-7
-9
-9
-3
2
-2
-8
-7
-5
-6
-4
-3
-9
-11
-10
-6
0
-2
-11
-13
-8
-9
-12
-11
-12
-12
-9
-6
-4
-3
-3
0
5
11
9
4
2
6
12
12
11
12
12
14
16
12
5
4
4
9
17
18
13
13
13
12
13
10
8
7
7
8
9
6
2
5
8
10
9
5
3
7
8
8
7
4
5
6
7
8
4
4
8
10
11
8
-1
2
3
2
5
3
-5
-11
-9
-2
-2
-4
-4
-5
-4
-1
0
-5
-8
-11
-10
-12
-13
-13
-17
-19
-21
-21
-19
-19
-19
-22
-22
-17
-12
-13
-16
-16
-11
-7
-9
-6
-8
-12
-8
-7
-10
-9
-6
-6
-6
-2
1
5
5
1
2
7
9
6
5
6
8
9
10
12
16
14
12
13
15
11
13
18
15
16
14
12
17
17
18
20
21
21
22
18
16
17
18
15
11
8
7
7
6
3
0
2
4
9
9
9
10
8
5
-1
-4
-7
-10
-9
-5
-3
-2
-4
-6
-10
-13
-10
-8
-7
-6
-3
-1
-3
-10
-12
-8
-8
-12
-15
-16
-16
-15
-15
-15
-18
-18
-14
-12
-13
-15
-12
-9
-9
-3
-2
-7
-4
0
-2
-3
-6
-11
-6
4
2
1
-2
-7
-8
-3
5
8
1
-1
2
5
6
3
0
2
7
10
10
4
2
6
8
11
15
12
5
8
8
11
15
13
9
8
13
15
17
16
12
11
14
14
11
12
6
6
4
2
7
7
0
-4
0
3
3
2
-5
-9
-8
-6
-1
-1
-7
-6
0
0
-3
-7
-16
-16
-5
-1
-2
-8
-11
-5
4
4
-2
-6
-9
-9
-2
2
-4
-8
-10
-10
-4
-1
-2
-3
-5
-8
-5
2
-1
-6
-9
-7
-5
-6
-4
-3
-4
-4
4
3
0
-1
-1
1
5
3
0
3
5
5
8
11
7
3
-1
-7
-6
-3
-1
1
3
5
6
6
5
6
6
5
9
13
12
8
6
7
6
8
11
7
2
1
3
8
9
9
4
0
4
7
8
7
10
8
5
3
-4
-10
-11
-8
1
6
4
0
-1
1
4
3
-1
-9
-10
-7
-3
-3
-10
-16
-16
-11
-7
-6
-11
-16
-14
-8
-1
-6
-16
-18
-13
-7
-6
-14
-21
-23
-17
-7
-2
-4
-8
-4
1
4
5
-3
-9
-10
1
10
9
4
0
0
8
8
4
3
3
4
7
6
4
2
2
4
8
7
7
8
7
11
12
10
4
-1
1
10
8
1
-1
-4
4
15
12
7
4
1
3
9
10
5
2
-1
-1
8
8
-4
-9
-3
3
6
6
2
-4
-1
3
-4
-8
-5
-6
-2
2
-1
-6
-6
-6
-3
8
12
3
-4
-5
-5
0
-5
-13
-10
-7
-4
-2
-7
-16
-22
-20
-14
-8
-3
-8
-15
-12
-11
-13
-15
-17
-19
-11
-5
-8
-10
-13
-11
-4
2
5
1
-8
-14
-9
-2
-7
-12
-10
-6
-4
2
6
4
1
2
5
7
9
6
8
17
18
19
19
14
14
18
18
15
12
9
7
7
7
11
13
11
8
10
12
8
4
4
4
5
7
10
10
4
0
2
5
6
3
-3
-7
-7
0
4
0
-15
-25
-21
-13
-3
-1
-4
-11
-15
-6
0
-3
-10
-18
-16
-8
-2
-4
-11
-14
-15
-6
3
-2
-9
-13
-6
5
8
-4
-17
-18
-14
-13
-10
-15
-19
-14
-4
6
2
-7
-11
-7
7
13
6
-4
-8
-2
9
15
12
9
10
14
24
26
15
6
2
6
10
9
5
-2
-2
2
7
13
8
2
4
13
21
14
7
3
2
6
9
6
4
1
4
10
13
9
1
3
7
17
19
9
3
3
3
4
4
-1
-4
4
7
7
6
-2
-4
-3
1
3
-3
-6
-6
-3
0
-1
-4
-7
-8
-6
0
1
-10
-13
-13
-14
-11
-13
-16
-16
-15
-11
-5
-9
-16
-16
-17
-18
-16
-18
-17
-16
-19
-16
-14
-11
-8
-7
-11
-11
-3
0
0
3
5
3
3
5
8
1
-6
-8
-4
4
10
12
6
-1
0
1
7
9
7
8
10
13
16
15
12
9
10
10
12
11
4
7
7
8
17
23
17
14
10
8
17
20
11
7
6
4
5
10
11
9
6
3
8
10
7
3
-4
-6
-3
2
1
-9
-17
-14
-7
-5
-7
-9
-11
-7
-1
-2
-4
-6
-8
-8
-4
-3
-7
-10
-11
-14
-13
-13
-14
-14
-15
-15
-16
-20
-17
-16
-21
-22
-16
-7
-6
-6
-7
-8
-8
-14
-14
-13
-15
-12
-4
1
-2
-9
-11
-5
2
6
6
8
-1
-4
1
9
10
6
2
5
10
10
3
-3
-6
-3
5
10
13
10
9
16
16
11
9
7
2
9
16
17
15
14
13
12
15
16
10
3
2
6
14
9
1
0
1
4
10
13
6
-3
-6
-4
-4
-2
-6
-7
-6
-8
-5
-7
-13
-13
-11
-10
-4
-2
-9
-15
-15
-8
-3
-4
-11
-19
-18
-9
-8
-11
-13
-8
-3
-1
-6
-14
-17
-12
-10
-7
-3
-6
-12
-12
-4
4
7
4
-1
-3
-1
3
8
8
3
1
2
10
7
2
1
-2
2
8
6
3
-4
-9
-5
7
8
6
7
-1
-2
0
5
9
6
5
3
0
2
3
4
9
10
14
18
15
9
2
2
6
12
12
6
2
1
5
11
7
3
-6
-11
-6
5
6
-1
-5
-4
7
12
5
-4
-3
-3
3
11
6
-2
-5
1
8
11
1
-5
0
6
6
2
-5
-14
-14
-7
-2
-2
-10
-17
-18
-9
-3
-11
-17
-18
-15
-12
-14
-15
-13
-12
-10
-5
-4
-7
-15
-16
-9
-4
-1
2
-4
-6
-4
-1
2
0
-5
-8
-9
-6
0
4
2
-5
-1
5
9
10
2
-3
0
13
20
16
4
-3
5
14
13
11
7
9
16
20
13
8
7
9
20
22
17
14
14
15
16
12
7
1
5
15
14
7
5
3
8
12
12
7
-3
-8
-5
2
3
-3
-9
-12
-7
2
7
5
-5
-15
-11
-1
1
-6
-11
-15
-15
-4
2
-6
-26
-37
-32
-24
-17
-22
-36
-44
-41
-26
-17
-33
-64
-63
-35
-16
-17
-49
-76
-80
-63
-42
-47
-81
-112
-107
-77
-45
-31
-40
-56
-55
-25
14
30
7
-24
-28
0
37
56
35
-2
-2
52
142
198
198
164
123
113
121
101
34
-18
6
95
178
203
179
151
163
197
198
168
162
222
294
255
61
-146
-148
124
471
520
140
-364
-552
-228
352
626
307
-272
-519
-197
389
653
289
-366
-690
-465
-8
226
18
-414
-623
-426
-36
164
48
-211
-366
-247
31
141
-66
-338
-394
-140
392
580
-96
-980
-1238
-742
179
827
501
-351
-489
102
743
1024
312
-953
-1305
-577
177
376
-23
-822
-968
-107
594
716
423
-185
-354
167
506
179
-296
-601
-572
75
564
317
-3
-61
92
506
723
254
-327
-289
89
474
626
219
-272
-245
254
885
1217
970
345
-16
34
-2
-278
-480
-205
372
618
464
239
245
518
763
758
421
-153
-576
-421
147
238
-412
-1056
-1089
-554
12
196
93
-58
-193
-223
22
259
43
-415
-620
-457
-168
-93
-280
-386
-289
-241
-204
-3
143
65
-22
18
291
772
648
-535
-1682
-1661
-622
618
1104
218
-978
-832
411
1461
1522
165
-1652
-1860
-327
941
796
-377
-1601
-1411
216
1291
982
90
-654
-529
476
923
188
-645
-989
-679
414
1024
334
-379
-312
132
767
975
155
-647
-441
168
670
876
385
-313
-344
126
612
961
914
531
349
493
575
196
-566
-928
-295
661
915
439
-124
-167
440
1073
1096
527
-318
-863
-443
482
583
-412
-1430
-1511
-682
187
358
22
-288
-398
-202
290
549
136
-600
-937
-562
27
87
-304
-477
-332
-152
44
177
62
-148
-157
256
1041
1242
-23
-1793
-2307
-1187
602
1650
929
-791
-1454
-286
1525
2268
990
-1395
-2511
-1305
694
1427
322
-1515
-2169
-850
1042
1704
832
-511
-908
20
1023
828
-313
-1278
-1232
-152
891
819
-14
-510
-193
654
1175
630
-430
-743
-102
715
987
463
-351
-573
-86
494
828
952
956
926
782
319
-368
-843
-696
94
875
821
24
-509
-12
1144
1757
1154
-26
-733
-609
35
616
438
-648
-1761
-1801
-728
391
578
-45
-556
-401
144
559
545
44
-651
-981
-678
-143
0
-333
-599
-425
-34
173
125
29
77
264
421
464
365
14
-584
-1099
-1127
-621
79
465
296
-108
-207
223
837
981
317
-737
-1306
-942
-94
340
-69
-830
-1060
-446
492
951
649
36
-256
-84
166
116
-243
-577
-551
-178
178
255
157
149
323
498
408
52
-234
-128
281
549
379
-31
-235
-75
232
468
759
1230
1559
1239
223
-870
-1229
-561
615
1281
815
-281
-768
71
1568
2237
1334
-332
-1257
-769
449
1132
557
-864
-1947
-1790
-623
435
501
-239
-837
-636
142
737
613
-101
-779
-892
-469
-32
-49
-427
-673
-504
-109
127
63
-121
-162
75
496
782
610
-50
-807
-1145
-901
-392
-126
-267
-513
-436
108
809
1117
704
-159
-806
-808
-357
-61
-287
-790
-1011
-674
-68
340
369
196
125
257
409
309
-96
-548
-710
-493
-142
34
-20
-77
121
522
773
582
77
-293
-233
155
484
438
85
-204
-126
225
506
570
723
1269
1787
1382
-145
-1672
-1719
-147
1555
1771
413
-1037
-1019
634
2496
2765
959
-1395
-2094
-552
1498
1820
64
-2021
-2601
-1462
172
964
473
-662
-1268
-660
642
1321
645
-704
-1419
-1009
-165
187
-171
-740
-924
-557
48
370
178
-177
-91
525
1002
666
-335
-1163
-1173
-497
155
175
-420
-988
-818
139
1094
1196
410
-470
-702
-332
21
-83
-576
-1065
-1105
-568
140
429
190
-119
-63
267
449
273
-133
-511
-634
-417
-38
165
71
-86
-16
270
505
509
306
42
-128
-70
192
379
268
-2
-92
83
259
263
345
913
1822
2190
1220
-719
-2062
-1509
501
2069
1681
-195
-1568
-919
1312
3114
2737
373
-1896
-2027
-24
1962
1775
-481
-2662
-2879
-1223
653
1249
379
-936
-1411
-538
908
1480
524
-1050
-1750
-1131
-92
298
-134
-761
-942
-538
108
480
318
-108
-259
115
719
968
506
-492
-1380
-1536
-892
-51
290
37
-288
-155
412
953
1027
499
-344
-920
-807
-243
55
-259
-763
-820
-362
153
417
489
487
380
217
98
-52
-307
-542
-506
-249
-134
-246
-303
-139
99
256
257
-77
-690
-1030
-624
148
406
2
-412
-379
-28
362
885
1660
2541
3336
3599
2833
1096
-506
-786
199
1420
1617
375
-1531
-2438
-973
1762
2759
526
-2649
-3196
-713
1949
2106
53
-1958
-2525
-1628
52
1539
1601
-56
-1696
-1324
830
2243
1207
-984
-1978
-1248
-201
119
-62
-352
-763
-1152
-922
-3
647
294
-465
-510
263
941
735
-61
-572
-442
-112
-112
-366
-579
-567
-440
-296
134
701
666
-132
-896
-833
-345
-331
-727
-960
-745
-471
-352
-70
318
411
-113
-716
-701
-297
-161
-542
-863
-712
-250
113
193
185
206
221
-22
-347
-418
-235
-11
17
95
211
284
359
400
486
570
1284
3143
5500
6669
5284
2504
368
-263
-106
-109
-337
-1294
-3166
-4566
-3213
862
3827
2695
-803
-2156
123
2913
3175
1097
-1232
-2642
-2791
-1220
1336
2606
1209
-1007
-1084
1010
2499
1459
-1062
-2999
-3584
-3161
-2267
-1464
-1289
-1627
-1597
-614
949
2199
2507
1905
992
556
789
1012
570
-312
-963
-1324
-1894
-2567
-2536
-1645
-803
-494
-92
772
1424
1166
430
48
-76
-686
-1626
-1765
-1000
-469
-725
-977
-474
240
362
27
-72
54
-231
-864
-1185
-1036
-892
-989
-984
-597
71
592
703
570
391
235
118
102
76
53
292
671
828
711
692
618
546
1845
5182
8424
8089
4052
-13
-1372
-996
-1411
-2512
-2625
-2272
-2947
-3248
-97
5001
6627
3280
-640
-1100
637
1356
437
-869
-2025
-3028
-2363
968
4331
4163
1166
-666
-264
-117
-1295
-2444
-3225
-4560
-5353
-3323
540
2465
1376
243
1159
2187
1029
-721
-612
-19
-1176
-1644
1602
4966
3563
-529
-2500
-2415
-2988
-4245
-4489
-3190
-1531
-685
618
3644
5479
3407
352
-535
-1087
-2713
-3302
-2448
-2228
-2636
-1748
614
2653
2729
1095
-127
-270
-936
-2415
-2998
-2380
-2168
-2261
-934
1468
2609
1804
941
975
614
-688
-1740
-1684
-1215
-1013
-301
1344
2806
2694
1595
973
541
706
3079
7182
8823
4970
-436
-2081
-452
-64
-1755
-1903
-574
-923
-2500
-1186
3698
6346
3259
-1421
-2488
-709
56
234
1655
1983
-697
-2796
97
4931
4912
100
-3269
-2387
-1161
-2175
-2514
-744
-311
-2672
-3415
162
3474
1745
-2030
-2543
-672
-475
-1428
511
3603
3391
1551
1999
3270
687
-3894
-5916
-4943
-3689
-3986
-3109
376
3691
3397
2038
3248
2993
-893
-4034
-3613
-2549
-2986
-2420
-212
1508
1978
1492
1120
1050
-448
-3077
-4075
-2591
-1670
-2067
-1136
1025
2010
1045
620
645
-338
-1865
-2719
-1738
-963
-727
-174
1018
2439
2527
2012
1673
1200
-167
-2028
-2257
-1194
-688
1499
7354
13047
11625
3933
-1653
-2445
-1847
-3569
-5275
-3677
-898
86
439
4517
9059
6625
-964
-5057
-3366
-1922
-2729
-1540
1934
3192
1260
856
4638
6938
2348
-4847
-6498
-3152
-2142
-3460
-1757
1780
1647
-1050
-520
2412
1818
-2917
-5838
-3683
-641
-510
-377
3202
7013
6240
3322
2321
787
-4269
-8725
-7867
-4408
-2574
-1766
887
4263
5418
3533
928
-162
-2171
-5152
-5591
-2515
280
657
1531
3055
2794
452
-1806
-2773
-3270
-3857
-3590
-1524
1098
2125
1449
1366
1361
-399
-2703
-3648
-2905
-2273
-1532
185
1730
2562
2016
1698
1663
783
-689
-2127
-1371
-205
164
567
1068
1749
3533
8086
12240
9391
257
-6192
-5366
-1262
-341
-1573
-392
2305
2544
734
2280
5109
2143
-5714
-8545
-2844
2728
3223
2523
4213
4719
970
-2145
-363
1981
-1260
-6672
-5469
1421
4620
2222
335
938
-779
-5246
-5826
-1788
-54
-2915
-4055
385
5272
4640
1269
558
2459
2954
185
-1727
-1823
-2821
-4311
-2579
1139
989
-1586
-2238
31
1007
-863
-1752
-1122
205
422
106
975
1664
489
-1969
-2540
-1432
-1688
-2517
-1191
963
1023
143
484
638
-750
-2546
-3150
-2319
-1647
-1116
-452
565
1617
1381
584
-486
-874
-1635
-1777
-117
1218
1676
1597
2570
1835
495
-159
-937
-1645
-529
6021
12344
11716
3133
-4432
-3721
515
676
-3144
-2857
1075
2225
255
1799
5874
3716
-4372
-8261
-2920
3177
3273
1041
2576
4528
1111
-3252
-1646
2911
754
-5353
-4716
2400
5498
1576
-1444
-705
-1338
-5412
-6448
-1608
2281
-220
-3465
14
4935
3281
-1708
-1908
559
-379
66
4659
5990
948
-4686
-5278
-2219
-771
-3364
-5026
-310
2967
261
242
2958
1473
-2659
-3251
-1506
-677
-238
-217
679
1436
-481
-2680
-1992
-275
-976
-2200
-998
918
705
-991
-883
-347
-1852
-2811
-1583
-189
612
556
-426
-492
155
149
-684
35
1255
789
1282
1944
1801
956
-941
-2026
-1825
963
7067
13076
12092
2392
-6430
-5972
701
3203
-625
-2722
671
3671
1513
-375
2147
2731
-3251
-7966
-3190
5184
5886
1278
920
3349
1483
-4180
-5134
603
3597
-367
-2956
1751
6019
1941
-4070
-3568
-1550
-4399
-6795
-2129
4666
4473
-903
-2850
13
566
-2804
-3846
485
2890
2055
6052
7720
2377
-5096
-8233
-4350
-929
-1366
-3651
-915
3573
1490
-1005
325
189
-3329
-3860
-518
1474
1206
398
314
303
-1124
-3189
-3817
-2083
649
884
493
1959
928
-2343
-3169
-1158
-1453
-3513
-2133
387
1712
1786
806
-233
-1426
-2084
-1596
288
2189
1750
1339
1570
2315
1631
-1495
-2214
-1762
-686
5003
14149
16250
3820
-9350
-9306
-404
5147
2555
-655
1057
3541
346
-3160
808
3592
-3159
-9074
-2065
8480
7445
-393
-2381
796
762
-2982
-3101
2559
4888
-778
-4799
432
6197
1373
-5857
-3724
1208
-470
-4098
-1890
2187
756
-3529
-3243
1141
2295
-1918
-3982
560
3957
3517
4422
4128
-409
-4773
-5055
-2288
280
-738
-3063
-1440
2126
1936
-493
-445
-1717
-3634
-1167
1270
663
-163
-346
-1156
-1629
-829
-620
-1187
-730
184
65
-75
76
-1363
-2621
-1485
-233
-318
-529
9
-685
-2075
-954
-339
-1352
-835
-94
969
2238
1729
1137
-154
-526
318
84
1035
326
-602
1327
5413
12551
13654
2547
-10243
-11382
-410
8994
7635
1556
-85
585
-3412
-6619
-1301
5371
2560
-4731
-2865
5865
7976
965
-5360
-4341
-1310
-1406
-207
5426
9163
3237
-6791
-7511
-99
3000
-554
-2478
578
1937
-1398
-3323
-1172
391
-3011
-6845
-3206
3991
5341
537
-1938
870
3814
3614
51
-2399
-1504
-1166
-2236
25
2710
-779
-4762
-3680
-815
810
777
-274
-293
495
-776
-2526
-1007
662
-1061
-2704
-1254
938
683
-589
-588
-540
-1052
-890
-514
-713
-590
-368
-1223
-1505
-378
-1
-949
-1265
-701
-994
-1296
-198
1709
1814
652
462
671
1116
1043
-152
-697
-294
742
2981
8347
14491
10036
-4256
-12892
-7730
4107
9477
7007
3146
471
-2563
-7257
-7247
1229
7498
2742
-4073
-1377
4954
3719
-1821
-2905
-627
-997
-3157
-1124
5951
9458
2248
-7003
-6054
387
830
-1983
421
3891
456
-5258
-4775
-7
1525
-2113
-5055
-1904
2355
1621
-51
1210
6963
6298
-4346
-7403
-3780
-274
2424
3722
3854
-1315
-5756
-6386
-4977
1392
4660
1394
-432
511
-491
-3677
-3002
-2
-456
-1876
-1124
146
600
661
-409
-1881
-979
283
-549
-931
-96
-174
-1407
-1497
-408
-186
-283
-662
-1456
-1223
-1052
-392
1302
1531
1328
984
220
233
115
365
970
662
770
2031
6576
13395
10957
-1949
-11482
-8940
1692
8227
7623
5464
2776
-2170
-9161
-10016
-18
8615
5455
-1776
-2007
1620
528
-2869
-1105
3039
1838
-3486
-4382
2493
7940
3514
-3709
-3559
183
-807
-3212
175
4601
1443
-5289
-6170
-972
2301
171
-1713
-214
617
-1112
-2238
1292
6214
3158
-3782
-5057
-1827
800
1152
2358
2716
-632
-4628
-6200
-3091
2003
3256
1365
448
76
-1987
-4004
-3066
-442
164
-907
-1096
110
948
-124
-1218
-839
-456
-1029
-1359
-564
426
404
-954
-2071
-1352
-163
259
231
52
-694
-1669
-1351
23
1034
1828
1747
666
375
-84
91
884
1283
3828
8709
12545
7649
-4917
-11833
-7021
3891
9598
7470
4388
2123
-3057
-10052
-9118
1538
9182
5202
-1951
-2181
729
-501
-3441
-863
4520
3723
-2485
-3899
2372
6058
724
-5076
-2604
2251
1254
-1559
394
3054
-846
-7158
-6448
589
4622
1691
-2300
-2176
-1626
-3102
-559
6558
9285
2234
-7238
-9207
-4016
2171
4362
3631
2237
-1665
-6649
-6774
-1018
3738
3473
1052
-854
-1852
-2394
-2735
-1979
-5
404
-1296
-1829
-219
778
-251
-1265
-1337
-655
-64
-150
235
81
-1109
-2723
-2491
586
2228
2131
-157
-3078
-3119
-1944
719
2470
2513
1568
-796
-1197
-39
903
707
786
4519
11574
14782
5321
-9904
-14678
-4075
9190
11879
7312
3045
-701
-7447
-12597
-6179
8013
12774
2964
-5998
-4133
129
-1892
-3478
2397
7684
3577
-4238
-3638
3674
4392
-3487
-6637
621
6647
3208
-1659
-398
211
-5549
-9370
-3157
6252
6864
-562
-4282
-2205
-1139
-1546
-86
3968
4473
-762
-5088
-3536
1070
1137
-1196
55
1846
-22
-2494
-2149
-787
-255
-746
-724
736
1743
-557
-4091
-3689
-1028
-106
-242
404
643
-1078
-2805
-2006
468
1679
949
-306
-1297
-1775
-1976
-1835
-402
1758
1641
-839
-1300
-524
-261
15
-153
720
542
61
65
-615
730
1306
683
1742
6196
13474
12317
-2035
-14669
-11045
4866
15335
10652
1014
-2585
-3390
-7577
-9145
1595
13193
8034
-5898
-8912
-701
2922
-1912
-3275
3617
7705
1305
-5599
-1555
5219
625
-8083
-4295
7787
9581
-8
-5365
-2518
-1816
-5993
-4893
3989
8558
1416
-8308
-7704
-440
1985
-295
2568
11245
7838
-7399
-13462
-6871
2656
7341
6426
2351
-2195
-5824
-8953
-5561
4492
7434
1345
-998
-8
-2298
-4878
-4052
-564
2857
3461
141
-2995
-3664
-4357
-3638
689
5321
5250
841
-3611
-4739
-2978
-1747
-485
2628
3372
181
-2390
-3244
-2461
-190
1479
1988
1873
1405
-788
-2622
-1053
740
1011
1665
4884
11293
14056
3847
-12391
-16412
-2203
15879
18107
5959
-4610
-6982
-7001
-7737
-1084
11170
12849
-305
-11786
-8119
2148
3443
-2076
-694
6406
6096
-2388
-5284
917
2888
-3785
-6119
3473
11786
5692
-6340
-8774
-2703
-216
-1684
1258
6488
3089
-7459
-11275
-3304
5865
6381
2861
1305
-934
-5694
-6854
-1006
5472
5755
462
-2789
-1247
-886
-3709
-3575
802
3304
2023
-9
-1548
-3042
-3718
-3164
-202
4171
3915
-1408
-5031
-4349
-2481
-677
1763
3533
2579
-1195
-4235
-3466
-689
884
1148
892
503
-174
-1833
-3073
-1847
733
1395
845
1897
1517
-995
-1721
-2023
-811
2312
3589
1600
126
5410
12164
8932
-4540
-14330
-7176
10884
18281
7835
-5110
-7759
-4261
-3859
-1933
7179
11925
2181
-10808
-9717
1572
5744
-225
-3525
2023
5991
370
-5462
-1073
4716
148
-5948
-482
8934
6815
-4147
-8680
-2957
1772
67
-755
2847
3370
-4002
-9526
-4298
4044
4449
541
-1324
3099
6595
-3544
-10448
-5118
2678
7155
6207
1785
-6271
-8813
-4622
-1290
5025
8829
654
-6257
-3406
-1641
-2534
-725
2047
1323
223
-494
-3991
-4287
-1999
-571
2192
4442
2516
-2817
-5269
-3775
56
2937
1693
694
651
-1699
-3448
-2068
-820
757
2317
1768
390
-417
-288
-1112
-600
1601
815
227
3161
9385
14135
5775
-11254
-17113
-2905
17287
19973
4186
-9078
-8764
-3680
-3366
-501
10135
12510
-1072
-13360
-8650
4578
6449
-2588
-4645
3858
7276
-1128
-6659
-42
4859
-1689
-6287
2236
11509
5527
-8178
-10668
-1380
3994
737
-401
3527
2284
-6652
-10234
-2050
7592
7320
-240
-3797
-1600
-257
-2723
-2295
2355
3428
1139
-519
-1218
-2420
-3444
-2640
383
4436
4522
-929
-4835
-3758
-2599
-1671
1088
3177
1795
-2076
-4307
-3821
-1525
662
1590
2331
1659
-1154
-3533
-3320
-949
1375
1644
783
84
-828
-2293
-2267
3
1007
994
1059
466
-90
-420
-925
-848
226
1614
2183
973
949
4108
10078
10360
-1908
-13303
-8977
7887
17720
9233
-4206
-7844
-3768
-2488
-2905
3912
11470
5381
-8619
-10994
90
7036
1047
-4397
200
5620
1795
-5059
-2249
4701
2375
-5398
-3380
7109
8711
-1740
-8537
-3816
1600
101
-1853
1816
4455
-1281
-8504
-6143
2713
5328
-12
-1600
4614
4990
-3419
-8828
-5348
2802
6683
4546
-79
-3318
-5408
-6900
-2616
5342
6900
1398
-3054
-3543
-2440
-2106
-1749
110
2130
1697
-1766
-3784
-3035
-1931
-521
1501
3340
2405
-1434
-4461
-3680
-528
1680
1664
664
-162
-885
-1668
-2438
-1444
914
2098
1747
566
-420
-823
-992
-212
983
1724
1439
1255
5701
12630
9748
-5338
-16480
-8660
10728
18899
9383
-3585
-7059
-4769
-6002
-4817
6233
14621
5758
-9841
-11142
301
5174
-443
-2996
2953
6570
-77
-6195
-1115
5553
847
-7219
-2699
8694
8635
-2390
-7739
-3178
-27
-2377
-1751
4562
6365
-1905
-9809
-6837
2737
6447
2779
-372
-475
-524
-3396
-3216
1392
3370
1276
-1431
-1278
-730
-1616
-2240
-1603
966
2851
918
-1641
-1735
-2213
-3458
-2557
999
3039
1096
-1822
-3631
-3327
-1618
297
2120
2607
956
-2090
-3960
-2525
155
1287
1109
434
100
-1392
-2752
-1576
137
1892
1855
64
-550
-400
-41
-6
407
1647
1182
-205
716
5008
11300
10556
-1399
-12705
-10352
4618
15085
10922
648
-5169
-5366
-5821
-5148
3107
11694
7829
-4673
-9893
-3014
3247
719
-2152
1327
4916
1225
-4045
-1197
4503
2028
-5383
-4697
4335
7816
1227
-4585
-3298
-1363
-3267
-3264
2569
6532
1498
-6532
-7467
-1865
1642
1574
1899
3088
5115
2321
-4969
-6829
-3694
814
4293
5418
2555
-3965
-6777
-5674
-2465
3558
5861
2252
-802
-2493
-4401
-4674
-1779
1776
2295
1681
-243
-3059
-3595
-2843
-662
1859
2964
1977
-932
-2258
-2297
-1589
-576
-388
1255
1640
-4
-1101
-2455
-2319
-904
711
2948
3100
1595
-1057
-3690
-1466
1447
2146
2978
6145
12531
10330
-4262
-15686
-10587
6970
16462
9722
279
-2864
-3953
-8296
-8962
2799
14232
9005
-4755
-8794
-1698
1483
-3067
-3116
4202
7884
1368
-5088
-942
4738
61
-7356
-3432
7176
8446
-41
-4856
-2868
-2385
-5227
-3322
4886
8514
2238
-6445
-7619
-2668
-155
737
3383
6167
3655
-4298
-7479
-3435
1548
3256
2218
1325
-82
-2679
-4278
-3255
160
2596
1374
257
454
-1015
-3957
-5284
-2460
1299
2663
1852
-433
-2465
-3506
-3097
-499
2271
2992
1239
-1453
-2511
-2385
-1649
-431
1075
1942
877
-806
-2160
-2068
-1139
-98
1213
2064
2418
1056
-1005
-1508
-719
286
1540
3337
7686
12248
7416
-5675
-14139
-7704
7374
14400
9089
-202
-4281
-5038
-7455
-5509
4627
11848
6074
-4647
-6686
-861
1039
-2236
-2088
3191
5846
1098
-2972
12
3057
-1277
-6273
-1740
6756
6977
-237
-4384
-3514
-3275
-4244
-1682
4434
6414
829
-5938
-6125
-1606
871
153
2753
8365
5358
-4346
-9790
-6581
963
5368
4994
1164
-1976
-3634
-5692
-4022
1739
3906
1587
113
-7
-1182
-3544
-4654
-3544
-276
2840
2285
-303
-2266
-3204
-2930
-1255
1427
2839
2089
-316
-2473
-2980
-2503
-784
758
2009
1527
-19
-1411
-3119
-2077
-363
1040
2475
3116
2329
-54
-1893
-1768
376
3995
11105
13816
4286
-10105
-14978
-2704
11686
13210
4300
-3089
-2637
-3398
-7345
-4067
6499
9416
196
-6632
-1616
4554
969
-5105
-3588
3795
5626
363
-1091
3345
2904
-5842
-8630
839
9118
5636
-1910
-3419
-2146
-3764
-5419
-1450
4892
5269
-1168
-5439
-2534
354
1152
2475
3980
3332
-2519
-6409
-3591
1556
3668
783
-1200
-652
-984
-1614
-1718
-1077
174
229
-16
523
739
-899
-4003
-3925
-1145
537
952
228
-939
-1935
-1985
-1076
-567
220
973
595
224
-690
-2290
-2353
-1076
508
1086
537
-49
-1392
-1595
-413
943
1510
883
357
224
270
-138
738
2767
6487
10621
7812
-2406
-11202
-8164
4082
11592
8268
274
-3201
-2380
-3698
-4915
352
6667
4348
-3430
-4630
1616
3979
-634
-4149
-689
4210
3156
-199
944
3505
-259
-6602
-4919
3523
6917
2043
-2646
-2531
-2236
-3957
-3422
1257
5255
2845
-2502
-4163
-1046
1951
736
-193
1294
1553
-419
-1812
-1095
-532
-994
-1116
-436
773
1202
-739
-2550
-1873
-528
-136
-24
405
-435
-1936
-2248
-1477
-336
-185
-913
-1497
-1053
179
75
-1120
-1579
-1143
-257
413
270
-81
-711
-1556
-1411
-799
995
1626
291
-625
-1427
-180
389
774
1618
1217
697
-541
273
2943
8234
12016
5673
-6799
-12307
-3652
8354
10203
2901
-2704
-1561
-416
-3757
-3941
3337
6659
-252
-6432
-1612
5968
3793
-3220
-4295
896
3264
-122
-907
3935
5100
-2214
-7398
-2008
5502
3722
-2674
-3451
-345
-767
-3541
-2117
2431
3415
-1064
-4742
-2106
2392
2797
-750
2556
9394
2716
-7783
-10386
-3986
3873
4879
1657
-2719
-1215
453
-3505
-3254
951
637
-1462
218
2590
1158
-2337
-4602
-4887
-988
2152
293
-1087
-319
282
-1106
-2030
-1041
-216
258
-641
-1463
-400
-421
-321
-252
-974
156
-188
-375
-844
177
2209
963
988
839
-34
138
995
3375
9329
12023
3647
-8942
-11531
-394
8802
7314
1026
-1132
1284
-719
-5488
-3710
3911
4631
-3519
-6160
2151
8693
3445
-4224
-3411
1490
895
-2453
238
6618
5675
-3344
-6877
-631
4491
400
-4809
-2097
1891
240
-2887
-904
2666
597
-4332
-3746
3344
6792
1336
-4558
-2644
2745
2700
-1305
-2495
-533
341
-1129
-1671
201
978
-1365
-3218
-1258
1964
1949
-790
-2193
-1448
-1165
-2227
-2316
-260
1042
-213
-2008
-1699
338
620
-1129
-2018
-1270
217
189
-281
80
-585
-1361
-2203
-1938
342
1294
646
151
751
1485
655
216
27
-156
-50
826
2113
3818
9106
10962
3621
-7507
-11240
-2462
7180
7522
1640
-954
1669
716
-5139
-5034
2202
4179
-2550
-5556
2015
8440
4320
-3078
-3686
247
-36
-3389
-793
7386
8468
-841
-6790
-2413
1933
-1608
-5038
-1238
3507
1850
-2050
-770
2803
1196
-4619
-5412
1038
6205
3560
-1336
-821
1216
-418
-3246
-2317
817
992
-986
-1573
29
1034
-887
-3015
-1944
357
543
-639
-573
196
-595
-2337
-2706
-972
136
-908
-1672
-693
218
-206
-640
-692
-550
-921
-1737
-1410
-23
1167
321
-1218
-1065
-612
-715
-133
954
1936
2025
1011
277
-79
-261
-16
515
3496
9912
11776
4252
-6658
-10040
-2986
3812
4247
1887
2154
4080
980
-5025
-4571
1362
1876
-4034
-4524
3653
8712
4109
-2264
-2528
-376
-1977
-4140
-277
6930
6890
-828
-4340
-133
1921
-2971
-6336
-2142
2079
954
69
2144
3772
254
-5173
-5095
-606
3230
2527
706
2262
2544
-795
-3369
-2558
-1324
-2322
-2302
522
3108
2885
-144
-2966
-3293
-2346
-1615
-875
1039
2101
87
-2143
-2267
-1227
-1416
-2053
-1183
-190
373
207
-58
15
-871
-2063
-2656
-1743
361
705
-71
-231
125
144
-182
200
992
1301
484
488
862
1789
2438
1765
4281
8470
7381
-1088
-8316
-5429
2095
4288
1797
898
3045
2617
-2966
-5616
-614
4043
217
-5169
-1534
5923
5836
-62
-1480
1186
-224
-4743
-3915
3569
7754
2568
-3544
-1888
2138
-457
-5658
-3844
1669
1596
-1972
-1270
2845
2552
-2718
-4826
-890
3517
2735
3994
7261
3363
-3918
-9701
-6673
-184
1468
424
-836
2315
2763
-1834
-3022
-672
-494
-3229
-2818
1313
2879
1277
-1390
-3211
-2388
-2436
-3425
-2127
1601
3353
598
-1286
-627
-325
-1930
-3115
-1565
-178
643
272
-385
-188
-881
-1451
-1282
525
2322
2248
1781
1805
1688
1630
1223
3127
7667
7360
1115
-5619
-4874
699
2033
734
616
3033
3195
-1486
-4074
-357
3519
-214
-5820
-3058
3767
4685
1025
511
3064
1283
-3465
-3423
1794
4952
681
-3813
-1241
2723
900
-3576
-2511
1161
-631
-4198
-2346
3340
4389
199
-1863
-12
1375
-937
-2561
83
3123
1825
-1201
-812
982
36
-2387
-2197
-41
66
-1848
-1795
524
1891
555
-1066
-439
-578
-2344
-3305
-2206
-330
-243
-875
-240
1250
1041
-1309
-2230
-1188
-809
-1692
-1328
325
1111
391
-928
-619
-582
-1385
-1794
-967
1481
2225
1516
1322
1323
1123
186
77
1365
4775
8618
6823
289
-4838
-3820
-342
52
378
2010
3135
1457
-2336
-2142
2306
3571
-1408
-5712
-2793
1659
1555
1235
3852
4629
-318
-4922
-2672
2384
2873
-1099
-2501
670
2147
-604
-1992
545
1116
-3668
-5061
145
3786
2201
-1546
-838
1090
-230
-1251
-224
2596
2247
-1487
-2285
266
1592
-820
-2686
-839
351
-873
-1594
42
1821
294
-1780
-1529
-298
-351
-2095
-2240
-781
-273
-893
-999
565
530
-1278
-2199
-1109
660
244
-642
-708
-223
-518
-1502
-1123
389
473
-512
-627
33
1252
1059
1386
1970
971
356
256
1199
4818
8184
6198
231
-4667
-3794
-720
-28
712
2025
2724
956
-1721
-986
2838
3315
-2175
-6094
-3311
1282
2176
2129
4188
3860
-1208
-4849
-2472
1844
1876
-1467
-2155
268
1557
105
-631
1188
352
-3516
-4437
-836
2169
948
-32
1789
2593
548
-1485
-887
479
-303
-1761
-1335
469
623
-955
-915
399
458
-1132
-1636
-248
357
-373
-780
81
598
-638
-1881
-1905
-1512
-1683
-1773
-438
581
191
-619
-720
-52
84
-525
-1091
-1025
-803
-736
-861
-74
724
317
-144
-166
480
713
695
799
1000
1061
993
1102
3302
7853
7742
1862
-4083
-4539
-1443
-1095
-487
2426
4346
1897
-2416
-1754
3008
4264
-1037
-5738
-3890
-242
278
1485
5716
6596
59
-5600
-2821
2162
1512
-2484
-2371
992
1044
-1438
-797
2708
1958
-3503
-5294
-1000
1903
-134
-1166
2009
3805
1055
-1262
187
1578
-801
-3386
-2231
408
153
-1843
-992
1534
1405
-937
-1358
152
73
-1753
-1919
110
909
-425
-1430
-858
-388
-1468
-2389
-1433
-440
-460
-565
-46
723
233
-599
-710
-523
-615
-1259
-1140
-154
529
684
275
421
498
211
701
882
1123
936
657
1049
3637
7740
7016
1380
-3737
-3487
-1153
-1314
-425
2523
3837
1060
-2110
-379
3945
3638
-2086
-5633
-3069
3
4
1317
5115
4985
-962
-4071
-246
2855
53
-3610
-2315
573
127
-1296
417
3135
1058
-3706
-3939
-372
166
-2401
-2308
1968
2558
2193
5913
5071
964
-5143
-7343
-4177
-2558
-427
205
1301
2077
480
638
2556
2455
-2357
-6054
-3842
-843
714
1938
1768
234
-2648
-3122
-743
216
-547
-2221
-2179
-700
187
1521
1619
1089
-343
-2462
-2054
-1179
-554
-420
-349
831
1512
1467
1633
1877
1528
271
-497
83
2312
5580
5539
2351
-1331
-2136
-703
-1368
-811
1958
3225
725
-2054
-26
3833
3693
-777
-3866
-2764
-1161
-1106
520
4219
4589
-399
-3213
424
3347
656
-2993
-2272
-361
-1410
-2160
622
3115
1562
-1617
-1481
1222
317
-2768
-3204
-532
833
-444
360
2534
2215
-509
-1494
-257
-543
-2578
-3153
-1074
818
635
300
1109
1130
-138
-936
-449
-480
-1922
-2519
-1494
-351
-441
-754
-135
73
-569
-515
191
329
-935
-1817
-824
-480
-386
-112
161
863
283
-145
100
-230
-324
-573
79
1624
1685
1312
1125
903
1598
3847
5558
3585
-459
-2922
-2498
-1856
-1245
1715
3891
2256
-902
-1211
2053
3885
1295
-2400
-3482
-2319
-1254
306
3450
4448
779
-2925
-1655
1623
1331
-1013
-1441
-795
-1311
-1595
390
2596
2113
-904
-1539
179
-168
-1622
-2070
-422
109
-895
-16
1645
1594
-20
-653
-409
-1088
-2442
-2691
-1106
446
569
632
1124
851
-284
-750
-24
-295
-1856
-2375
-1363
-459
-388
-14
277
-336
-970
-908
-10
136
-624
-1135
-1266
-573
-53
193
668
675
224
-115
35
350
291
65
265
738
1225
1489
1325
1183
3040
4753
3295
618
-1494
-1749
-2235
-2409
451
3084
2487
-292
-1078
1520
3706
2388
-806
-2489
-2505
-1992
-268
2735
3925
1066
-2318
-1643
1267
1713
-251
-1510
-1516
-1690
-1443
532
2697
2351
-100
-1315
-633
-458
-1417
-1813
-972
-228
-333
69
970
966
472
-138
-468
-1228
-2219
-2014
-1081
-152
-62
-239
-2
184
206
358
391
-552
-1855
-1944
-1042
-394
-221
-267
-181
-185
-150
124
55
-466
-1062
-989
-542
-310
-148
-63
260
370
132
430
302
-117
125
250
736
851
781
1189
957
1887
3819
4414
2971
366
-1453
-2415
-2869
-1515
1463
2787
1058
-1064
-728
1702
3198
2083
-202
-2216
-3344
-2280
813
3635
3177
-326
-2079
-463
1283
1119
229
-447
-1591
-2794
-1709
1486
2680
1145
-749
-658
147
-467
-687
-574
-740
-1645
-1762
149
1578
1515
475
-249
-717
-1356
-1428
-876
-284
-441
-821
-502
-19
131
134
21
-146
-817
-1333
-1082
-1043
-1201
-1149
-592
-38
-17
-227
-163
92
-62
-169
-348
-503
-752
-1088
-811
86
861
927
806
305
374
273
-65
305
278
372
217
1167
3514
4632
3645
1468
-451
-2187
-3205
-1942
1135
2547
801
-1234
-658
1797
3431
2841
513
-2005
-3607
-2681
453
2940
2535
-246
-1613
-245
1430
1693
746
-573
-1836
-2408
-857
1712
2136
608
-948
-892
-171
-293
32
69
-637
-1450
-1465
29
794
647
229
-525
-831
-825
-390
-206
-623
-947
-1157
-800
65
731
498
-410
-780
-738
-478
-355
-763
-1053
-1367
-1141
-356
144
487
-19
-764
-788
-331
-29
-81
-120
-179
104
-175
-172
380
213
429
305
356
804
362
386
638
742
1349
2196
2715
2487
1554
5
-1517
-2291
-862
1797
2017
46
-1708
-1651
378
2280
2824
1668
-1149
-2976
-1983
637
2532
1567
-995
-1833
-456
1256
1891
1263
116
-1538
-2435
-1027
1052
1745
358
-819
-602
-3
520
88
-457
-994
-1313
-615
234
746
329
-340
-195
257
255
-567
-1312
-1351
-849
-118
187
101
-432
-837
-234
491
635
15
-928
-1207
-1246
-985
-243
7
-183
-441
-279
389
605
122
-463
-671
-531
-139
70
-25
62
75
190
602
721
722
242
-337
188
618
774
1057
1453
2346
2443
1649
32
-1915
-2311
-668
1533
1780
202
-1585
-1733
324
2525
2930
778
-2083
-2982
-1657
833
2407
1387
-870
-2026
-955
912
1825
1468
161
-1528
-1817
-252
1256
1417
-283
-1279
-1509
-791
676
948
635
-845
-1296
-622
121
575
-252
-837
-721
278
964
616
-52
-907
-1165
-732
22
301
-536
-1074
-652
210
841
522
-57
-757
-1185
-732
-170
133
-242
-634
-223
352
903
768
70
-473
-707
-195
197
138
205
33
70
274
492
885
635
491
531
333
363
377
888
1627
2158
1577
-729
-2427
-1840
705
2313
1309
-800
-2429
-1853
414
2528
2703
344
-2380
-3118
-1112
1628
2129
131
-2055
-2296
-774
974
1906
1478
-144
-1518
-1292
392
1633
843
-1102
-2310
-1570
214
1396
1133
-187
-1247
-1130
156
1063
561
-940
-1762
-856
772
1504
592
-827
-1283
-444
676
944
145
-960
-1258
-415
761
1123
353
-641
-852
-200
555
649
139
-483
-612
-162
535
786
362
-151
-113
528
854
411
-405
-746
-347
273
677
694
443
182
167
546
821
553
23
51
970
1680
1034
-955
-2443
-1845
386
2170
1726
-358
-2194
-2016
40
2027
1939
-376
-2755
-2903
-577
2014
2482
509
-1943
-2738
-1557
359
1478
1165
-99
-1008
-588
701
1454
786
-623
-1562
-1528
-823
-49
442
497
242
-7
-83
-38
-7
36
109
16
-382
-751
-553
183
741
635
140
-243
-378
-228
238
684
574
-71
-448
-96
489
588
159
-273
-411
-287
21
414
634
434
35
-30
362
731
607
95
-273
-202
116
395
396
155
-82
-65
344
760
734
249
-78
460
1398
1402
-235
-2316
-2651
-667
1767
2238
383
-1805
-2232
-632
1466
2145
727
-1683
-2908
-1647
960
2264
903
-1617
-2750
-1730
147
1310
1166
-15
-1281
-1295
317
1970
1589
-695
-2465
-1902
201
1593
1108
-500
-1660
-1314
266
1641
1421
-251
-1595
-1232
255
1131
520
-782
-1415
-789
552
1467
1144
-56
-819
-322
787
1185
513
-332
-506
-90
380
556
324
-214
-594
-295
485
834
297
-406
-314
494
1059
833
192
-198
-125
174
414
415
142
-169
-120
356
772
578
9
6
930
1693
863
-1339
-2839
-2020
348
1975
1479
-450
-1986
-1732
227
2207
2192
-113
-2614
-2849
-673
1660
2015
419
-1485
-2204
-1392
201
1326
1045
-377
-1476
-1052
422
1304
620
-852
-1572
-936
366
1162
791
-371
-1270
-1031
131
999
730
-261
-865
-540
198
536
166
-525
-912
-651
28
490
389
-23
-189
142
599
724
425
-9
-194
-51
203
232
-86
-373
-210
326
684
477
12
-162
48
355
487
395
145
-126
-95
365
813
708
95
-354
-156
337
545
425
353
648
1069
1061
335
-920
-1875
-1646
-239
1199
1226
-260
-1672
-1444
263
1719
1508
-101
-1677
-1975
-826
785
1460
551
-1137
-1991
-1202
365
1200
746
-272
-835
-632
21
602
605
-116
-1045
-1295
-566
425
718
135
-626
-821
-350
367
827
729
82
-659
-838
-309
292
244
-368
-764
-492
95
414
350
159
66
133
325
524
529
263
-72
-176
-21
139
136
93
169
309
337
213
140
291
513
519
179
-279
-462
-227
214
488
451
306
278
414
554
519
311
146
361
899
1071
195
-1379
-2222
-1377
445
1532
932
-646
-1720
-1336
243
1658
1580
-61
-1813
-2016
-546
1093
1359
154
-1316
-1846
-1130
189
1091
976
132
-533
-433
129
416
98
-450
-683
-466
-76
152
140
39
-4
25
63
44
-28
-97
-105
-36
-18
-192
-457
-535
-306
61
297
289
107
-94
-133
105
456
552
274
-49
-73
106
150
-42
-247
-262
-100
160
418
470
225
-57
19
428
655
378
-108
-319
-170
111
351
449
322
68
-18
212
525
677
816
1072
1044
235
-1091
-1881
-1409
-117
865
764
-219
-1121
-1029
101
1280
1347
110
-1382
-1801
-817
641
1268
570
-719
-1458
-1101
-67
760
762
-49
-919
-885
259
1498
1352
-342
-2055
-2123
-397
1493
1771
168
-1786
-2057
-232
2024
2511
685
-1666
-2351
-845
1248
1798
346
-1679
-2329
-986
1092
2092
1245
-413
-1214
-556
779
1475
1007
-106
-925
-775
56
617
354
-318
-523
-95
368
497
409
287
159
67
152
256
78
-211
-217
107
342
208
59
165
336
368
328
534
937
1091
733
-161
-1143
-1547
-1071
22
738
342
-749
-1437
-886
438
1234
842
-350
-1247
-1129
-240
700
862
76
-947
-1338
-686
385
959
782
131
-411
-686
-688
-315
118
305
24
-445
-549
-283
211
577
616
348
-193
-471
-200
392
719
276
-481
-952
-834
-266
231
483
302
-123
-288
-55
466
739
542
201
14
160
357
318
39
-317
-399
-216
29
229
285
252
157
120
271
385
240
-72
-228
-54
148
122
13
37
193
302
307
281
219
248
540
948
974
202
-964
-1567
-1113
-4
753
540
-396
-1219
-1129
-169
827
936
-23
-1163
-1471
-703
448
956
477
-548
-1271
-1082
-159
786
1027
432
-392
-810
-594
-62
227
110
-280
-596
-601
-370
-14
257
376
370
230
112
109
243
383
274
-83
-509
-710
-531
-102
350
512
320
34
-11
289
554
501
223
-18
9
179
340
357
107
-199
-295
-15
419
552
355
67
-44
50
189
325
328
127
-149
-275
-94
201
337
277
113
-46
-114
34
439
895
1027
592
-276
-1088
-1310
-793
59
525
205
-580
-1060
-702
195
764
421
-599
-1425
-1381
-557
335
589
94
-619
-898
-504
234
719
590
23
-425
-396
-89
73
-17
-155
-180
-194
-298
-360
-276
-97
104
290
382
251
21
50
402
620
261
-455
-905
-771
-236
270
464
294
-34
-113
257
782
916
504
-16
-207
-69
154
256
197
36
-82
7
251
425
419
316
232
169
127
137
192
227
212
178
86
-40
-91
19
198
224
129
132
364
700
897
803
270
-640
-1383
-1343
-518
267
274
-352
-881
-785
-178
451
624
123
-765
-1343
-1107
-314
230
74
-475
-805
-666
-202
366
774
660
-97
-943
-1053
-290
571
693
77
-651
-927
-572
177
770
653
-145
-839
-700
117
757
651
25
-547
-700
-429
51
410
367
28
-198
-45
348
601
552
348
192
197
288
294
143
-56
-122
-35
80
142
175
246
369
495
542
411
175
35
96
235
241
92
-62
-97
64
372
598
502
129
-137
-7
364
609
523
139
-360
-708
-661
-229
203
161
-384
-912
-894
-335
257
402
56
-471
-806
-733
-327
60
19
-472
-922
-849
-282
304
535
384
-24
-512
-767
-499
143
542
284
-382
-822
-656
-14
674
922
465
-389
-852
-413
493
915
427
-478
-1002
-814
-166
402
453
12
-421
-331
250
803
873
476
4
-169
19
310
348
59
-257
-276
2
288
358
237
110
150
330
462
376
137
25
201
464
468
163
-178
-264
-42
312
590
609
361
127
204
545
738
429
-255
-829
-904
-467
143
459
209
-394
-789
-596
-22
336
110
-487
-905
-796
-280
203
295
-35
-507
-729
-490
27
369
198
-327
-674
-492
43
412
300
-170
-630
-758
-475
35
398
324
-73
-340
-162
248
418
179
-241
-503
-473
-210
76
135
-81
-330
-287
77
421
463
243
28
57
302
507
411
28
-307
-293
27
357
429
238
-2
-59
175
540
699
466
22
-249
-132
188
388
355
222
126
77
67
136
278
355
313
280
371
492
426
152
-143
-340
-424
-368
-161
21
-63
-346
-478
-270
70
180
-43
-395
-633
-638
-397
-75
38
-190
-504
-470
-41
316
179
-311
-614
-414
92
426
285
-261
-775
-733
-65
650
664
-47
-684
-547
183
708
523
-123
-657
-715
-314
216
405
32
-518
-590
-38
571
643
206
-254
-336
-7
482
773
544
-129
-665
-534
147
712
659
142
-298
-325
3
405
605
468
86
-220
-189
74
262
217
72
31
93
154
184
245
351
404
366
321
372
439
340
91
-155
-286
-274
-140
68
168
-18
-388
-560
-337
3
83
-144
-410
-502
-400
-176
30
18
-270
-581
-556
-158
260
395
259
48
-113
-196
-184
-160
-246
-415
-467
-264
56
268
311
259
187
129
98
61
-22
-121
-179
-191
-224
-288
-283
-168
-14
94
158
191
168
131
172
300
372
239
-43
-255
-258
-99
80
168
144
70
51
185
430
556
412
114
-76
-24
137
187
72
-95
-172
-106
78
292
402
345
222
180
254
351
376
319
187
-24
-236
-316
-218
-53
23
-19
-109
-209
-299
-323
-250
-164
-209
-375
-460
-334
-111
4
-39
-134
-152
-82
-4
13
-47
-123
-102
47
189
167
-22
-200
-212
-92
27
61
48
65
111
169
203
149
-10
-193
-264
-209
-140
-128
-110
-26
82
146
174
211
237
188
117
130
206
221
133
42
23
4
-57
-82
-33
13
-1
12
136
279
298
195
112
111
121
101
76
60
14
-61
-91
-38
45
84
79
66
39
-5
-24
27
164
346
431
292
-40
-329
-341
-105
100
61
-168
-368
-378
-202
17
72
-134
-446
-564
-346
-7
129
-9
-213
-274
-186
-46
74
120
28
-185
-347
-295
-63
163
224
102
-79
-165
-79
146
347
344
106
-172
-246
-73
138
150
-72
-340
-426
-264
15
228
278
202
124
143
232
281
215
80
-24
-37
52
182
242
180
66
5
34
111
178
193
142
65
28
82
148
100
-59
-196
-207
-103
28
96
80
27
12
71
147
144
22
-152
-237
-148
63
241
255
105
-103
-226
-196
-66
41
3
-180
-352
-361
-208
-17
62
-12
-178
-313
-317
-194
-39
31
-31
-180
-298
-276
-120
53
97
-28
-204
-256
-113
131
297
259
57
-126
-132
47
249
301
156
-58
-167
-73
142
289
261
98
-52
-56
80
231
273
179
32
-56
-27
74
148
135
67
9
0
39
85
91
45
-15
-32
14
70
98
99
85
57
31
24
26
17
-27
-85
-119
-122
-121
-132
-135
-118
-87
-39
0
4
-22
-66
-96
-64
18
92
105
50
-39
-119
-161
-169
-145
-80
-11
16
6
9
30
40
13
-36
-82
-122
-131
-79
24
105
97
12
-62
-72
-35
5
20
9
-23
-57
-53
12
89
111
80
37
17
31
59
78
62
19
-16
-16
28
90
120
110
73
32
14
33
66
81
71
40
-8
-55
-70
-53
-15
21
35
30
15
10
29
67
80
60
26
9
28
65
88
73
9
-76
-128
-108
-58
-26
-37
-82
-114
-109
-60
-1
12
-22
-73
-94
-70
-16
26
27
-9
-68
-122
-146
-132
-92
-47
1
33
36
30
29
35
36
14
-29
-73
-89
-54
21
104
142
110
41
-16
-34
-25
-19
-28
-38
-21
34
110
152
125
47
-32
-65
-49
-20
-5
-16
-28
-6
50
104
110
67
4
-40
-38
3
56
78
52
0
-34
-41
-36
-19
-1
0
-26
-50
-50
-18
31
69
78
46
-9
-51
-64
-60
-51
-49
-41
-10
29
59
68
53
18
-16
-25
-14
-15
-35
-59
-70
-52
-14
30
52
44
28
23
22
6
-19
-44
-58
-53
-40
-15
3
-13
-44
-58
-48
-32
-20
-7
6
14
13
19
35
41
32
17
11
3
-23
-44
-31
2
24
24
7
-26
-54
-46
-13
12
-8
-59
-86
-53
12
71
104
94
58
31
39
64
50
-5
-60
-70
-26
38
73
53
-13
-70
-67
-7
63
88
59
11
-12
15
65
89
57
-18
-83
-92
-63
-20
21
44
43
35
31
42
50
34
6
-15
-18
-16
-17
-20
-31
-51
-53
-29
9
26
-3
-51
-82
-87
-65
-25
15
19
-5
-20
-7
10
4
-16
-23
-15
-2
19
35
39
19
-4
6
33
33
-4
-55
-84
-71
-24
39
90
97
52
-20
-73
-97
-103
-85
-45
16
70
98
103
80
21
-40
-65
-37
10
26
17
9
3
5
19
37
31
-8
-50
-51
-3
57
87
89
69
29
-16
-30
-13
-2
-7
-10
0
7
5
5
15
27
47
69
74
37
-33
-84
-70
-4
51
65
20
-68
-138
-128
-28
82
105
43
-36
-78
-63
-11
33
28
-16
-38
2
78
119
81
-6
-77
-101
-71
-20
3
-20
-48
-26
46
111
103
26
-66
-116
-92
-9
77
112
88
22
-36
-60
-68
-81
-76
-47
-8
27
36
12
-20
-34
-19
20
48
43
7
-39
-72
-58
-3
54
73
57
34
8
-18
-29
-9
22
33
21
14
6
-17
-22
0
21
21
2
-10
-10
-14
-7
35
80
93
66
24
-9
-27
-20
12
45
46
18
-9
-17
-11
-11
-17
-21
-15
-4
1
-1
-13
-31
-38
-14
31
62
51
2
-46
-60
-48
-18
3
-7
-36
-57
-47
-6
33
40
18
-9
-20
-12
-2
-2
-13
-30
-34
-25
-12
-12
-20
-21
1
42
79
81
44
-11
-59
-71
-55
-33
-20
-24
-37
-39
-28
-16
-7
2
6
13
28
39
38
28
17
14
7
-6
-25
-42
-51
-46
-28
-7
3
-2
-10
-1
20
36
49
54
43
24
8
-3
-2
5
10
12
9
-2
-12
-20
-26
-22
-8
10
25
30
13
-9
-20
-14
13
52
75
65
40
13
-2
-1
1
5
3
-3
-8
-7
-10
-24
-35
-35
-24
-8
4
11
2
-22
-40
-38
-21
-3
4
-2
-15
-27
-37
-38
-31
-20
-10
4
9
-4
-27
-48
-57
-55
-43
-23
-5
10
18
27
33
28
4
-22
-41
-48
-38
-18
0
4
-2
-4
2
17
30
29
14
-13
-34
-35
-23
-5
16
37
54
68
75
70
56
20
-24
-57
-72
-68
-54
-36
-16
-1
10
25
35
29
6
-25
-46
-41
-17
12
43
53
38
14
-1
0
5
6
8
9
1
-7
-4
11
26
25
17
6
1
-2
-5
-1
8
11
12
17
10
-2
-4
-3
1
3
2
3
-1
-14
-25
-28
-26
-23
-2
27
46
54
53
52
44
29
17
7
-8
-25
-37
-45
-52
-54
-49
-39
-21
-13
-15
-23
-39
-53
-53
-35
-11
4
12
12
12
15
24
32
28
14
-1
-16
-31
-45
-56
-63
-68
-73
-70
-52
-30
-19
-18
-26
-32
-20
0
21
32
29
19
12
14
24
30
22
5
-12
-18
-14
-7
-1
7
12
15
21
23
19
10
0
-1
3
4
10
14
18
22
27
34
29
19
6
-9
-14
-13
-15
-9
3
10
14
15
15
12
12
10
9
10
13
17
20
29
36
38
33
29
26
25
23
17
7
-5
-21
-36
-41
-35
-27
-21
-20
-14
-11
-14
-13
-9
-3
1
0
-1
-2
-7
-12
-19
-18
-11
-10
-17
-19
-21
-34
-50
-55
-42
-23
-12
-5
5
3
-12
-24
-26
-15
0
9
15
14
7
0
-2
7
16
20
18
16
9
8
14
25
34
34
26
17
15
16
12
5
-1
-5
-9
-11
-12
-13
-12
-13
-10
-2
2
4
7
7
9
12
18
22
19
10
-3
-7
0
11
18
15
1
-5
-3
-1
4
0
-8
-8
-6
-1
11
13
-7
-27
-27
-13
6
15
8
-6
-21
-31
-30
-21
-21
-25
-30
-28
-13
1
12
4
-16
-28
-20
2
29
45
40
16
-10
-25
-20
-4
15
30
31
23
8
-14
-31
-43
-43
-25
1
24
35
27
3
-22
-36
-21
8
36
49
50
44
29
13
7
11
14
13
11
1
-22
-37
-35
-25
-10
13
27
34
34
30
32
32
24
11
3
-3
-3
2
11
24
30
36
37
30
14
-9
-31
-45
-43
-35
-23
-9
0
14
26
30
23
10
-6
-19
-20
-16
-9
-4
-9
-19
-27
-32
-29
-23
-15
-8
-5
-5
-12
-18
-19
-15
-7
-2
0
-2
-6
-11
-7
-7
-5
-1
3
7
11
11
8
-1
-7
-6
2
6
10
14
18
25
26
23
25
30
31
29
22
15
16
15
18
22
29
31
27
22
21
23
23
29
40
53
64
68
65
58
45
35
33
39
46
47
45
42
44
48
53
50
36
22
11
4
3
5
6
10
18
23
22
20
19
12
6
5
-1
-9
-18
-24
-21
-9
3
10
13
13
11
5
-3
-11
-15
-17
-18
-18
-16
-11
-4
1
5
7
6
0
-4
-3
-4
-4
1
-2
-9
-10
-6
-1
0
-4
-11
-11
-7
-4
1
4
3
2
5
7
3
1
1
4
12
19
23
22
22
21
16
15
23
27
27
29
30
35
36
30
26
26
23
21
16
21
32
42
50
51
49
34
13
2
-6
-2
15
31
43
53
52
43
32
20
19
20
16
7
-4
-10
-15
-10
4
25
35
27
11
-7
-20
-23
-21
-12
-3
-4
-2
-1
1
4
4
1
-6
-10
-12
-10
-8
-7
-3
0
4
9
5
-7
-18
-25
-27
-21
-15
-7
1
7
4
4
7
7
2
-7
-13
-16
-14
-6
6
17
17
8
-2
-9
-12
-12
-8
-4
0
3
5
13
13
10
6
3
-2
-3
-2
-7
-11
-9
-6
-4
-3
-2
-1
-1
4
5
9
14
15
8
1
2
7
6
6
14
16
5
-5
-7
-1
-3
-12
-10
-2
1
2
10
14
11
5
-2
-7
-9
-12
-9
-3
3
8
11
16
10
0
-9
-13
-15
-28
-23
1
14
18
13
2
-2
-3
-10
-21
-31
-50
-73
-58
-34
-14
0
-28
-52
-47
-58
-66
-55
-65
-64
-40
-18
-5
-8
-21
-43
-47
-21
-16
-50
-58
-62
-69
-41
-11
24
4
-37
-6
1
4
26
-48
-118
-71
-34
24
117
21
-22
17
81
48
144
-17
42
-29
171
-94
290
3214
2340
-1839
-2000
192
-1401
-2922
-515
981
-1148
54
3601
2043
-1473
-702
1024
-1635
-3144
-355
1202
-609
-73
2744
2119
-654
-485
972
-579
-2172
-924
713
177
-270
2795
4100
822
-1823
-767
-675
-3219
-2575
477
560
-683
1537
3280
1154
-1154
-512
-450
-2641
-2859
-618
623
296
952
2207
1458
-159
-487
-417
-1154
-1581
-756
277
493
504
1033
915
600
-363
-929
-804
-563
-466
-430
491
675
56
-46
547
115
-980
-786
-123
-311
-956
-142
1144
520
-101
420
624
-935
-959
619
530
-582
-98
1006
28
-626
196
939
-210
-554
342
644
77
-147
643
338
-440
-322
341
12
-649
77
883
403
-622
-124
655
256
-428
49
568
-644
-876
351
730
-540
-451
767
373
-522
26
666
-537
-672
401
414
-659
-203
879
278
-286
193
236
-635
-509
191
151
-269
119
157
-269
-159
303
67
-230
3
-54
-214
-164
156
-173
-167
24
27
-30
190
257
-245
-182
85
-166
-552
-146
211
2
12
525
333
-368
-146
273
-153
-715
-258
305
-1
-96
422
560
42
-178
94
-91
-577
-488
156
437
132
63
281
465
90
-225
-218
-214
-320
-239
345
451
279
188
513
316
-330
-309
-8
80
-161
-41
142
254
88
160
437
-14
-406
-163
263
-118
-253
205
596
-109
-551
179
353
-173
-85
567
13
-702
-185
656
20
-654
71
332
-326
-168
283
80
-192
-16
238
-27
-299
-68
202
-54
-20
-35
87
-16
-192
63
72
-250
-306
-104
-168
49
112
170
47
24
205
-176
-480
84
185
-631
-356
488
150
-312
184
570
-133
-613
15
524
-132
-583
223
394
-90
-114
292
355
-136
-437
-70
301
-343
-457
475
598
-131
-381
460
679
-475
-619
560
345
-869
-93
929
153
-750
86
917
-216
-948
353
995
-499
-691
613
560
-577
-377
594
302
-499
-146
600
48
-369
129
258
-161
-287
-35
213
160
-271
-255
209
250
-145
-177
150
99
-408
-242
403
205
-348
4
475
-157
-443
131
405
-253
-361
229
211
-265
-46
405
-79
-451
-94
189
-156
-151
123
116
-96
-12
193
88
-112
-118
110
-11
-199
-192
86
85
-121
-23
201
37
-207
151
167
-220
-174
191
-38
-320
116
347
-46
-166
195
25
-328
-17
270
-121
-216
318
363
-100
-8
383
65
-415
-182
103
-154
-177
220
250
-51
19
252
104
-162
-83
30
-83
-100
48
76
-4
49
107
-3
-78
-8
12
-65
-74
-3
-31
-12
23
-16
-61
51
114
-14
-82
-15
0
-77
-36
42
14
-81
-62
9
49
-12
-67
-17
6
-49
-92
13
39
-62
-83
82
105
-76
-44
115
36
-178
-103
60
-13
-86
68
161
1
-71
53
90
-80
-151
-21
70
-12
-90
9
103
39
-72
-24
86
61
-51
-26
110
107
-33
-50
47
8
-86
-29
55
-29
-84
65
153
49
-42
44
87
-34
-96
-4
71
3
5
83
64
-65
-57
49
4
-108
-49
79
26
-9
86
109
-17
-52
-18
-84
-138
-51
27
11
64
122
66
-6
26
5
-86
-104
-40
-27
-49
-4
51
51
1
-20
-23
-35
-73
-79
-10
57
27
-4
55
51
-60
-102
-39
-46
-78
4
68
20
12
41
-44
-128
-46
23
-31
-14
103
99
-3
-9
27
-34
-84
-51
-43
-51
12
58
39
66
113
49
-47
-40
-27
-78
-74
22
60
34
74
116
35
-62
-35
-8
-72
-78
36
102
62
60
116
92
-4
-46
-32
-58
-93
-50
27
54
44
65
78
25
-26
-28
-29
-38
-12
32
41
28
27
20
-8
-19
-11
-17
-27
-18
-11
-17
-15
-5
-3
-10
-5
0
-19
-37
-32
-26
-31
-30
-29
-39
-45
-43
-33
-19
-3
16
32
33
13
-5
-14
-28
-34
-16
3
13
28
34
13
-12
-24
-29
-35
-28
-6
10
21
32
29
16
5
-4
-25
-36
-35
-41
-40
-3
36
42
44
49
30
2
-23
-37
-43
-36
-10
25
60
81
77
49
20
-12
-46
-62
-46
-10
14
34
67
86
70
38
16
-8
-40
-55
-41
-18
4
34
60
65
49
25
-1
-29
-53
-60
-42
-11
18
42
60
63
34
-13
-36
-44
-58
-56
-16
34
56
59
58
30
-27
-78
-86
-73
-61
-27
28
69
72
58
37
-5
-57
-82
-73
-56
-34
13
58
63
43
28
4
-38
-68
-60
-32
-10
14
42
58
52
30
1
-28
-56
-67
-54
-21
15
45
73
79
51
11
-24
-49
-68
-63
-25
28
66
86
91
70
22
-30
-68
-84
-82
-55
9
78
111
112
103
73
8
-53
-80
-84
-76
-45
13
71
94
82
64
34
-13
-55
-72
-59
-29
0
33
69
79
53
24
2
-31
-59
-54
-27
-2
14
43
73
71
30
-5
-21
-47
-65
-46
-10
15
30
38
39
19
-11
-22
-26
-25
-19
-4
18
24
15
11
4
-11
-27
-29
-16
-11
-13
-3
9
7
3
-1
-8
-14
-22
-29
-26
-15
-4
4
13
20
17
13
10
3
-17
-26
-23
-26
-25
-6
21
30
22
20
20
-3
-34
-39
-29
-22
-5
24
56
65
49
27
-1
-32
-47
-39
-14
12
35
55
63
50
28
6
-19
-34
-33
-21
-4
17
33
40
45
38
21
0
-14
-15
-12
-4
9
20
20
11
2
-10
-24
-28
-17
7
26
38
43
27
-8
-40
-64
-72
-62
-38
1
39
65
75
57
19
-18
-51
-73
-77
-60
-29
4
32
49
47
36
12
-17
-40
-54
-57
-51
-32
-6
18
35
41
29
0
-28
-43
-50
-51
-34
-6
17
33
36
32
13
-11
-25
-28
-26
-24
-8
12
24
28
30
28
20
6
-8
-15
-19
-17
-6
3
10
28
48
57
54
42
22
-14
-47
-56
-47
-27
4
41
67
74
61
37
-5
-46
-68
-67
-44
-18
15
47
62
57
34
0
-40
-68
-73
-55
-25
11
45
67
64
44
13
-23
-62
-84
-84
-67
-36
7
43
56
49
31
0
-40
-65
-67
-48
-17
20
47
54
39
8
-27
-59
-77
-71
-44
-4
42
81
94
80
45
-1
-42
-67
-70
-51
-20
14
45
60
57
36
16
-7
-25
-36
-40
-33
-23
0
25
45
56
53
42
16
-24
-54
-65
-60
-45
-13
30
63
73
66
47
10
-33
-56
-68
-69
-48
-14
30
65
77
74
55
14
-28
-52
-61
-55
-32
4
41
64
65
48
19
-18
-45
-54
-50
-33
-5
22
40
46
37
11
-17
-36
-49
-48
-26
4
31
43
35
14
-7
-27
-40
-42
-28
-6
16
32
28
16
-3
-26
-41
-51
-48
-32
-17
-1
18
27
23
11
0
-13
-28
-32
-32
-23
-7
9
21
26
22
14
-3
-22
-28
-28
-26
-13
8
24
34
37
33
24
11
-2
-11
-18
-22
-18
-9
8
24
32
32
20
0
-11
-17
-15
-3
10
23
28
18
7
4
-2
-9
-12
-1
16
25
23
16
10
0
-11
-12
-8
-3
4
9
9
7
3
-7
-15
-19
-17
-10
0
6
12
16
13
1
-11
-17
-18
-16
-12
-9
-5
-4
-2
0
-1
-6
-9
-13
-15
-9
-6
-6
-6
-11
-13
-13
-18
-24
-24
-16
-7
2
8
10
6
-2
-13
-21
-24
-20
-11
-2
1
4
3
1
0
-4
-8
-8
-7
-7
-2
4
4
4
1
3
4
2
6
7
4
3
-1
-4
-3
3
10
15
17
20
18
15
7
2
-1
-4
1
9
14
17
20
20
15
16
10
0
-4
-5
-1
8
13
15
17
11
1
-7
-11
-10
-9
-6
4
19
29
20
11
-3
-17
-23
-26
-22
-16
-6
5
11
12
5
-6
-9
-7
-10
-12
-11
-9
-7
-13
-12
-8
-15
-16
-18
-12
-3
2
6
7
-2
-9
-23
-30
-24
-22
-11
4
13
19
15
5
-3
-16
-25
-23
-14
7
18
20
21
15
9
0
-6
-12
-15
-10
0
5
12
17
11
6
1
-1
3
1
1
1
-1
6
10
14
21
19
16
12
6
7
9
6
8
14
18
21
25
26
20
9
-5
-15
-18
-10
-2
7
15
22
21
12
6
-1
-10
-16
-18
-13
-6
-2
5
13
15
10
3
1
-3
-8
-7
-5
-6
-5
1
5
1
0
-2
-7
-11
-15
-19
-18
-18
-14
-3
5
8
6
2
-4
-14
-22
-24
-24
-19
-9
-3
5
8
7
2
-6
-17
-26
-26
-18
-8
-1
7
13
13
6
-3
-13
-20
-20
-12
-1
9
18
20
19
16
8
1
-2
-3
2
11
16
19
17
15
10
4
2
2
0
0
4
9
13
14
14
10
3
-1
-2
-5
0
12
16
13
6
0
-5
-8
-7
-2
7
12
11
11
10
10
1
-11
-11
-6
-7
-6
0
3
2
-4
-6
-2
-5
-9
-8
-7
-2
-1
-4
-3
-7
-15
-14
-12
-10
-7
-7
-8
-10
-8
-6
-8
-6
-5
-11
-14
-13
-14
-11
-10
-10
-4
-2
-3
-5
-11
-14
-13
-14
-10
0
4
2
-2
-3
2
3
1
4
9
9
5
5
11
12
14
15
16
17
17
13
9
6
-3
-8
-3
3
11
15
15
19
19
11
9
6
-3
-6
-6
-2
8
12
12
5
-4
-5
-6
-12
-12
-7
-7
-4
-1
6
11
9
5
3
-6
-13
-14
-14
-10
-4
-1
1
5
8
4
-2
-7
-15
-16
-14
-15
-14
-5
0
-1
-3
-4
-3
-3
-8
-11
-11
-9
-8
-5
-3
-4
0
4
7
9
6
3
-1
-7
-11
-11
-4
-2
2
8
14
20
20
13
10
9
0
-3
-4
1
3
1
5
11
7
4
6
1
-9
-12
-9
-7
-4
0
3
9
8
10
15
12
11
10
6
4
5
11
9
6
5
8
9
4
0
5
6
6
9
10
13
16
11
5
2
2
2
-1
-4
-3
3
2
-1
3
3
2
6
4
1
-3
-2
-2
-5
-6
-6
-4
-8
-13
-12
-10
-8
-9
-9
-8
-12
-16
-18
-16
-16
-15
-10
-5
-12
-13
-6
-8
-10
-10
-13
-9
-5
-5
-1
0
-4
-1
-2
-4
-4
-7
-7
-5
-2
8
11
9
5
5
7
3
2
4
6
7
10
13
16
18
16
19
18
11
9
10
10
15
20
19
21
19
12
11
7
4
11
12
12
11
10
10
7
1
-1
-2
0
-1
-6
-7
-5
-6
-8
-7
-6
-3
2
4
2
2
0
-3
-4
-7
-10
-10
-5
-3
-5
-2
2
-3
1
6
3
2
0
-5
-8
-12
-11
-7
-8
-8
-8
-13
-18
-19
-20
-17
-11
-9
-8
-7
-12
-13
-9
-8
-14
-16
-13
-17
-14
-7
-5
-3
-6
-9
-7
-4
-5
-2
-1
-1
2
3
5
5
5
6
8
6
6
9
8
8
14
17
17
12
13
17
15
14
17
17
17
20
19
14
11
10
8
7
5
3
8
11
11
14
14
9
7
4
1
-2
0
5
7
5
5
4
2
-2
-10
-15
-18
-18
-13
-10
-9
-12
-13
-12
-11
-7
-9
-11
-13
-15
-14
-14
-12
-8
-6
-6
-5
-4
-3
-7
-8
-8
-10
-10
-6
-7
-8
-6
-6
-7
-3
-2
0
3
1
2
5
7
9
12
11
9
8
7
6
4
3
2
6
3
4
9
9
6
4
3
5
8
8
5
3
1
1
5
6
3
6
5
5
6
6
7
7
3
3
6
7
6
3
1
1
0
2
4
5
4
1
4
6
3
5
4
0
0
1
3
1
-1
4
5
0
0
1
-3
-4
0
0
2
5
1
1
-1
-6
-9
-6
-2
-4
-6
-4
-2
-5
-4
-3
-8
-13
-15
-17
-20
-17
-10
-9
-8
-3
0
-2
-7
-10
-9
-10
-8
-4
-3
-5
-3
-6
-5
0
-3
-3
-2
-5
-7
1
9
13
11
10
12
6
0
0
-2
-2
0
2
3
9
10
10
11
11
9
8
9
12
12
12
8
9
13
16
15
14
9
5
8
13
14
11
9
11
11
8
8
6
1
-1
-1
0
1
2
3
2
0
-1
-6
-7
-5
-8
-13
-9
-8
-6
-5
-9
-9
-7
-6
-6
-9
-9
-7
-10
-12
-11
-14
-15
-15
-12
-9
-8
-11
-11
-9
-6
-8
-17
-13
-13
-14
-9
-5
-5
-2
0
-4
-3
-2
-5
-7
-8
-10
-7
-3
-5
-8
-4
-4
-6
-2
1
4
2
2
4
3
3
7
5
4
5
1
2
7
8
10
15
18
18
15
14
13
10
7
8
13
14
17
18
15
14
9
7
7
7
6
3
4
5
1
3
5
-1
-3
-4
-6
-3
2
-1
-2
-1
1
6
2
-4
-7
-8
-7
-6
-5
-1
4
2
1
0
-4
-7
-7
-7
-8
-8
-3
-4
-6
-4
-6
-10
-11
-12
-11
-10
-8
-4
-4
-8
-8
-7
-10
-9
-7
-7
-5
-2
-3
0
2
-4
-8
-8
-10
-6
2
2
3
5
6
3
-2
-2
0
0
-1
3
8
9
13
10
4
4
6
3
1
1
3
9
8
5
7
13
8
4
2
1
0
-2
-1
4
7
10
12
11
10
11
10
5
7
10
8
9
11
9
8
12
8
5
7
6
3
1
1
3
0
1
6
6
4
-2
-3
-3
-6
-9
-9
-7
-7
-8
-6
-4
-7
-7
-4
-6
-8
-4
-7
-9
-9
-9
-11
-10
-9
-10
-8
-8
-7
-7
-3
1
1
4
6
1
-2
0
-3
-4
0
3
4
5
3
-1
-5
-4
1
2
7
9
10
6
4
5
4
1
4
4
-2
-3
0
-1
3
5
6
10
11
9
8
8
6
7
5
5
5
3
3
5
6
4
3
2
4
6
2
1
8
4
-5
-2
-1
-6
-5
-6
-6
-2
-2
-5
-6
-5
-6
-9
-12
-11
-8
-6
-6
-3
-2
-2
6
3
-1
1
-1
0
3
1
2
2
-6
-5
-7
-9
-7
-10
-10
-3
1
2
0
-5
-6
-3
-2
-5
-3
0
-1
-4
2
6
4
-2
-8
-8
-10
-14
-11
-5
-4
1
3
-1
-1
1
-4
-2
-3
-6
-4
-3
4
8
10
11
11
9
8
9
9
9
11
12
14
12
12
12
11
10
10
14
17
15
12
7
8
5
3
2
2
2
0
0
2
2
5
8
4
1
1
1
-5
-10
-12
-8
-5
-6
-4
-6
-12
-15
-11
-12
-14
-11
-7
-5
-6
-8
-8
-8
-11
-13
-11
-9
-8
-9
-7
-6
-8
-7
-7
-9
-9
-8
-4
-4
-6
-8
-6
-5
-3
-4
-7
-1
0
-3
-1
-3
-3
-4
-4
0
4
10
15
12
12
14
12
8
8
7
9
10
11
14
15
11
6
3
4
3
6
6
7
9
10
13
11
8
6
2
-1
-2
0
4
5
8
10
10
7
7
8
7
4
7
10
10
10
9
5
2
3
0
-1
1
2
3
5
7
7
7
5
1
2
-2
-6
-4
-3
-5
-2
-1
-2
-6
-7
-5
-6
-8
-11
-10
-8
-8
-9
-9
-8
-12
-19
-20
-17
-17
-16
-11
-12
-15
-15
-16
-12
-8
-8
-9
-7
-4
-8
-9
-7
-7
-7
-4
1
2
2
2
0
-1
-3
-2
1
3
6
10
8
9
9
10
13
12
11
11
12
10
6
10
17
13
10
11
11
9
6
8
9
6
8
10
9
9
4
2
5
2
1
4
4
-1
2
6
4
4
6
8
4
1
0
1
0
0
-1
-4
-2
-2
-5
-5
-3
-5
-7
-7
-6
-7
-5
0
3
1
-1
1
-1
-8
-11
-9
-9
-12
-14
-15
-14
-11
-11
-9
-8
-5
-6
-7
-9
-9
-7
-6
-5
-5
-7
-7
-9
-9
-7
-7
-7
-4
1
1
-2
-6
-8
-5
-5
-4
-4
-3
0
-1
1
-1
-3
-1
3
7
11
12
7
3
3
7
11
13
10
5
6
7
5
9
12
12
10
12
13
10
4
3
1
2
7
12
15
13
12
9
2
-5
-5
-3
0
0
-1
2
1
-4
-9
-5
1
-3
-8
-8
-5
-5
-4
-2
0
-2
-4
-5
-6
-6
-3
-3
-5
-2
0
0
-1
-3
-7
-9
-13
-15
-13
-10
-10
-13
-11
-7
-2
-3
-4
-6
-10
-10
-6
-3
-4
-3
-4
-5
-4
-2
1
5
5
0
4
8
6
4
2
-2
0
5
3
4
9
10
7
4
2
3
2
-1
3
7
6
6
6
9
13
10
8
6
5
2
4
4
2
4
9
10
9
10
10
8
7
5
1
1
4
4
2
3
1
1
5
3
3
3
2
2
1
0
4
4
1
5
5
-2
-5
-7
-5
-3
-3
-3
-1
1
4
0
-6
-11
-13
-15
-19
-16
-14
-16
-15
-14
-14
-15
-11
-7
-10
-10
-8
-7
-9
-10
-9
-3
-1
-1
-2
-7
-13
-10
-8
-8
-4
-4
-8
-5
-1
-1
-1
-3
-1
2
4
7
5
1
4
3
4
8
5
3
7
7
6
8
9
10
13
15
16
19
14
13
11
9
9
13
16
15
17
23
19
13
12
8
8
8
3
6
7
4
3
-1
-7
-2
-2
-2
3
2
-3
-4
-6
-7
-8
-8
-3
-1
-4
-7
-10
-10
-9
-6
-2
-2
-4
-7
-12
-13
-15
-20
-16
-9
-10
-5
-8
-13
-10
-10
-11
-12
-15
-17
-14
-17
-20
-17
-14
-14
-14
-15
-19
