10
8
7
7
6
9
13
10
9
8
8
9
7
4
-2
-5
0
7
6
6
10
8
6
5
-1
1
5
5
4
0
-1
1
2
1
1
-1
-5
-1
-1
-4
-6
-2
3
1
0
1
2
-3
-6
-3
-2
-2
-3
-5
-5
-3
-2
-5
-10
-14
-14
-11
-7
-8
-10
-11
-10
-8
-9
-9
-9
-11
-10
-4
-2
-3
-6
-9
-11
-13
-13
-10
-7
-4
-3
-5
-2
-1
2
2
-2
0
4
4
3
4
5
11
13
9
9
13
14
16
13
11
12
12
13
14
11
11
10
10
9
7
8
5
4
5
9
9
6
1
2
5
5
5
2
2
-1
-3
-7
-9
-6
-5
-2
0
0
-2
-6
-8
-11
-10
-6
-8
-10
-6
-8
-12
-8
-3
-1
-2
-3
-5
-10
-9
-9
-8
-5
-4
-7
-7
-6
-6
-8
-10
-7
-5
-11
-13
-13
-10
-9
-5
-2
-4
-6
-8
-10
-7
-3
-2
1
4
-1
1
9
10
6
6
7
9
9
9
9
8
5
3
3
4
7
6
6
5
4
5
2
-2
1
5
3
4
7
6
8
9
7
9
12
10
6
8
7
5
8
7
5
9
10
8
8
8
3
4
5
3
4
4
6
7
7
5
6
3
2
1
-5
-10
-7
-5
-3
2
0
-4
0
-2
-3
-6
-6
-4
-2
1
1
-1
-2
-5
-10
-10
-12
-12
-7
-10
-13
-8
-9
-8
-8
-10
-14
-16
-17
-13
-9
-8
-9
-10
-12
-10
-13
-13
-7
-10
-11
-7
-6
-6
-5
0
4
3
-3
-2
-2
-2
-1
3
7
8
6
6
9
9
5
7
12
10
7
12
16
19
15
12
11
5
5
6
10
13
13
13
8
8
11
11
10
1
-4
3
6
5
5
8
7
5
7
6
2
2
2
1
1
6
8
5
0
-4
-6
-4
-5
-8
-8
-7
-8
-10
-7
-6
-11
-13
-14
-8
-7
-9
-10
-13
-16
-13
-7
-7
-9
-10
-13
-15
-14
-15
-14
-8
-5
-4
-3
-5
-7
-6
2
2
-5
-9
-8
-3
1
-1
-9
-11
-8
-5
-3
-5
-6
-6
-4
4
4
1
1
0
1
9
10
5
4
4
6
9
5
5
7
12
16
12
10
9
4
9
14
9
3
4
8
14
14
10
8
8
7
7
1
0
3
2
7
11
10
8
4
1
2
4
0
-7
-5
-1
2
0
-3
-4
-2
0
0
-6
-13
-9
-5
-4
-6
-11
-12
-9
-8
-12
-10
-11
-14
-9
-6
-10
-15
-16
-14
-9
-8
-11
-10
-9
-8
-7
-7
-9
-8
-2
-1
-1
-4
-5
0
3
0
-4
-6
-3
-2
2
4
5
8
10
4
5
7
10
13
11
9
7
5
5
3
4
1
3
8
11
15
13
9
9
12
11
11
15
12
7
8
4
3
7
7
10
9
5
7
10
10
9
5
-1
0
2
1
0
0
0
2
0
-3
-4
-3
-6
-5
0
-2
-4
-3
-6
-7
-6
-4
-2
-4
-5
2
6
6
4
0
-4
-5
-5
-3
-5
-8
-9
-11
-7
-6
-9
-10
-12
-15
-9
-10
-17
-12
-6
-6
-6
-7
-4
-3
-7
-10
-10
-4
-1
-5
-7
-5
-3
-3
-2
-4
-7
-5
-5
-1
6
7
10
13
7
8
9
3
5
8
5
8
11
9
9
8
8
10
13
11
8
10
12
8
4
2
3
6
3
3
6
8
5
7
5
4
6
5
5
5
2
1
-2
-7
-4
0
0
0
-2
-3
-3
-1
0
-1
-2
-5
-8
-6
-5
-5
-3
-1
-4
1
4
-1
0
2
-4
-4
-1
-5
-4
-2
-12
-16
-12
-11
-9
-10
-12
-13
-11
-5
-8
-12
-11
-16
-12
-3
-6
-9
-10
-9
-5
-3
-4
-8
-9
-2
4
6
1
-4
-7
-8
-5
-3
-3
0
-1
-2
3
8
7
5
6
10
15
16
17
20
14
10
13
15
11
7
8
8
9
8
4
6
12
11
6
5
-6
-8
2
7
5
-2
-6
-4
5
14
7
-6
-8
-3
8
10
-4
-15
-10
0
4
-1
-9
-14
-7
1
7
5
-3
-6
2
7
-1
-10
-15
-14
-7
-3
-9
-13
-12
-10
-5
-4
-8
-9
-11
-6
-2
-4
-8
-10
-7
1
1
-5
-5
-3
-2
0
-2
-5
-3
0
1
0
0
-2
-1
11
13
11
9
1
2
6
6
4
2
3
10
14
13
11
7
9
8
3
-3
-4
-3
1
5
6
1
-1
6
15
17
9
2
7
12
16
10
1
1
1
5
10
7
3
5
8
9
2
-1
0
0
1
1
-4
-10
-12
-7
2
0
-11
-10
-3
-1
0
-7
-15
-9
1
14
9
-6
-9
-5
-3
-2
-4
-6
-7
-2
4
4
-4
-9
-12
-8
-5
-8
-9
-9
-4
0
-5
-10
-16
-14
-9
-5
-6
-11
-8
-4
-2
4
1
-3
0
3
3
4
3
3
5
9
9
5
3
0
-1
4
5
6
1
-1
6
13
14
6
1
-2
0
6
8
5
7
5
7
12
15
13
7
3
2
7
7
0
-2
1
1
2
3
5
7
3
-1
0
4
3
-3
-3
-1
1
2
1
-8
-13
-4
1
-1
-2
-8
-9
-3
7
7
0
-3
1
5
10
8
-3
-7
-5
-4
-9
-10
-4
-1
-3
-5
-4
-5
-6
-6
-6
-5
-6
-9
-10
-10
-9
-15
-15
-8
-9
-8
-5
-10
-15
-13
-13
-14
-16
-15
-10
-4
-2
-4
-6
-10
-6
4
1
-1
4
5
8
8
3
2
4
9
11
10
10
9
10
14
15
10
5
6
11
14
10
8
9
7
8
13
12
6
6
7
10
13
13
10
8
4
6
5
3
3
1
-1
0
2
0
-1
-1
-4
-3
0
-3
-4
-3
-3
-1
-1
0
-1
-5
-3
-7
-8
-6
-5
-6
-10
-13
-14
-10
-8
-10
-15
-18
-13
-9
-9
-12
-15
-13
-7
-6
-5
-9
-13
-8
-3
3
-1
-4
-2
2
7
5
-1
3
3
2
5
7
5
-1
-5
2
9
5
6
5
7
7
3
0
4
6
4
8
12
7
3
7
9
11
12
8
2
2
-1
-4
0
1
-1
-1
1
2
8
16
16
11
5
2
5
13
16
6
4
10
15
18
15
8
2
3
6
5
3
-2
-8
-6
-4
-8
-12
-10
-8
-10
-4
0
0
0
-4
-8
-10
-10
-9
-9
-6
-4
-3
-8
-13
-9
-5
-7
-10
-14
-17
-11
-5
-1
-2
-7
-7
-4
-4
-5
-8
-9
-2
-2
-4
-2
-2
-7
-7
-5
-4
-2
1
-5
-7
2
10
7
-1
-1
5
13
17
10
8
5
4
14
17
13
8
11
16
17
17
9
-2
-4
3
10
12
8
6
7
8
7
6
9
9
3
2
0
2
5
8
4
2
-2
-7
-3
0
-4
-8
-9
-6
2
6
-1
-11
-15
-8
2
2
-3
-2
-1
1
2
1
-5
-12
-11
-3
1
-6
-16
-17
-9
-4
5
5
-5
-11
-9
-5
-6
-10
-10
-8
-5
-9
-17
-17
-15
-11
-4
1
-4
-9
-8
-9
-4
-1
-8
-6
-3
-1
5
5
1
-4
-3
1
2
1
-1
-3
-2
3
3
4
5
3
6
15
14
11
13
17
16
14
12
7
9
11
12
14
13
11
12
13
10
11
13
10
6
5
4
1
-1
3
6
7
3
2
4
3
1
-2
-5
-4
-4
-8
-12
-16
-18
-13
-8
-5
-5
-7
-9
-8
3
8
3
0
-8
-10
-7
-7
-9
-9
-2
1
-1
-9
-8
-8
-10
-2
2
-8
-13
-9
-2
0
0
3
1
-1
6
13
11
10
9
7
11
10
7
5
4
3
7
11
10
2
-5
-6
2
8
4
-4
-7
-6
-6
1
2
-2
-3
-5
0
11
10
5
2
8
16
16
6
-4
-1
5
5
7
6
2
2
5
5
0
-3
-5
-10
-13
-14
-12
-8
-5
-1
3
-1
0
5
6
2
-4
-7
-6
-6
-1
3
0
-5
-10
-13
-3
15
30
28
18
4
2
17
33
25
1
-11
-1
27
43
28
0
-8
11
43
59
52
23
5
0
-19
-46
-69
-60
0
100
161
137
61
-15
-18
17
11
-73
-169
-190
-119
16
100
87
18
-12
37
92
89
-3
-109
-158
-152
-130
-139
-179
-214
-182
-108
-47
-27
-44
-66
-76
-79
-92
-117
-134
-134
-121
-114
-119
-137
-132
-92
-42
-17
-28
-41
-16
38
89
101
86
71
61
33
-14
-55
-43
50
194
296
290
226
178
177
182
137
46
-54
-74
26
187
285
231
125
103
199
306
313
214
45
-91
17
473
956
828
58
-630
-508
262
653
209
-556
-820
-364
387
896
689
-89
-730
-478
508
950
231
-829
-1072
-463
96
74
-315
-638
-683
-398
96
327
-46
-648
-765
-269
152
16
-390
-538
-295
48
264
200
-172
-491
-306
399
854
356
-683
-1283
-861
127
763
599
-169
-670
-277
723
1363
861
-283
-938
-543
344
669
127
-788
-1191
-668
242
726
424
-117
-157
335
789
635
-1
-532
-547
-120
243
219
-39
-166
23
345
468
279
-4
-52
162
375
374
144
-105
-212
-141
86
321
413
345
364
691
1036
870
-1
-1024
-1315
-599
500
941
312
-704
-965
7
1346
1741
793
-592
-1111
-389
750
1052
66
-1328
-1834
-1025
207
665
101
-725
-941
-384
375
622
107
-692
-1007
-563
129
344
-44
-489
-454
4
366
286
-93
-374
-326
20
467
703
398
-411
-1145
-1125
-274
708
994
442
-275
-353
346
1148
1183
219
-985
-1350
-596
406
591
-171
-1006
-979
-66
868
997
356
-270
-259
237
511
146
-521
-837
-525
56
356
203
-64
-49
252
548
499
107
-271
-283
68
369
365
128
-55
-20
123
265
347
439
586
785
995
941
403
-488
-1099
-854
4
681
530
-201
-662
-280
733
1455
1218
176
-753
-687
211
922
499
-788
-1717
-1491
-482
260
202
-366
-801
-660
-59
489
424
-257
-857
-798
-208
239
167
-146
-329
-243
-14
205
279
45
-235
-97
535
997
390
-978
-1862
-1315
292
1451
1222
-63
-952
-400
1094
2116
1368
-613
-1972
-1499
221
1153
359
-1286
-2081
-1111
612
1582
1035
-267
-815
-158
903
1040
-7
-1232
-1497
-591
459
683
35
-625
-520
266
986
833
-12
-650
-421
369
791
509
-198
-613
-381
178
605
525
207
164
674
1510
1775
992
-441
-1402
-1058
110
1024
785
-320
-1057
-594
870
1968
1690
278
-1015
-927
267
1260
905
-647
-1944
-1942
-731
463
584
-195
-985
-872
-48
648
633
-169
-1013
-1233
-631
190
394
-21
-497
-420
6
311
332
155
183
535
863
477
-663
-1533
-1375
-188
809
533
-551
-545
1675
2927
1662
65
-1080
-1678
-1395
-249
508
60
-1156
-1963
-1155
245
770
246
-560
-696
-70
678
728
164
-806
-1623
-1207
-145
371
1
-632
-809
-138
946
1089
-6
-940
-595
210
688
518
-152
-666
-710
-270
285
498
307
488
1501
2900
3601
2902
1212
-137
-39
772
1353
1103
-59
-1256
-1446
-350
829
867
-420
-1967
-2187
-875
675
1029
110
-894
-1140
-334
1032
1811
1435
285
-510
-326
400
692
-150
-1456
-2127
-1835
-1041
-475
-347
-500
-662
-454
65
535
580
231
242
774
1501
1628
843
-94
-807
-923
-772
-610
-636
-1194
-1570
-1316
-281
720
746
117
-491
-323
367
696
385
-406
-1048
-1125
-705
-171
-178
-595
-867
-640
3
311
-16
-560
-726
-402
15
243
206
1
-72
156
454
436
-102
-793
-975
-457
261
564
443
230
237
580
1045
1272
1323
1752
2776
3863
4104
3041
1227
-135
-355
55
156
-589
-1944
-2968
-2653
-934
802
1137
127
-798
-308
1338
2598
2232
552
-1008
-1439
-724
388
825
150
-942
-1253
-423
648
862
-9
-1200
-1824
-1656
-1109
-737
-857
-1369
-1673
-1240
-278
502
823
1127
1703
2286
2427
2008
1237
228
-902
-1891
-2453
-2650
-2797
-2778
-2160
-912
351
1096
1428
1636
1719
1464
837
20
-845
-1577
-1994
-2015
-1768
-1518
-1262
-775
39
862
1186
927
386
-68
-336
-541
-769
-1082
-1388
-1469
-1154
-505
172
541
536
475
715
1163
1364
1164
721
214
-204
-289
-128
-104
-1
1027
3237
5478
6175
4818
2557
935
207
-386
-1163
-1946
-3053
-4313
-4160
-1596
1690
3084
2249
1142
1392
2494
2883
1920
208
-1660
-3229
-3346
-1474
627
844
-163
-174
1125
2062
1665
465
-881
-2224
-3375
-3595
-2583
-1460
-1404
-1663
-642
1219
2223
2102
1878
1908
1898
1813
1527
866
-325
-1888
-3204
-3408
-2728
-2344
-2146
-1350
-120
851
1727
2415
2263
1380
237
-821
-1356
-1297
-1571
-2281
-2313
-1536
-836
-180
606
940
813
619
257
-450
-967
-1424
-2032
-2183
-1748
-1230
-651
296
926
999
990
937
537
86
-100
-225
-200
-123
-97
15
490
853
811
1022
2194
4390
6287
6261
3868
971
-772
-1454
-1641
-1648
-1599
-1934
-2321
-1764
537
3425
4352
2592
195
-679
-262
229
195
-327
-1323
-2132
-1518
857
3277
3438
1498
-222
-371
-221
-929
-1904
-2554
-3121
-3442
-2521
-400
1327
1436
599
303
779
819
32
-529
-368
-300
-23
1886
3965
3373
587
-1562
-2563
-3249
-3580
-3655
-3260
-2047
-587
577
2484
4381
3608
928
-610
-949
-1777
-2474
-2470
-2535
-2553
-1733
-299
1239
2320
1819
223
-633
-652
-1477
-2607
-2762
-2402
-2013
-1170
390
1688
2106
1468
407
3
-164
-873
-1461
-967
-71
242
837
1788
2218
1785
691
21
328
2320
4632
5719
4947
2276
-68
-756
-10
-12
-825
-1251
-1732
-2093
-1339
1201
3298
2782
394
-1300
-761
670
1106
724
298
-437
-1308
-833
1544
3069
1710
-861
-1820
-953
-484
-899
-1224
-1317
-1850
-2374
-1411
449
1045
-223
-1513
-1165
-94
149
-35
707
1918
2474
2887
3352
2451
-230
-2737
-4009
-4367
-4069
-3376
-2082
-202
1631
2464
2827
3033
1658
-962
-2650
-2692
-2431
-2155
-1312
-328
429
1029
1262
943
231
-898
-2155
-2675
-2239
-1790
-1439
-749
82
553
643
631
289
-339
-1281
-1766
-1648
-1405
-874
149
1691
2412
2400
2100
1663
846
-521
-1588
-2250
-1777
77
4076
8827
10509
7137
1650
-916
-1337
-2360
-3862
-3459
-1844
-1308
-801
1726
5748
6698
2736
-2280
-3695
-2388
-2000
-1667
511
2226
982
-50
2328
5252
3878
-829
-3881
-3771
-2767
-2668
-1725
552
1275
-582
-1539
565
1882
-506
-3541
-3404
-1742
-1159
-456
1971
3962
3933
4084
4638
3444
-1013
-5128
-5992
-5307
-4061
-2988
-730
2129
3121
2215
1434
1701
69
-3206
-4438
-2912
-1202
-185
1662
2961
1806
-234
-1457
-1793
-2171
-3121
-3217
-2167
-231
1348
1334
1520
1062
-911
-2594
-2911
-2004
-1774
-1832
-508
1054
1662
1941
1691
930
437
-121
-416
-212
113
246
312
441
871
1062
2506
6685
8932
6988
1981
-2156
-2430
-1755
-1227
-747
349
1593
1148
217
1260
2842
1273
-2225
-3899
-2562
-667
692
2975
4640
3392
189
-1939
-1063
695
-124
-1912
-1853
-347
693
751
1726
1970
-929
-4315
-4696
-2484
-886
-1016
-763
503
1286
970
1032
1521
1520
2391
2125
1025
-601
-2249
-1810
-2111
-1802
-1902
-2347
-915
-141
-4
-216
310
216
-866
-702
-361
-419
-678
-199
127
-875
-1566
-1644
-1507
-997
-557
-321
-223
-33
156
-698
-998
-1131
-1804
-2067
-1987
-537
155
433
761
441
71
-397
-367
-373
130
628
1353
2165
2212
1738
278
-264
-685
-1491
-1055
2098
7845
10396
8113
2756
-1433
-2256
-2464
-2268
-1729
64
1511
1225
1149
2309
2943
552
-2550
-3479
-2536
-1183
180
2437
4431
3601
559
-1679
-1525
-372
-623
-946
98
948
606
-41
675
950
-1376
-4141
-4613
-2878
-1186
-167
921
1653
1102
-525
-829
-330
2015
5519
3812
-265
-2652
-3088
-1383
-477
-989
-2096
-2924
-1871
-482
519
1246
329
-1292
-1298
-72
73
-441
-605
-475
-810
-1695
-1447
-909
-1171
-1004
-408
57
178
-183
-807
-1399
-1274
-956
-1482
-1728
-781
-565
-104
407
-91
-337
-1366
-648
762
874
1914
1941
1613
1276
128
-174
-391
-341
-107
-432
871
5480
10142
10550
6040
-967
-5069
-4419
-2087
99
1605
2947
3140
636
-671
641
668
-1438
-3516
-2791
39
1656
2186
2774
2739
1176
-1915
-3139
-922
757
289
-24
1443
2633
882
-1307
-1448
-1571
-2762
-3490
-2257
77
590
-561
-719
263
166
-1290
-1780
925
5075
5572
2420
-560
-2768
-4044
-2487
-552
-227
-810
-2056
-1887
-597
402
336
-512
-475
-175
-786
-749
-83
-693
-1890
-2451
-1989
-856
222
525
387
103
-612
-1222
-1420
-1292
-1413
-1078
-1017
-1191
-101
27
-469
-505
-877
-905
-394
11
686
928
596
1181
985
946
1229
-8
14
528
337
161
-218
3217
9038
10870
7181
-435
-5223
-4130
-1347
1183
3226
4426
3412
-788
-3577
-1588
852
439
-1534
-1714
602
1666
1227
1779
2195
247
-3239
-4134
-252
3774
3521
1290
202
-310
-1749
-2672
-563
1837
496
-2396
-3125
-1376
-285
-1623
-2161
-1378
-167
973
2173
4048
2873
-949
-3374
-2153
393
474
-106
58
-153
-1503
-2446
-1745
-347
-356
-1364
-666
929
1341
-59
-1620
-2067
-2470
-2836
-1799
317
1436
805
-487
-866
-749
-1039
-1252
-1208
-908
-587
-500
-38
302
-246
-1185
-1891
-1172
-677
-453
267
673
994
615
333
800
882
336
727
798
1084
798
-811
-420
633
4053
8928
10011
6471
-1207
-6663
-5095
6
4152
5518
4490
2119
-1964
-5386
-3610
601
2499
970
-1007
-129
848
120
-80
667
362
-1915
-3340
-445
3900
4598
2075
-300
-1032
-1816
-2917
-1517
1554
1894
-955
-2942
-1781
-124
-968
-2026
-1737
-1175
-1874
-1374
3452
8020
7550
128
-6854
-6650
-3812
-691
3103
4988
3117
-2275
-6511
-4980
-1440
1053
2043
1611
1370
-290
-2985
-2875
-1118
-1037
-2379
-2701
-610
1212
925
419
197
-737
-2364
-2864
-1117
806
821
-599
-1159
-657
-630
-697
-645
-4
-244
-1663
-1316
534
2433
2495
1491
676
-500
-1231
-656
861
1762
1073
1063
4992
9102
9255
3403
-4535
-6347
-2892
2538
6293
6621
4848
-55
-6051
-7476
-3228
2203
4355
2301
306
-125
-1167
-1976
-1165
931
1233
-1271
-2085
1090
3802
2592
-387
-1598
-841
-734
-556
1477
2870
677
-3643
-5014
-2207
762
754
55
775
229
-1094
-1799
-994
837
565
432
1412
580
-995
-2414
-1846
573
767
-292
-596
-708
-968
-1695
-1451
317
650
-352
-985
-1407
-1696
-2442
-2529
-1137
-33
225
222
425
358
-1066
-2568
-2186
-625
398
480
-329
-380
-317
-1322
-1202
-238
783
476
-587
22
815
349
-311
167
964
1465
956
532
735
649
428
1983
6866
9728
6281
-1613
-5998
-3552
953
4429
5849
5177
1946
-2904
-5895
-3774
1020
3211
1533
-513
41
237
-1435
-1629
234
752
-1059
-1746
824
3585
2619
-672
-2383
-1525
-99
567
1765
2987
1117
-3456
-5541
-2551
1043
1615
537
111
-1262
-3021
-261
2234
1228
12
-1179
-1406
-932
919
1900
-210
-1154
-1953
-2902
-866
1473
1078
-520
-1023
-838
-1180
-775
574
-189
-1975
-2292
-1779
-1234
-834
-352
-164
-705
-822
-443
-1059
-824
-494
-538
-870
-1051
504
629
-91
67
-597
-1790
-983
671
1249
294
-408
-81
7
787
1837
1764
518
-19
-442
690
5988
10476
8863
-36
-8224
-6815
1222
8308
8713
4072
-13
-3169
-6392
-4976
2005
6865
3654
-3150
-3868
-22
815
-1367
-1386
1195
1320
-1341
-985
3262
4139
-1406
-6307
-3268
3255
4466
2031
1451
853
-3509
-7121
-3456
3673
4937
129
-3023
-2634
-1661
-1191
287
4290
3923
-1975
-4121
-2515
77
475
-1201
542
1962
-110
-2014
-1763
-16
-226
-2118
-257
2564
1320
-1601
-3468
-2905
-1475
-1012
80
1254
302
-2219
-3794
-2199
529
500
-675
-267
215
-840
-2420
-2046
428
1284
400
50
-314
-569
-1209
-860
918
1063
208
83
776
1047
159
-581
550
1805
1183
2827
7735
10534
5157
-6236
-9961
-1576
8504
10384
4994
283
-2060
-5417
-6713
-989
6677
6735
-954
-5415
-1553
1696
-1211
-3621
-260
3621
1648
-1841
256
3337
-202
-6009
-4311
3973
7424
2687
-1580
-1423
-2039
-5033
-4147
2701
6408
1337
-4821
-4130
619
1609
-762
-179
2660
1672
-2258
-3327
-966
242
-1250
-674
2132
1958
-1566
-3908
-2133
781
987
291
1048
1048
-1411
-4044
-3267
-97
960
-228
-784
-768
-1797
-3131
-2031
614
966
-538
-910
-168
-423
-1631
-2574
-1258
493
926
676
159
556
-397
-1788
-895
882
1510
1796
663
-630
-1418
-1327
1476
2722
2332
1625
3638
8340
8260
-400
-9152
-6190
4860
12043
8179
669
-2435
-4252
-5564
-3020
4189
8123
2282
-5675
-4859
1393
2232
-2285
-3027
1925
3255
-860
-1911
1503
1690
-3645
-5394
1517
8182
5374
-1872
-4045
-2084
-2287
-3212
1042
5716
2851
-4640
-6543
-1650
1463
-163
-399
6939
7927
-3766
-10936
-6842
2274
6023
3823
1938
-804
-5239
-7092
-3148
3792
5555
180
-1938
881
465
-3593
-5068
-1200
2373
1481
-321
-848
-2834
-5325
-4294
898
4997
3387
-1071
-3469
-3027
-1969
-1139
-29
1791
2105
-263
-2376
-1922
-781
-862
578
3089
2381
-224
-1146
-401
-278
-526
286
1891
2503
2356
5548
9566
6746
-4904
-12802
-3650
12684
15913
4417
-4804
-4561
-3571
-4999
-828
8439
9030
-2335
-10339
-3965
5377
2817
-5055
-3237
4857
4442
-2872
-3254
2708
1403
-6503
-5300
6516
11482
2264
-6710
-4661
340
-837
-2511
2525
6572
258
-8426
-6476
1354
2766
-2237
-169
7876
3970
-6045
-7517
-1457
3108
1437
728
3234
1794
-4362
-7794
-3192
4330
4140
-252
173
1209
-2374
-5994
-3272
2600
3411
-131
-1748
-1795
-3077
-4311
-2610
1671
4090
1532
-2304
-3218
-2002
-870
-1145
456
2691
903
-2190
-2401
-215
-208
-1612
3
2101
2510
1243
-708
-1550
-1407
-209
1182
2423
2691
1077
2520
8725
9724
-682
-11310
-6676
8169
14556
6984
-2182
-4038
-3276
-3820
-1922
5428
9186
888
-8972
-6116
3733
4282
-3729
-4843
2373
4347
-917
-2418
2151
2431
-4502
-6585
2130
9687
5255
-4071
-5409
-558
-183
-2694
661
6057
2506
-6294
-7280
-351
2670
-910
411
5572
3514
-4765
-8828
-2729
4182
3925
827
-9
185
-2518
-5455
-2336
3497
3348
-433
-684
1243
-503
-4652
-4241
158
2787
1803
-469
-2053
-3354
-4267
-2893
1354
4271
2071
-2645
-4247
-1926
-401
-385
453
1760
1074
-1367
-1950
-797
-672
-1191
213
2184
2140
743
-870
-1282
-702
-400
978
1985
2140
1061
1615
7700
10517
2264
-9331
-8988
3858
13072
9119
215
-3735
-3620
-3606
-2438
3509
8702
3562
-6701
-7448
1295
4970
-1348
-5032
240
3664
-35
-2252
1373
3255
-2242
-6458
-782
7535
6836
-1419
-5093
-1473
-52
-2583
-847
4852
4232
-3453
-6892
-1759
3236
1219
-2030
-249
3136
1551
-3209
-3628
-446
574
-241
954
2830
648
-4366
-5322
-712
3359
2722
332
-216
-808
-3168
-4079
-1381
1737
1603
-787
-2112
-1717
-2014
-2756
-1271
1379
1852
-567
-1976
-1319
-1130
-1507
-1152
137
1593
929
-978
-811
-739
-1229
-811
789
3106
1931
-1116
-1285
-822
323
1068
934
2057
2994
6137
9878
5377
-6484
-12247
-2465
12893
14485
3121
-4279
-3806
-3579
-5211
-1319
8693
9848
-2086
-9492
-3151
4616
865
-6183
-1884
6224
3573
-3569
-2370
4034
1743
-7323
-5466
6445
10356
1681
-5966
-3169
488
-3033
-3887
3496
7964
959
-8046
-6314
1130
1476
-1689
-296
4892
7635
287
-7606
-7086
-2589
1608
4357
6697
3714
-5591
-10178
-5380
1994
5892
4338
608
-1244
-2709
-4439
-3817
-326
2442
1240
-919
-996
-1686
-4043
-4300
-1143
2642
3065
652
-864
-2314
-3862
-3462
-371
3202
3674
1001
-1882
-3777
-2668
-311
1067
2517
2390
822
-506
-794
-721
-564
78
2054
2834
5129
11206
9395
-4217
-15142
-8370
9743
16936
8196
-1394
-3556
-4160
-7220
-5598
5822
13169
3584
-8996
-6660
3498
2502
-6400
-4446
6001
6674
-1982
-3797
2946
3614
-5898
-8928
2460
12188
6539
-4685
-5339
-286
-2521
-5978
637
9273
5227
-6341
-8707
-1463
1896
-1632
101
7390
6898
-2586
-9369
-5252
1636
2439
1195
2601
3798
-985
-7469
-6140
1096
3955
1534
1210
2399
-634
-6041
-6668
-1748
2901
3160
799
-1020
-2331
-4232
-4992
-1434
3345
3363
-103
-1859
-1437
-1711
-2913
-1780
1564
2909
1784
-501
-2031
-2691
-2564
162
2853
3627
1553
-1045
-1532
-822
401
441
1649
3154
5070
9331
8741
-1188
-12566
-9890
6212
15672
9587
-414
-3938
-4159
-6241
-5592
3649
11537
5574
-6709
-7699
1588
3139
-4730
-5373
4062
7304
38
-3777
1400
3920
-3305
-8124
-273
9966
7607
-2840
-5613
-1036
-1463
-5375
-1330
7347
6910
-3078
-7872
-3044
848
-35
-593
2314
4320
500
-4371
-3325
691
772
-1612
276
4417
2313
-3875
-5391
-1785
1272
1630
1304
1248
-91
-3324
-5246
-2740
1578
2364
-372
-1685
-1050
-1427
-2535
-1942
-159
838
436
-64
-6
-651
-2123
-3066
-890
2022
2476
733
-1277
-1615
-1595
-841
1191
2146
1902
-1
-1070
338
1503
1263
-59
1410
7893
12332
5711
-7256
-12284
-2476
9782
10308
3463
-612
-1210
-3913
-6906
-2496
7096
7979
-1694
-6775
-635
4520
-1210
-6923
-1554
5441
3235
-1838
75
4567
906
-7154
-5957
4315
9212
2569
-4021
-1934
-265
-4631
-5618
2170
7974
2555
-5207
-4625
340
817
-1836
-1278
2966
3923
-1033
-3931
-1433
911
-1093
-2130
1939
4172
196
-4168
-3544
-429
843
298
472
1262
51
-3303
-4698
-1929
946
396
-1193
-739
-109
-1280
-2789
-2262
113
1117
609
-1
-352
-837
-1877
-1986
-362
822
1459
1140
101
-631
-1776
-1188
190
2208
2915
825
-802
-1070
486
2231
3323
7291
10252
5191
-6176
-11943
-2411
10761
11330
1686
-3918
-1489
-669
-4473
-3743
4105
7026
-891
-6732
-677
6306
1409
-7366
-4644
4517
5327
-570
-1295
3391
2096
-5907
-7014
2412
9247
4064
-4093
-3446
289
-2336
-5822
-576
6576
3967
-4100
-5449
561
2829
-847
-2468
818
3946
1462
-3118
-2638
100
-396
-2064
-513
3072
2203
-2219
-3358
-1173
113
-597
-605
905
1141
-1177
-3736
-3282
-762
148
-721
-1052
132
-136
-2679
-3215
-951
1005
1306
71
-727
-819
-1460
-1150
-819
-238
696
773
803
405
-111
-479
-213
907
1135
982
452
1088
1619
2148
7821
11643
5091
-8171
-12470
-404
11428
9587
673
-3010
-852
-1665
-5398
-2354
6405
6886
-3591
-8570
273
7394
588
-7274
-2418
5595
3619
-2056
14
5286
1896
-6969
-7176
3123
9257
2496
-5125
-2669
910
-3104
-6118
-22
6066
2314
-4645
-3893
1010
1855
-1817
-2244
7230
10888
1234
-9104
-9266
-635
2511
1777
2293
1419
-1401
-5146
-4703
183
3219
625
-2376
-67
2714
-422
-5068
-4699
-1002
630
-151
7
587
-34
-2986
-4766
-2087
1674
2484
82
-850
-288
-1444
-3160
-2028
606
1403
1267
189
210
538
-561
-625
39
1864
2303
1046
1647
1991
3335
8375
10199
2056
-9756
-9705
3283
11711
7282
-853
-2580
-658
-2290
-5030
-1004
6340
4296
-5202
-6471
2975
6993
-940
-5951
-118
4433
604
-2518
1908
6040
1198
-6246
-4746
3744
6238
-747
-5196
-1383
528
-3785
-4631
1443
4837
927
-3242
-1920
542
493
-485
-457
2089
3013
-109
-2068
-479
346
-2089
-2960
543
2504
151
-1830
-1735
-1108
-874
-830
-427
322
270
-1743
-3205
-1718
236
-408
-1546
-830
78
-439
-1305
-1016
-413
-374
-679
-961
-458
-308
-513
-1039
-1092
-79
-640
-159
330
797
1522
201
367
895
845
772
56
954
2023
1996
5725
11051
9164
-1569
-11034
-6931
4321
8277
3702
-399
682
335
-4185
-5450
1043
5649
28
-6273
-2204
6299
5334
-2361
-3438
1569
1726
-2944
-2161
4958
6952
-418
-5993
-2399
3210
1194
-4203
-2960
1525
291
-3978
-2283
3133
2605
-3804
-5656
-1095
2622
1663
980
7556
10269
836
-10576
-11217
-1888
3581
3061
1925
1116
-786
-4035
-5117
-1845
1590
221
-2173
403
4214
2034
-3531
-5171
-2949
-1905
-1934
-466
1490
2112
53
-2499
-2034
-218
-167
-2184
-2209
167
537
-389
-96
427
-763
-2592
-2604
-346
1927
3140
2980
2401
1133
-815
-1293
-22
2104
4552
9981
12428
4350
-7659
-9730
-577
5066
2707
145
2126
4417
346
-5212
-3102
2355
242
-6639
-4528
6309
9238
1033
-3554
468
2120
-2756
-4220
2560
7849
3259
-4291
-4037
1772
1749
-4612
-5430
750
2407
-2304
-3272
2602
4667
-1735
-4632
-1236
1654
434
-1627
1730
4752
2943
-1791
-3923
-1275
-339
-2291
-1894
2293
3468
-679
-3614
-2056
-263
-1351
-2248
-497
1374
469
-1748
-2437
-812
43
-1405
-2176
-631
1020
126
-1620
-955
29
-1010
-1946
-1559
67
280
-890
-685
-138
-844
-1321
-737
542
1771
833
387
859
1441
1972
821
494
1501
1425
3068
8871
11278
4038
-6923
-8445
-868
3217
1674
760
3168
3582
-1353
-5245
-1544
4024
1102
-5904
-4132
4930
6920
411
-1659
2337
1727
-4091
-4382
3191
7352
1755
-4764
-3451
1644
1209
-3701
-3255
1574
1010
-4170
-3990
2736
4305
-1740
-4528
-289
3986
3011
307
191
1072
-394
-2608
-1701
1198
1118
-2420
-3270
86
1476
-1082
-2734
-1106
529
-506
-1455
-42
1214
-228
-2937
-3214
-1033
10
-1066
-1437
224
1072
-688
-1972
-994
-84
-821
-2114
-1137
192
-42
-819
-1379
-733
-425
-152
21
845
1678
1218
1061
1159
1743
1455
563
987
1227
4132
9538
9754
2644
-6111
-6412
-697
1278
587
1504
4030
2859
-2142
-3700
452
3365
-946
-6057
-3168
3698
4706
1084
1756
4466
890
-4953
-3743
2819
4291
-1077
-3908
-585
2383
176
-2741
-1056
727
-2487
-5803
-2586
3000
2662
-1896
-1752
1781
2476
-311
-373
7740
7802
-1479
-7471
-6498
-1181
-1916
-1915
976
1758
859
-2173
-2083
916
1362
-2345
-4527
-752
2063
12
-967
428
9
-3308
-4488
-1749
619
1076
-866
-1606
-308
538
229
-1217
-945
-1396
-2870
-2267
-390
1195
512
-1024
-808
795
2105
1708
1521
1701
1044
444
1650
3046
3183
6198
8828
5179
-2574
-5923
-2029
682
-429
-282
2707
4764
1854
-2680
-1556
2556
859
-5335
-5734
1050
4496
1488
1676
6518
5470
-2032
-5509
-1262
2045
-1287
-3893
-99
4431
2462
-2749
-2816
203
-1539
-5716
-4415
1558
3571
-241
-741
3537
4651
510
-3143
-1815
-25
-1276
-1782
1167
3309
1410
-1679
-2493
-716
-1136
-3331
-3224
-947
828
236
552
2148
1278
-2103
-4278
-3215
-1240
-711
-1020
-483
547
835
182
-642
-768
-1669
-2724
-2399
-1144
192
125
-90
209
-35
-606
-1079
-877
-260
-360
313
1581
2644
2848
2010
1616
989
225
484
4636
8812
6799
240
-3905
-1727
8
-1652
-1652
1781
3789
756
-2324
153
4083
2281
-3244
-4454
-580
1138
-560
947
6030
5873
-719
-3961
-260
2236
-1228
-3660
-481
2398
109
-2849
-599
2607
334
-4361
-4130
1420
2957
-467
-1135
1773
2524
-1297
-2508
788
2237
-87
-1643
132
1219
-923
-2665
-1048
680
-777
-2944
-1798
889
897
-1067
-1211
178
-445
-2600
-2824
-571
418
-1047
-1707
-321
593
-517
-1475
-731
-274
-1479
-2134
-1256
104
-139
-1020
-934
-507
-360
-939
-164
934
1088
528
434
1787
2087
1154
538
845
973
1071
4446
8447
7065
443
-4084
-2418
-462
-1447
-1409
1630
3514
1026
-1516
875
4721
2940
-2951
-4921
-1732
102
-978
895
5941
5881
-299
-3341
85
2071
-1678
-4288
-1359
1556
-65
-1939
405
3155
587
-3957
-3361
192
-97
-2838
-1791
3012
3155
2547
5804
5134
1101
-4744
-5883
-3721
-3366
-2068
-1366
1295
3078
1011
-419
998
1386
-2453
-4968
-2630
-386
-341
134
1185
640
-1770
-2824
-1896
-867
-1101
-2394
-1916
-28
1009
820
379
44
-1426
-2460
-1975
-1665
-1225
-641
-755
139
1485
2323
2341
1848
1795
699
-424
87
432
1796
6142
8481
4994
-637
-2146
-883
-1874
-2849
-351
2633
1875
-526
-194
3339
4680
704
-3570
-3579
-1213
-914
-765
3082
5869
2712
-1375
77
3381
1299
-3615
-4212
-1569
-1163
-2333
-702
2753
2489
-671
-1096
1506
1546
-2147
-3697
-1310
678
-109
19
2492
3372
964
-1111
-415
59
-2059
-4253
-3036
-391
69
-374
1137
2651
909
-1870
-1973
-815
-1795
-3472
-2813
-740
-83
-543
-20
1161
777
-1059
-1939
-1408
-1107
-1484
-1149
-50
470
-303
-787
-305
249
14
-938
-886
-485
-491
-7
1404
2845
2388
1221
1312
1241
586
2715
6469
6414
1708
-2400
-1593
-274
-1153
-1075
1223
2843
664
-2126
-532
3704
3764
-944
-3759
-1781
224
-523
515
4142
3874
-1295
-3352
745
3806
895
-2699
-1993
-227
-1200
-2057
187
2528
1432
-1368
-1076
691
67
-2324
-2528
4
762
-327
-20
1847
2047
441
276
996
-419
-3076
-3521
-1522
-101
-96
171
804
565
-445
-521
-70
-724
-2201
-2690
-1791
-1237
-1387
-1021
114
596
-42
-441
-231
-592
-1812
-2223
-903
24
-187
-209
215
687
-163
-849
-720
-500
-186
-1
790
1041
1148
1118
1149
1175
2311
5447
6387
3589
-407
-1691
-1338
-2166
-2024
913
3456
1877
-1288
-759
2977
4058
839
-2225
-2065
-1463
-2068
-774
3034
4247
514
-1864
807
3279
918
-2352
-1896
-223
-1145
-2109
496
2940
1676
-1344
-1241
766
-322
-2649
-2553
-367
90
-921
133
2319
2264
432
-98
395
-692
-2933
-3026
-1042
100
-433
-360
1033
1430
256
-653
-420
-883
-2253
-2591
-1618
-1093
-1489
-1021
260
709
22
-384
-149
-613
-1505
-1563
-941
-406
-605
-379
608
979
964
213
133
81
-754
-455
-64
477
294
441
1408
1771
3328
5244
5343
2358
-937
-1877
-2269
-2437
-881
2045
3043
1030
-506
900
3267
3175
222
-2408
-3077
-2781
-1686
854
3264
2268
-540
-613
1953
2597
-22
-1846
-1560
-1531
-2174
-997
2016
2589
425
-585
378
423
-1481
-2146
-959
-675
-1609
-1427
404
1653
1477
1123
1007
37
-1684
-2428
-1563
-599
-780
-1103
-408
547
746
690
790
308
-990
-1750
-1511
-1577
-2157
-2065
-1009
-163
57
611
1186
547
-571
-1002
-859
-1362
-2179
-1382
146
1008
938
978
1325
763
144
317
786
275
-754
-850
-155
918
2724
4779
5224
3358
719
-1200
-2432
-2454
-964
762
829
-501
-512
1773
4352
4390
1666
-1445
-3165
-3153
-1627
603
1568
120
-1423
-223
2607
3254
1315
-511
-1411
-2084
-2216
-308
1381
535
-950
-756
679
736
129
60
-316
-1435
-2281
-1600
-264
580
808
579
127
-270
-409
-273
-413
-1087
-1814
-1772
-803
18
310
437
578
443
31
-88
-331
-1241
-2251
-2241
-1240
-489
-227
156
570
587
371
318
50
-879
-1449
-1120
-597
-284
-153
302
742
1118
1732
1638
937
142
-96
-86
-217
943
2758
3806
3247
1894
719
-1136
-2477
-1822
403
1489
-190
-1928
-1189
1724
3904
3405
1194
-1250
-2551
-1943
273
1991
900
-1788
-2421
-139
2092
2224
1085
-5
-1013
-1344
-219
770
222
-1402
-2254
-1527
-261
964
1249
594
-264
-750
-455
-126
-72
-728
-1528
-1372
-490
559
790
388
-232
-831
-895
-911
-1092
-1285
-1045
-201
405
508
326
0
-254
-575
-741
-823
-1116
-1125
-754
-19
546
659
683
354
122
77
18
-178
-640
-675
-404
-57
454
834
1092
1115
1018
960
567
276
571
1390
2308
2568
2075
565
-1372
-1974
-514
1597
1702
-271
-1988
-1627
627
2633
2809
814
-1829
-2627
-843
1858
2432
203
-2152
-2086
88
1677
1600
677
-574
-1343
-897
889
1753
111
-1860
-2346
-1226
-248
305
639
-20
-781
-908
89
846
314
-733
-1493
-1092
-279
176
44
-540
-956
-1056
-498
242
124
-789
-1359
-706
275
357
-228
-686
-777
-664
-307
156
187
-297
-602
-280
173
219
-69
-132
312
829
903
281
-468
-653
-257
330
640
618
265
75
545
1270
1294
625
508
1318
2299
2412
1300
-689
-2227
-1592
766
2328
1320
-1056
-2230
-1107
1310
2804
1946
-593
-2469
-1910
407
2110
1431
-902
-2343
-1418
623
1662
1148
61
-614
-495
449
1197
580
-1258
-2698
-2210
-480
841
745
-186
-705
-480
273
744
321
-924
-1909
-1380
138
1009
307
-1108
-1636
-805
503
922
54
-1154
-1534
-790
282
699
251
-563
-945
-622
-20
184
-252
-725
-626
-45
336
180
-159
-93
418
885
844
290
-163
-251
25
375
541
390
55
321
1020
1380
811
-15
115
1100
2323
2643
1589
-520
-2378
-2057
231
2326
1894
-556
-2121
-1171
1364
2845
1915
-580
-2577
-2321
-201
1747
1514
-596
-2186
-1568
443
1588
1031
-277
-1022
-726
281
1174
907
-431
-1871
-2274
-1272
294
1079
222
-954
-980
-141
558
503
-106
-1159
-1594
-577
735
862
-365
-1413
-1392
-550
376
342
-400
-786
-285
456
590
224
-350
-686
-291
394
309
-595
-1097
-533
256
431
110
-368
-521
77
1163
1557
538
-781
-941
71
992
922
276
-132
86
762
1290
1234
700
318
796
1832
2289
1091
-1372
-2783
-1602
1045
2416
1256
-805
-1673
-548
1498
2399
1142
-1322
-2541
-1299
991
2048
784
-1430
-2269
-937
1088
1557
342
-861
-848
271
1284
1109
-509
-2343
-2343
-403
1436
1169
-777
-2055
-1333
686
1890
1009
-941
-1935
-914
880
1437
230
-1577
-2206
-1128
584
1311
391
-947
-1129
3
1032
628
-732
-1492
-757
617
1079
294
-737
-908
-219
534
682
-4
-912
-1001
116
1417
1427
229
-740
-473
495
847
299
-409
-543
-21
628
1019
878
283
-58
490
1723
2345
1396
-530
-1934
-1680
-170
1172
1239
59
-1036
-808
670
1958
1580
-206
-1782
-1721
-192
1159
1065
-283
-1363
-953
419
1355
948
-346
-1221
-899
411
1382
724
-1139
-2329
-1271
1129
2294
1008
-1387
-2385
-1131
953
1817
613
-1292
-1796
-199
1895
2079
102
-2004
-2167
-442
1135
1080
-276
-1316
-811
691
1601
911
-554
-1049
-128
988
886
-325
-1349
-1251
-185
772
734
-169
-866
-298
1085
1742
878
-641
-1167
-394
595
803
184
-415
-445
100
821
991
421
-364
-313
893
1895
1426
-316
-1751
-1536
-183
1043
1133
21
-1216
-1423
-96
1668
1976
458
-1436
-1705
-199
1315
1431
70
-1466
-1899
-1020
409
996
416
-305
-129
689
659
-488
-1461
-1088
281
991
354
-841
-1215
-158
1271
1579
236
-1409
-1459
148
1652
1243
-655
-1928
-1350
389
1406
797
-601
-1297
-503
858
1310
429
-706
-692
401
1333
1118
65
-697
-577
113
457
-4
-772
-916
-49
1013
1226
506
-319
-415
123
580
490
-44
-420
-206
343
650
401
-101
-266
86
688
1022
827
213
-505
-883
-802
-374
82
210
-4
-449
-704
-404
200
578
301
-347
-613
-284
332
654
335
-338
-914
-881
-271
250
451
333
249
39
-668
-1159
-971
6
729
271
-619
-1182
-571
626
1219
843
-443
-1062
-410
854
1555
587
-818
-1446
-818
409
701
192
-593
-773
-67
612
827
288
-321
-241
280
754
574
26
-289
-215
124
215
27
-119
-2
378
542
341
44
-149
-15
245
419
346
-45
-240
-10
433
542
87
-289
-178
336
807
966
975
635
-83
-785
-1005
-559
-100
-15
-199
-498
-624
-497
-8
502
352
-427
-1074
-761
146
602
190
-641
-973
-686
-40
719
1130
871
-320
-1502
-1434
-192
1060
739
-838
-2030
-1688
147
1697
1621
-60
-1816
-1701
106
1894
1735
-241
-1796
-1493
313
1535
966
-472
-1354
-787
421
1027
609
-379
-676
41
1040
1302
480
-469
-726
-178
475
494
-3
-471
-267
459
1006
943
370
-36
10
297
475
370
155
6
29
172
252
131
-84
-96
181
502
574
443
415
458
257
-291
-815
-817
-346
190
356
31
-512
-828
-539
85
294
-279
-1061
-1068
-225
536
427
-368
-1003
-989
-460
281
849
827
21
-1102
-1542
-875
269
795
151
-1060
-1656
-870
838
1905
1193
-693
-1834
-1010
858
1774
789
-1038
-1902
-1111
459
1271
673
-566
-1083
-308
886
1244
463
-508
-590
155
851
781
147
-335
-285
182
491
265
-323
-597
-52
825
1181
710
47
-105
182
511
546
356
88
-145
-52
307
563
390
20
33
414
740
729
551
336
-127
-703
-943
-552
88
379
302
41
-210
-352
-231
140
214
-263
-890
-965
-365
193
205
-244
-592
-443
114
668
530
-422
-1453
-1509
-345
836
773
-498
-1616
-1346
17
1101
881
-302
-1191
-920
212
1065
807
-280
-1112
-909
-21
534
206
-552
-858
-395
342
651
319
-212
-359
20
537
712
421
-13
-189
-21
240
266
39
-171
-143
87
280
337
292
222
224
298
391
370
195
35
29
167
308
364
352
271
226
298
420
434
283
233
390
435
93
-463
-701
-438
-9
245
185
-104
-430
-498
-129
359
411
-102
-651
-690
-297
-1
-118
-432
-515
-180
331
506
44
-717
-1049
-606
99
242
-318
-941
-924
-219
582
798
241
-490
-628
-59
511
368
-333
-867
-754
-191
308
421
113
-279
-315
84
504
409
-82
-358
-132
316
505
310
-63
-369
-366
-45
269
212
-190
-364
15
554
720
377
-40
-136
73
419
553
304
-140
-350
-39
413
541
265
-75
-58
276
607
616
358
197
270
336
113
-256
-361
-119
166
217
24
-228
-357
-232
105
291
-11
-619
-898
-485
177
356
-70
-482
-286
331
585
-12
-1025
-1441
-771
363
785
23
-1061
-1187
-50
1247
1305
-25
-1418
-1398
23
1298
1038
-489
-1649
-1276
168
1209
878
-395
-1345
-1042
243
1212
918
-222
-866
-291
840
1343
740
-355
-985
-681
183
699
377
-378
-670
-154
585
825
357
-295
-535
-199
449
813
657
148
-194
-34
307
516
377
94
-92
-124
127
352
335
168
209
661
849
332
-515
-856
-325
315
414
-64
-649
-779
-365
432
907
469
-565
-1251
-801
230
713
274
-414
-414
59
241
-202
-838
-892
-374
246
335
-216
-752
-637
231
957
687
-331
-1000
-476
659
1138
403
-855
-1357
-688
469
1017
457
-576
-1043
-436
584
887
186
-767
-946
-180
800
1191
694
-155
-550
-157
564
740
183
-518
-682
-214
297
457
220
-138
-245
-41
398
630
373
-114
-407
-177
239
427
327
81
-18
76
309
479
288
-84
-213
156
657
599
-43
-669
-615
57
582
427
-320
-946
-835
-97
600
522
-253
-909
-759
105
772
590
-215
-815
-650
-31
356
89
-524
-767
-400
193
348
-32
-438
-463
-105
206
197
-28
-176
0
323
450
206
-191
-298
-86
118
-9
-351
-441
-119
337
513
279
-94
-275
-92
284
469
284
-95
-274
-77
266
437
273
-84
-314
-207
192
483
387
53
-155
-2
306
462
334
-21
-277
-227
107
414
375
91
-178
-198
27
311
468
299
-65
-241
46
583
720
181
-627
-964
-509
260
635
256
-512
-908
-541
244
607
96
-811
-1183
-572
467
962
452
-590
-1184
-856
-3
471
55
-812
-1212
-642
427
982
544
-400
-866
-404
476
879
357
-605
-1074
-585
396
923
577
-155
-469
-59
553
689
208
-438
-620
-191
429
691
393
-79
-253
0
379
456
219
-97
-208
-58
99
166
130
126
211
257
275
195
124
122
136
190
106
-12
-65
27
255
287
92
-194
-286
-52
199
259
51
-211
-188
183
672
772
270
-461
-798
-407
284
564
156
-573
-911
-521
255
688
341
-447
-911
-620
51
351
-2
-649
-994
-762
-171
320
296
-202
-640
-540
-10
329
129
-330
-546
-338
62
344
303
-71
-480
-516
-99
331
318
-32
-245
-77
246
383
285
84
-82
-84
113
332
315
74
-70
65
311
404
317
211
172
164
130
64
-11
-42
76
284
384
290
145
152
291
385
293
87
-58
-48
78
190
208
152
108
127
144
100
36
52
179
288
212
-30
-232
-209
5
189
158
-65
-287
-330
-162
39
60
-150
-416
-482
-273
11
74
-183
-552
-718
-560
-257
-90
-173
-371
-424
-209
106
203
-44
-418
-561
-346
-33
69
-99
-326
-342
-81
264
413
242
-88
-262
-153
60
105
-59
-223
-178
70
318
372
223
44
37
196
310
204
-30
-112
84
388
513
361
112
24
183
393
398
145
-137
-164
104
427
506
280
-25
-152
-26
194
278
176
29
-4
109
256
306
237
131
86
85
46
-52
-146
-145
-43
59
41
-90
-198
-161
13
151
75
-187
-413
-399
-181
-11
-97
-375
-558
-427
-67
189
86
-284
-575
-506
-176
67
-18
-326
-508
-341
41
282
153
-234
-523
-463
-140
120
106
-85
-190
-55
202
322
174
-141
-364
-331
-114
98
154
92
71
162
295
347
255
60
-80
-61
83
217
235
170
133
169
229
269
262
195
102
42
66
134
165
141
131
167
185
159
118
110
124
137
167
219
245
203
135
109
102
63
-3
-51
-67
-73
-60
5
86
100
26
-77
-158
-224
-255
-208
-103
-53
-156
-337
-421
-337
-183
-92
-112
-192
-238
-178
-40
41
-53
-277
-418
-331
-119
1
-60
-197
-245
-139
41
163
122
-53
-191
-170
-36
60
51
-3
-25
-7
23
28
-12
-77
-120
-94
-31
3
27
105
214
263
200
93
40
51
103
162
194
189
158
169
243
276
177
9
-70
-14
86
130
122
95
63
61
113
184
192
116
50
77
148
178
143
83
40
41
98
162
152
55
-72
-142
-116
-49
-24
-59
-112
-119
-69
-31
-54
-138
-235
-261
-201
-96
-29
-52
-118
-153
-122
-66
-56
-113
-178
-187
-132
-55
-19
-43
-91
-114
-73
-1
52
67
41
9
-16
-38
-50
-52
-46
-18
20
38
25
-13
-53
-64
-39
6
54
79
73
52
37
31
38
46
46
46
45
49
57
50
23
-14
-22
10
63
107
107
79
48
49
88
115
88
9
-60
-54
37
145
193
167
102
39
13
19
22
-2
-28
-31
1
52
85
74
35
-5
-28
-45
-70
-106
-138
-133
-86
-21
29
36
4
-40
-77
-92
-97
-106
-97
-61
-11
35
46
16
-24
-58
-67
-59
-63
-74
-65
-28
26
66
63
28
-15
-43
-38
-18
1
6
1
-6
-17
-35
-48
-36
9
56
75
43
-34
-102
-115
-63
33
117
142
107
41
-14
-34
-23
14
54
69
54
21
-16
-46
-64
-58
-38
-5
29
42
42
23
-6
-22
-19
-9
7
24
36
45
35
5
-32
-61
-76
-53
-2
38
48
35
9
-13
-15
-15
-21
-37
-51
-44
-6
40
68
74
62
46
40
31
9
-31
-78
-110
-111
-76
-16
44
94
116
108
77
19
-45
-83
-97
-89
-57
-15
41
96
130
129
86
12
-63
-102
-103
-78
-33
6
28
25
9
-9
-25
-32
-35
-35
-29
-28
-32
-28
-3
35
58
50
25
-9
-32
-44
-42
-34
-18
-1
22
47
41
10
-27
-45
-39
-9
22
35
36
24
13
14
2
-35
-75
-83
-37
39
98
104
60
-10
-69
-79
-48
-17
-9
-5
7
27
48
42
13
-21
-49
-41
-5
31
38
6
-39
-54
-30
8
43
52
32
0
-25
-11
26
49
30
-19
-60
-63
-27
22
51
51
37
14
-1
3
0
-24
-49
-58
-37
-7
-1
-8
-3
27
64
87
69
5
-86
-157
-146
-49
66
119
90
26
-19
-35
-28
-7
17
26
16
12
19
11
-34
-85
-73
-15
29
31
2
-19
-30
-31
-5
36
55
35
-2
-24
-14
-5
-4
-3
0
1
-12
-25
-21
-11
-13
-19
-21
-11
3
15
31
43
49
44
20
-20
-64
-93
-94
-59
-2
50
88
84
41
-10
-47
-52
-30
-4
11
2
-16
-21
-4
38
83
104
86
32
-35
-84
-110
-93
-38
20
63
89
79
55
32
2
-26
-47
-58
-53
-27
0
22
47
57
44
22
-2
-38
-65
-67
-44
-6
36
49
48
43
18
-5
-7
8
19
9
-18
-47
-57
-43
2
56
82
68
21
-31
-68
-74
-47
-13
15
24
12
-4
-19
-32
-29
-6
24
47
45
17
-22
-55
-67
-53
-24
2
12
8
12
29
45
57
43
0
-44
-68
-56
-13
22
26
17
11
11
25
40
35
19
6
5
15
17
6
-4
-9
-13
0
24
36
45
45
32
27
23
10
1
-2
-8
-10
-15
-13
8
30
40
42
37
21
-11
-40
-46
-28
-7
8
26
39
43
43
42
24
-7
-33
-45
-40
-21
-3
17
28
25
16
2
-18
-36
-46
-42
-21
5
14
12
14
13
9
9
11
8
-6
-29
-48
-48
-34
-10
16
34
33
14
-3
-12
-14
-10
-6
9
22
27
31
34
33
31
31
33
36
29
18
6
-3
-4
4
27
50
60
55
46
40
29
20
23
29
22
18
16
23
29
25
25
28
27
25
34
48
55
50
40
37
35
29
36
45
43
36
27
23
26
24
21
29
34
30
24
23
22
18
17
22
29
18
-2
-8
-1
2
-7
-23
-32
-35
-37
-30
-13
11
27
32
40
42
29
8
-13
-36
-63
-84
-86
-64
-30
-1
13
21
13
-12
-32
-43
-58
-67
-59
-43
-25
-8
10
22
26
20
12
-3
-23
-34
-42
-41
-27
-6
24
45
59
62
57
46
33
27
25
23
21
27
34
40
48
52
52
45
34
20
8
0
-2
4
18
32
42
45
47
43
33
33
36
33
34
39
40
44
50
52
52
53
44
34
28
17
3
-10
-26
-36
-42
-45
-38
-31
-26
-18
-12
-11
-16
-22
-34
-48
-55
-57
-55
-52
-51
-45
-38
-37
-42
-43
-44
-46
-46
-48
-48
-49
-46
-41
-33
-28
-26
-23
-23
-30
-27
-22
-24
-27
-28
-27
-18
-14
-17
-18
-19
-23
-21
-5
4
3
4
3
5
5
4
3
1
-3
-1
9
16
23
23
19
17
12
8
10
8
11
15
19
29
32
36
36
24
12
6
3
4
8
14
24
29
26
24
18
6
-6
-16
-18
-12
-7
-5
-1
1
1
-1
-11
-21
-25
-26
-24
-26
-28
-28
-32
-37
-33
-29
-26
-29
-29
-25
-26
-30
-24
-16
-23
-31
-33
-30
-27
-29
-27
-19
-17
-17
-17
-19
-24
-27
-22
-14
-16
-17
-14
-11
-6
-10
-12
-8
-14
-18
-16
-12
-9
-9
-8
2
6
7
8
1
-1
-5
-11
-5
4
7
8
10
16
12
7
3
-2
-1
4
13
21
22
9
-4
-11
-10
-1
4
10
11
10
4
2
-1
-8
-11
-10
-11
-2
5
3
3
0
-2
4
6
2
-3
-4
-10
-15
-14
-14
-13
-11
-14
-13
-10
-7
-9
-11
-12
-15
-16
-8
0
4
7
9
5
-2
-6
-6
-4
-3
0
1
3
2
1
-3
-6
-9
-14
-20
-23
-22
-18
-18
-17
-13
-12
-12
-10
-7
-4
-2
-5
-9
-9
-11
-12
-11
-11
-10
-10
-9
-5
-3
-7
-7
-1
9
16
13
4
0
-5
-9
-5
-5
-5
-3
-7
-8
-6
-7
-12
-14
-9
-6
-3
-2
-5
-7
-10
-7
2
11
16
14
5
1
8
12
7
9
8
6
7
6
5
4
3
3
1
-1
2
1
-1
0
3
0
-3
-4
-1
-1
-1
0
-4
-5
-6
-4
0
2
3
2
1
-4
-10
-15
-17
-13
-10
1
15
22
20
9
-7
-16
-20
-19
-11
-5
-4
-1
4
6
2
-6
-10
-15
-17
-14
-10
-8
-9
-2
7
12
11
2
-11
-17
-22
-21
-15
-12
-8
1
10
18
20
15
6
-1
-13
-24
-19
-15
-7
13
25
23
10
1
0
1
4
10
15
19
22
23
20
14
10
11
16
24
27
21
8
-7
-6
2
8
10
8
1
-3
-2
6
18
17
7
4
7
8
5
0
-8
-13
-15
-16
-12
-10
-14
-12
-8
0
2
1
1
-2
-1
0
-4
-4
-5
-7
-5
-9
-11
-10
-13
-11
-8
-8
-13
-10
-4
0
5
5
2
-2
-7
-9
-13
-19
-17
-15
-11
-3
0
1
5
8
7
7
6
3
1
0
0
1
5
10
10
11
11
6
6
8
14
19
19
17
18
19
21
22
23
28
24
14
2
-7
-13
-18
-15
-1
10
14
17
19
22
16
11
10
8
6
4
6
8
10
9
9
14
9
-2
-4
-8
-6
4
13
18
24
22
18
17
12
5
2
-2
-3
2
4
1
-6
-6
-3
-4
-6
-6
-7
-10
-12
-11
-5
-5
-8
-12
-18
-21
-19
-16
-11
-5
-4
-7
-8
-11
-14
-12
-12
-15
-21
-21
-21
-16
-7
-1
-1
-5
-11
-10
-5
-4
-3
-1
-6
-7
-1
5
9
13
11
9
8
7
12
8
2
2
2
1
2
7
13
13
8
9
12
14
13
10
11
9
8
12
16
19
21
15
14
14
9
14
19
15
14
15
18
19
13
8
5
3
5
6
5
9
8
6
7
8
7
3
-3
-8
-6
-6
-6
-8
-13
-11
-8
-9
-12
-15
-15
-11
-6
-6
-6
-12
-13
-10
-10
-13
-17
-19
-22
-24
-19
-11
-5
-5
-7
-9
-7
-11
-15
-15
-14
-15
-15
-12
-8
-4
-6
-8
-11
-11
-7
-5
-12
-16
-9
-1
0
-4
-3
-1
0
4
7
9
8
10
12
7
5
9
12
14
19
21
20
23
22
21
16
11
5
3
10
14
14
15
14
21
25
21
22
15
4
6
12
14
13
12
10
5
1
0
-1
-6
-8
-7
-5
-1
1
0
2
2
-3
1
0
-11
-18
-17
-18
-17
-15
-11
-7
-6
-4
-5
-7
-9
-9
-8
-8
-5
-4
-2
-1
-2
1
-1
-3
-4
-6
-5
-3
-2
1
0
-5
-7
-9
-6
0
-2
-1
8
11
10
12
12
6
4
6
5
9
11
8
12
13
8
10
13
12
15
14
12
11
8
1
-2
-2
-3
4
14
14
15
13
15
18
14
8
7
7
7
9
10
11
7
5
6
8
9
11
13
10
6
3
5
6
7
10
10
10
7
4
3
-1
-5
-5
-3
0
3
4
1
-3
-7
-9
-9
-7
-4
1
0
-1
3
4
2
3
1
-3
-4
-4
-5
-3
-1
-1
0
1
0
-4
-3
4
5
3
-3
-7
-7
-6
-3
2
3
4
8
12
9
3
0
-2
0
1
6
10
9
7
5
3
3
3
5
4
5
4
7
10
9
13
15
10
3
1
4
5
6
9
13
14
17
13
11
11
8
4
3
-1
1
4
2
1
1
0
-3
-6
-6
-5
-2
3
8
7
5
5
3
1
2
-2
-6
-12
-14
-13
-15
-7
1
5
8
9
8
3
-5
-5
-4
0
-2
-1
2
2
0
2
4
-2
-4
-4
-7
-5
-2
-6
-6
-4
-7
-9
-6
-2
0
0
-2
-7
-13
-17
-16
-10
-9
-8
-1
2
4
10
1
-5
-4
-16
-24
-32
-31
-5
1
-2
8
10
21
12
2
4
-5
8
12
44
88
58
28
27
15
-2
-7
-14
-10
6
54
86
102
124
65
-35
-3
-10
-48
-51
46
59
8
161
-73
1729
2393
-638
-1318
4
-865
-2404
-609
866
-521
11
2347
1728
-627
-538
164
-1529
-2482
-678
376
-144
227
1624
1335
-172
-256
-12
-905
-1319
-617
57
270
404
787
1118
610
-344
-491
-412
-789
-921
-249
316
260
260
730
862
15
-459
-244
-449
-849
-591
159
337
120
435
775
279
-255
-22
-33
-630
-637
4
224
24
94
510
238
-217
46
252
-111
-263
169
205
-53
57
218
-3
-108
-30
-274
-228
194
-85
-214
382
439
-63
65
338
-175
-491
-21
53
-405
-171
358
292
52
343
498
23
-404
-228
-72
-285
-184
327
475
151
133
268
91
-301
-332
-90
-186
-177
193
454
312
133
175
-20
-297
-383
-253
-110
-110
43
151
197
180
102
-46
-216
-301
-296
-274
-160
14
81
38
-26
60
-2
-94
-213
-185
-188
-219
-115
57
52
-49
35
29
-123
-223
-105
-46
-91
-123
39
104
57
-29
74
139
-133
-231
-147
-98
-191
-14
187
81
15
182
206
31
6
50
-40
-212
-69
62
-4
-18
166
201
14
58
190
52
-98
-25
-23
-87
4
150
81
73
162
126
-6
-44
-23
-144
-119
22
0
-46
124
228
-12
-69
136
77
-155
-3
153
-93
-174
76
58
-155
42
150
-48
-84
86
-22
-201
-34
5
-133
-49
203
50
-177
-23
151
-62
-238
-5
22
-146
-49
169
-109
-381
-56
230
2
-159
129
134
-240
-287
23
11
-257
-131
153
27
-165
59
192
-170
-341
-46
64
-99
-5
218
98
-58
-35
-46
-95
-72
-113
-123
83
165
48
75
164
-30
-164
-26
-13
-140
-7
208
133
16
55
74
31
17
-31
-59
-23
-44
-58
61
124
20
27
94
-36
-153
39
201
24
-130
-10
41
-115
-120
81
145
-6
-10
115
53
-148
-86
110
38
-127
-20
168
88
-63
-55
-3
-148
-238
-11
205
68
-50
132
176
-126
-212
92
142
-161
-235
37
119
-101
-95
224
217
-232
-354
57
174
-157
-133
283
252
-199
-202
194
118
-355
-330
152
208
-112
31
437
203
-320
-201
136
-77
-334
-30
240
89
-19
128
183
46
-105
-173
-88
-6
-13
21
180
147
-24
5
105
-32
-207
-50
75
-48
-101
109
208
73
-23
9
35
-57
-142
-137
-26
13
9
105
219
137
23
119
72
-203
-263
-12
-2
-179
-20
299
232
-23
22
117
-30
-213
-155
-27
-5
-8
63
140
87
3
3
29
-55
-126
-61
24
-8
-45
57
122
32
-60
-13
5
-78
-87
15
51
-23
-22
49
49
-25
-33
5
-34
-80
-44
11
-4
-28
20
76
57
-14
-51
-36
-3
-5
-33
3
79
59
-50
-72
-5
-3
-33
20
84
61
20
26
-2
-49
-32
4
0
3
34
38
15
24
34
18
17
25
22
16
11
-11
-21
-6
9
10
16
34
50
51
38
27
15
-4
-32
-29
0
10
19
54
70
44
19
17
6
-29
-46
-42
-41
-29
2
44
86
99
66
14
-28
-76
-123
-120
-62
11
72
118
125
83
17
-46
-98
-120
-101
-57
0
56
93
93
62
22
-26
-81
-105
-85
-55
-24
15
54
60
36
4
-25
-49
-71
-71
-37
11
44
55
50
35
6
-31
-50
-46
-38
-32
-4
34
47
42
49
50
15
-17
-23
-31
-40
-21
17
43
56
60
52
26
-8
-37
-51
-43
-19
17
54
77
80
61
31
-1
-32
-56
-50
-28
0
31
54
62
59
43
12
-28
-51
-54
-45
-22
19
57
71
67
46
14
-28
-64
-76
-66
-36
4
43
71
72
46
3
-40
-70
-77
-60
-22
22
52
65
56
24
-12
-43
-64
-63
-40
-2
30
40
37
29
11
-15
-35
-40
-33
-21
-4
15
28
33
24
3
-14
-24
-22
-8
7
13
15
23
23
12
-2
-11
-13
-7
5
20
30
27
22
11
-5
-19
-27
-21
-5
12
29
37
35
21
0
-19
-23
-16
-9
9
30
43
46
35
21
-2
-21
-26
-22
-10
9
24
29
29
21
8
-12
-30
-34
-25
-2
22
40
44
35
19
-1
-23
-40
-44
-33
-16
8
29
44
42
24
3
-20
-36
-39
-31
-19
-1
19
29
29
18
2
-13
-29
-36
-33
-23
-9
8
26
32
29
16
-11
-35
-46
-44
-33
-9
18
34
37
30
13
-14
-35
-40
-35
-16
3
23
41
39
26
16
4
-9
-16
-13
-5
7
11
18
29
25
15
11
7
-8
-17
-14
-5
3
12
25
37
34
23
14
1
-16
-26
-24
-9
12
29
41
47
44
26
4
-10
-20
-22
-11
4
15
18
17
8
-5
-15
-20
-22
-20
-10
6
22
28
20
1
-22
-41
-47
-33
-12
3
14
18
12
-4
-20
-33
-36
-29
-16
-3
5
8
5
3
-3
-9
-14
-19
-22
-23
-21
-13
-6
3
14
18
19
11
-6
-23
-27
-20
-11
3
17
20
13
8
8
6
6
0
-9
-13
-19
-18
-7
6
13
20
29
31
18
-1
-14
-13
-6
3
20
40
43
37
31
15
-5
-15
-11
1
13
21
33
43
35
19
6
0
-5
-7
-3
5
13
20
26
20
9
2
-4
-10
-9
-4
2
-2
-2
-3
-9
-9
-15
-21
-19
-18
-17
-11
-6
-6
-6
-12
-13
-11
-12
-5
-7
-14
-13
-4
2
-2
-3
-3
-18
-25
-17
-15
-10
-10
-15
-3
8
3
2
-2
-11
-18
-19
-8
4
3
0
3
10
10
6
7
3
1
5
3
6
8
3
4
9
8
10
14
12
10
8
8
11
10
11
11
10
8
6
9
10
11
11
11
12
7
6
15
19
18
14
13
14
9
6
6
4
3
1
7
8
3
2
5
3
0
-1
0
0
0
-1
1
3
3
0
3
1
0
-1
-7
-10
-6
-1
4
6
5
6
4
-1
-2
-3
-8
-9
-9
-7
-1
0
-1
-2
-6
-11
-13
-14
-17
-13
-4
-4
-9
-9
-12
-14
-15
-17
-16
-12
-13
-16
-11
-10
-10
-6
-4
-3
-3
-8
-8
-2
1
8
9
6
9
12
6
-2
-2
-5
-6
3
13
19
24
24
22
19
13
6
2
2
5
16
32
40
40
34
27
21
17
15
15
15
16
17
18
15
10
10
10
6
4
1
1
-1
-10
-11
-4
-3
-4
-5
-4
-9
-19
-20
-18
-17
-13
-9
-8
-7
-11
-12
-8
-8
-12
-10
-4
-3
-1
3
7
3
-5
-7
-10
-14
-14
-10
-5
-1
-1
1
5
3
-3
-3
-3
0
1
0
4
5
-5
-10
-5
0
5
7
7
0
-2
-2
-5
-2
-3
-1
3
0
-4
-1
-1
-3
-4
-4
0
2
2
1
2
2
-2
2
7
5
1
2
4
5
9
10
7
7
7
9
13
10
4
8
7
4
3
4
5
7
6
5
3
-2
-5
-4
-3
-2
2
4
3
2
4
4
4
2
-3
-3
0
0
1
4
1
1
-1
-2
-3
-3
-1
-3
-3
-1
0
-2
-7
-6
-7
-7
-4
-5
-1
5
6
3
1
-4
-7
-9
-10
-11
-10
-6
-4
-5
0
4
3
-3
-7
-9
-8
-5
-3
1
4
8
11
13
14
11
7
7
2
2
6
10
13
9
4
-1
-4
-6
-7
-8
-4
3
8
9
7
7
6
1
-3
-1
1
3
7
9
11
10
7
3
2
1
3
7
10
10
11
13
13
4
0
5
11
9
6
6
9
7
5
3
4
6
4
2
4
5
1
2
0
-7
-7
-5
-8
-5
0
4
4
2
-1
-3
-2
1
-2
-9
-10
-11
-13
-15
-18
-19
-14
-12
-12
-9
-12
-15
-13
-9
-10
-7
-6
-8
-6
-3
3
5
2
-2
-1
4
3
3
1
-3
-2
-3
-5
-2
3
8
10
11
14
17
18
13
7
7
14
12
9
11
14
18
12
4
2
3
4
6
8
12
16
20
19
15
10
7
8
6
5
4
2
5
11
11
12
16
10
2
2
0
-3
-4
-2
-2
0
-1
-5
-5
-3
-6
-9
-9
-7
-9
-7
-4
-4
-2
-7
-12
-12
-11
-13
-15
-16
-12
-11
-10
-8
-11
-9
-7
-13
-14
-13
-11
-11
-8
-7
-8
-8
-13
-12
-12
-11
-9
-7
-7
-2
3
3
1
0
1
1
-1
1
4
5
5
8
7
8
7
5
7
9
10
11
10
11
9
9
14
16
12
8
7
13
14
11
10
12
13
16
15
10
9
15
17
13
13
16
18
17
13
5
4
3
-1
-4
0
3
4
1
-2
-2
0
2
-2
-3
-1
-3
-4
-8
-8
-6
-8
-9
-7
-12
-14
-8
-9
-12
-13
-10
-11
-10
-7
-7
-9
-9
-12
-10
-11
-9
-7
-4
1
0
-3
-9
-15
-17
-18
-17
-12
-6
-2
-1
-4
-6
-8
-11
-10
-5
-4
-3
-4
-4
1
7
10
9
9
12
10
8
2
2
2
6
11
13
14
12
8
4
8
8
8
10
9
12
13
14
10
9
6
8
12
13
11
7
10
12
12
10
9
11
14
10
7
11
9
7
8
6
7
10
10
7
9
11
8
7
4
1
3
4
2
2
4
5
-3
-6
-2
0
-4
-8
-9
-7
-6
-6
-5
-5
-4
-4
-3
-4
-6
-9
-14
-16
-16
-20
-17
-17
-18
-13
-15
-18
-17
-19
-21
-23
-22
-16
-8
-5
-2
-5
-9
-14
-14
-12
-7
-6
-8
-5
-4
-4
1
5
8
9
6
10
8
6
6
6
4
4
7
10
13
11
14
15
13
13
11
10
13
19
21
18
14
12
8
9
9
10
10
8
11
12
11
10
7
7
8
7
7
5
4
0
-2
0
3
2
-1
-3
-5
-7
-7
-5
-2
-5
-4
-3
-7
-9
-8
-9
-10
-5
-5
-5
-4
-4
-5
-6
-7
-11
-12
-7
-9
-9
-6
-4
-2
-3
-9
-15
-18
-15
-12
-10
-5
0
1
1
-1
-8
-11
-11
-9
-7
-6
-4
-1
-1
-3
-3
-6
-6
-7
-5
-3
-3
-7
-8
-8
-4
0
0
1
5
5
4
4
1
1
8
14
19
21
20
17
12
14
9
1
3
5
7
13
13
9
10
9
5
4
6
8
8
10
12
10
7
3
1
2
1
1
3
7
4
2
2
7
7
3
2
-2
-4
-6
-6
-7
-11
-8
-6
-10
-6
-3
-10
-13
-12
-14
-11
-8
-10
-10
-10
-10
-11
-9
-11
-12
-9
-7
-4
-4
-7
-4
-3
-7
-5
-8
-9
-2
1
4
5
3
1
1
1
0
1
5
8
8
10
12
12
11
9
4
-3
-2
5
8
5
2
-1
3
5
2
7
11
12
15
16
13
10
9
9
9
7
7
10
8
8
8
7
7
6
5
6
2
1
4
3
9
16
13
9
8
8
3
0
-2
-1
0
-1
-2
0
1
1
-1
-1
-2
-3
0
3
-1
-3
1
1
-1
1
-2
-5
-8
-8
-7
-9
-8
-8
-10
-7
-8
-11
-15
-18
-20
-20
-14
-13
-13
-9
-3
-4
-13
-16
-17
-21
-19
-14
-9
-7
-5
-6
-6
-4
-7
-8
-5
1
5
8
7
8
7
5
3
4
7
9
5
7
12
14
12
13
15
13
17
19
14
12
15
13
14
14
12
14
17
17
16
19
20
17
14
12
14
16
11
9
7
5
4
0
2
3
3
4
6
4
2
2
-2
-8
-9
-11
-12
-15
-16
-16
-14
-13
-10
-8
-8
-6
-4
-4
-4
-7
-10
-8
-8
-4
-2
-4
-5
-9
-10
-11
-16
-16
-15
-12
-9
-9
-7
-9
-14
-15
-11
-13
-16
-14
-15
-15
-11
-7
-7
-6
-5
-7
-3
-3
-4
-2
-2
-4
-3
1
3
3
2
3
6
8
6
7
10
8
8
12
15
16
12
11
14
11
11
10
12
15
12
12
14
16
16
16
16
12
7
6
6
4
2
3
3
1
1
2
3
6
3
1
3
3
0
-5
-8
-5
-5
-7
-8
-8
-8
-8
-8
-4
2
4
2
-1
-3
-4
-6
-8
-9
-3
1
-4
-6
-8
-9
-8
-10
-8
-5
-4
-5
-9
-9
-6
-8
-7
-5
-6
-7
-7
-8
-8
-9
-7
-7
-8
-4
-1
1
1
-2
-1
0
-2
2
2
2
3
4
5
7
7
5
3
3
3
1
4
4
3
1
0
2
4
7
7
9
10
6
6
7
3
6
8
8
15
17
10
6
4
8
12
8
7
9
9
12
12
8
2
-1
4
8
9
9
7
9
5
1
3
4
-2
-7
-8
-6
-2
0
-2
-3
-2
-2
-2
-4
-4
-6
-7
-7
-3
-3
-8
-11
-11
-15
-14
-10
-13
-16
-19
-19
-14
-9
-10
-10
-11
-15
-13
-11
-9
-5
-3
-1
2
1
-1
0
-3
-1
0
1
1
0
1
4
6
6
4
3
3
3
3
6
9
11
9
5
5
8
7
9
14
16
17
18
16
14
13
8
7
10
11
9
11
13
11
2
1
2
-3
-5
-3
-1
2
0
0
2
3
0
-2
0
-1
-2
-3
-1
-2
-9
-9
-5
-7
-8
-7
-7
-9
-12
-12
-11
-5
0
-1
-1
-2
-11
-14
-13
-12
-13
-14
-11
-9
-11
-13
-12
-8
-5
-4
-5
-5
-6
-3
-5
-4
-1
-3
-4
-5
-3
-5
-2
1
0
-2
-7
-6
-2
-3
-3
-1
2
1
-4
-2
0
-6
-1
1
-3
-2
2
5
8
4
9
17
13
9
8
5
10
10
11
14
8
9
11
11
12
10
12
16
10
5
7
7
5
3
-2
-2
-2
-2
1
1
3
6
4
2
1
-4
-6
-4
-2
-3
-2
-1
-1
-2
-2
-5
-7
-6
-9
-8
-8
-8
-7
-6
-7
-10
-10
