1
2
3
1
0
2
7
6
7
7
3
5
8
8
11
13
10
10
10
12
14
11
10
13
12
10
9
6
6
8
9
9
7
5
3
6
10
8
6
5
4
5
6
5
4
7
6
5
6
2
-2
-5
-9
-8
-4
-7
-8
-7
-9
-9
-5
-1
-1
-2
-4
-7
-11
-13
-13
-16
-17
-12
-7
-9
-11
-13
-12
-12
-12
-9
-8
-7
-8
-8
-6
-4
-4
-5
-5
-5
-4
-4
-3
0
0
-3
-3
0
1
2
4
6
7
9
7
6
6
1
1
5
6
6
2
2
6
6
4
6
7
8
5
5
7
9
8
7
6
7
8
9
10
6
5
7
9
7
9
10
10
8
7
8
8
7
2
2
4
1
2
3
5
6
6
4
-1
0
3
5
2
1
2
5
4
1
1
1
-1
-5
-3
-1
-4
-5
-6
-5
-7
-10
-12
-12
-13
-13
-11
-11
-10
-7
-5
-6
-6
-11
-12
-8
-7
-6
-7
-7
-7
-8
-12
-11
-7
-10
-8
-4
-4
-2
1
0
-1
-2
0
3
3
5
9
9
5
4
4
7
6
7
9
12
13
12
9
10
15
13
14
13
6
4
4
6
10
12
10
9
10
11
9
12
11
7
4
2
2
-1
-3
-2
1
-1
2
7
4
4
2
-2
-5
-4
0
1
0
-1
-2
-3
-3
-3
-1
1
-1
-4
-4
-6
-3
-1
-1
-1
0
-4
-7
-9
-12
-13
-13
-10
-9
-11
-12
-9
-8
-6
-6
-9
-11
-11
-11
-16
-16
-12
-13
-15
-10
-7
-5
-2
-6
-10
-9
-8
-9
-9
-10
-8
-4
-4
-1
1
0
-2
-3
-4
4
12
12
13
14
12
13
15
13
14
18
25
28
27
24
20
16
17
17
16
16
14
14
17
19
17
11
9
8
7
6
5
7
7
5
6
3
1
0
-4
-3
-5
-7
-10
-10
-6
-6
-10
-11
-12
-12
-11
-12
-15
-13
-9
-12
-11
-13
-16
-17
-17
-18
-18
-21
-20
-17
-13
-12
-15
-16
-16
-21
-25
-23
-19
-16
-13
-11
-7
-7
-8
-5
-6
-6
0
0
0
2
5
8
15
18
15
17
15
13
14
14
14
16
20
21
22
19
16
17
15
12
14
14
16
16
18
19
17
15
16
17
11
7
10
11
9
8
8
6
8
6
2
3
4
3
2
4
4
5
2
3
4
0
-3
-3
-1
-6
-5
-3
-4
-5
-7
-8
-5
-4
-8
-6
-3
-4
-2
1
-3
-8
-9
-13
-12
-10
-10
-10
-11
-14
-14
-15
-16
-14
-11
-11
-10
-10
-9
-11
-13
-14
-14
-14
-12
-12
-12
-7
-11
-16
-17
-17
-14
-9
-8
-3
-4
-9
-10
-7
-3
1
1
-1
0
0
-3
1
3
0
0
4
8
10
8
3
6
9
11
14
11
10
13
14
15
16
17
24
24
21
16
12
13
14
15
15
16
18
20
20
20
18
13
15
14
10
8
7
10
16
21
18
8
6
6
7
7
5
-1
-4
-3
-5
-5
-9
-16
-18
-11
-4
-7
-10
-12
-10
-1
1
-3
-6
-11
-13
-9
-9
-16
-15
-10
-5
-5
-10
-13
-12
-15
-16
-11
-12
-19
-17
-15
-14
-13
-15
-17
-12
-11
-11
-3
-1
-8
-10
-7
-9
-9
-8
-10
-9
-6
-5
-5
-6
-7
-5
-5
-6
-3
0
-1
3
7
4
2
1
-2
4
11
10
12
13
13
14
14
11
9
9
10
8
7
7
8
8
6
3
2
3
5
0
0
4
5
12
13
13
10
6
4
4
4
5
7
7
3
3
5
6
9
8
1
4
4
1
-1
-7
-10
-6
1
0
0
0
-4
-5
-3
-8
-11
-7
-8
-11
-6
-7
-7
-3
-9
-10
-5
-5
-6
-7
-7
-3
4
6
5
9
1
-8
-5
-1
0
2
-1
-1
0
2
3
0
0
2
5
3
2
1
2
1
0
-3
-6
-8
-10
-6
1
-1
-7
-6
-4
-1
2
-1
-5
-4
2
5
0
-3
-2
3
5
4
3
3
5
3
4
6
3
5
9
8
4
-3
-6
-3
4
11
16
16
9
7
9
6
2
-1
3
4
3
4
4
0
-1
-1
1
2
0
-2
-5
-5
-5
-6
-9
-6
-1
1
0
-10
-20
-19
-18
-11
-6
-7
-4
-6
-11
-11
-14
-13
-13
-11
-3
0
2
0
-3
-2
0
1
2
-2
-4
3
7
7
3
0
-1
3
10
9
9
9
10
8
6
7
2
4
6
10
11
8
4
5
11
13
14
12
8
5
6
6
1
-2
-5
0
4
5
4
-1
-3
1
3
-1
-5
-9
-8
1
2
-3
-2
-2
-3
-2
-2
-5
-9
-13
-13
-7
-3
-8
-14
-14
-13
-10
-5
-8
-7
-1
-1
0
4
5
4
4
1
-4
-3
-6
-9
-6
-5
-3
0
-3
-4
-6
-6
-7
-6
-6
-8
-13
-15
-11
-8
-12
-13
-12
-12
-10
-10
-9
-9
-13
-12
-9
-11
-12
-7
-3
-3
-3
-4
-7
-8
-4
-1
2
1
6
15
13
6
1
-1
-1
7
10
10
13
15
15
13
8
7
9
8
8
9
11
14
12
10
9
6
5
4
6
6
2
1
1
1
4
6
8
13
12
11
6
5
4
5
6
3
2
3
1
1
-1
-7
-8
-5
-1
-4
-9
-10
-10
-8
-10
-12
-9
-10
-13
-10
-5
-7
-13
-18
-19
-14
-9
-9
-12
-12
-8
-5
-6
-7
-9
-12
-9
-5
-3
-2
-9
-13
-7
-1
-1
0
-1
3
8
5
4
6
7
4
5
6
8
8
8
8
7
8
5
2
1
-6
-9
-4
-2
2
7
10
13
13
3
1
8
14
15
11
14
12
14
13
6
5
5
3
4
12
15
16
12
5
4
5
6
6
4
-2
-3
1
4
3
4
3
-2
-3
1
2
4
-1
-6
-6
-3
-3
-5
-11
-12
-7
-3
-5
-3
-7
-14
-14
-12
-10
-11
-14
-17
-14
-11
-9
-12
-14
-13
-14
-14
-11
-11
-10
-11
-14
-8
-3
0
-1
0
-2
-3
2
1
-5
-6
-6
0
7
11
14
11
10
11
15
14
10
8
9
13
17
19
15
5
3
5
10
8
4
5
6
11
13
13
15
13
14
17
13
11
9
5
8
12
14
11
3
-3
1
7
8
2
0
5
10
11
3
-4
-7
-2
7
12
8
-1
-4
-5
-5
-10
-13
-13
-8
-3
0
-2
-6
-7
-2
-3
-9
-14
-16
-12
-6
-5
-9
-13
-7
-3
-4
-10
-16
-20
-15
-8
-8
-12
-16
-13
-11
-9
-6
-5
-7
-4
-2
-1
2
-2
-7
-7
-4
-3
-5
-7
-5
-2
5
11
11
7
3
-2
-3
3
5
3
6
11
15
15
13
5
-2
1
9
13
8
6
7
6
8
10
13
19
18
15
13
14
16
23
15
5
5
3
9
13
8
2
-2
0
0
-5
-6
-7
-8
-4
-5
-6
-4
-1
-7
-5
0
0
2
3
-1
0
1
-4
-5
0
5
6
3
-2
-8
-12
-8
0
4
-1
-5
-2
4
3
-3
-16
-24
-17
1
9
2
-9
-14
-11
-1
0
-8
-14
-12
-2
8
7
-12
-19
-11
-1
8
6
-1
1
8
9
3
-3
-6
-2
12
17
5
-6
-6
-4
4
10
2
1
8
4
6
7
-2
-4
9
19
20
18
12
8
14
17
9
0
0
5
11
16
9
-1
0
-2
0
6
5
3
11
16
13
9
7
-1
5
10
1
-8
-4
-4
-2
8
3
-6
-1
-4
-3
7
1
-11
-9
-1
-1
2
-2
-15
-14
-11
-13
-9
-12
-13
-10
-3
-1
-5
-6
-18
-24
-18
-9
-4
-4
-5
-8
-9
-9
-21
-18
-7
-5
-5
-3
-3
-6
-5
0
0
2
0
-2
-2
4
7
7
14
13
11
11
6
5
7
8
11
15
10
8
9
11
8
2
4
11
16
18
18
16
14
9
12
15
12
9
7
7
8
11
11
10
6
1
2
5
3
4
4
0
-3
-11
-16
-10
1
6
-1
-5
-10
-5
-2
-6
-9
-15
-13
-10
-4
-6
-18
-18
-13
-7
1
-2
-11
-14
-15
-14
-12
-16
-16
-8
-4
-5
-11
-14
-16
-15
-12
-7
-4
-3
-6
-4
-2
-2
-6
-10
-8
-12
-8
2
0
-1
-4
-10
-7
-1
5
5
6
6
3
4
4
-2
-1
4
8
12
11
5
5
12
12
8
13
10
11
12
6
3
7
17
21
20
15
2
3
11
13
13
6
6
7
15
16
12
9
4
0
1
2
4
5
7
5
1
-1
-4
0
4
0
-1
1
1
-5
-6
-9
-13
-10
-8
-8
-3
-5
-13
-9
-4
-12
-14
-10
-10
-5
-4
-14
-23
-20
-19
-14
-6
-9
-14
-10
-9
-16
-16
-10
-13
-3
7
0
-6
-9
-14
-12
-1
-6
-6
2
6
8
11
6
-4
-8
-7
-5
4
7
7
9
3
-2
0
2
2
11
16
11
13
12
7
7
4
0
7
17
18
15
9
1
-6
0
8
10
22
18
8
5
6
5
5
11
11
13
14
8
6
7
6
7
11
9
0
4
10
4
4
2
-2
3
5
4
5
7
3
-4
-1
0
2
3
-3
-6
-5
-2
-1
-3
-4
-10
-14
-11
-15
-15
-11
-13
-14
-10
-10
-6
-1
-8
-18
-18
-18
-21
-13
-10
-10
-7
-7
-9
-9
-7
-11
-13
-11
-11
-9
-11
-14
-9
-3
0
2
1
-4
-2
0
-2
-5
-5
3
3
8
9
3
5
10
9
11
14
8
3
5
4
1
2
6
10
8
10
20
21
21
23
11
-3
-3
5
18
30
30
19
8
3
0
3
5
3
5
8
15
15
12
9
1
1
4
7
13
9
-4
-20
-15
-1
8
17
9
-2
-2
-1
-1
-2
-7
-11
-8
-4
-4
-12
-17
-15
-11
-7
-7
-11
-8
-11
-17
-18
-20
-20
-17
-19
-23
-18
-13
-14
-11
-11
-15
-23
-28
-30
-28
-23
-24
-34
-39
-31
-24
-26
-29
-28
-22
-24
-43
-41
-22
-10
-23
-42
-30
23
78
62
-5
-53
-30
75
163
160
68
-24
-12
90
181
157
68
32
101
215
245
158
48
61
224
415
438
152
-206
-313
-24
467
668
391
-113
-393
-186
329
710
535
-37
-489
-372
246
662
438
-201
-625
-467
-17
235
90
-258
-462
-357
-88
39
-109
-338
-378
-176
69
125
-85
-343
-270
228
652
246
-889
-1717
-1327
42
1120
953
-212
-1137
-865
307
1198
772
-642
-1633
-1224
79
799
286
-793
-1282
-684
296
742
329
-406
-623
-186
408
490
16
-482
-560
-129
337
418
143
-115
-18
290
461
250
-124
-163
226
671
694
270
-184
-166
499
1312
1527
835
-237
-833
-587
179
801
856
375
-128
-78
545
1107
959
244
-324
-314
61
347
362
101
-311
-553
-439
-168
-142
-349
-384
-143
65
-6
-170
-199
-163
-158
-140
-89
-121
-261
-293
-161
-95
-236
-437
-462
-311
-90
86
67
-91
-87
355
793
387
-799
-1719
-1341
41
1089
892
-217
-908
-408
796
1460
676
-946
-1859
-1106
480
1131
302
-1017
-1388
-489
647
977
274
-644
-875
-324
364
382
-236
-778
-650
56
577
453
-82
-405
-174
277
465
181
-252
-308
71
530
648
393
117
86
256
372
412
591
905
1058
780
157
-458
-658
-184
671
1133
663
-255
-536
162
1043
1161
494
-245
-489
-156
442
728
221
-780
-1281
-788
29
226
-194
-511
-377
-51
140
125
-91
-411
-530
-287
45
43
-262
-407
-220
-2
-47
-292
-430
-349
-170
52
315
590
549
-62
-881
-1228
-705
260
800
448
-419
-779
-158
885
1301
539
-748
-1399
-852
203
560
-52
-942
-1140
-424
473
755
247
-366
-437
-60
198
-39
-457
-621
-401
-1
185
48
-209
-220
114
399
303
-136
-420
-145
412
693
426
-57
-240
53
566
725
324
-112
158
1145
1782
1162
-355
-1458
-1108
354
1602
1521
248
-853
-602
851
1999
1557
12
-1050
-673
498
1172
750
-458
-1445
-1399
-434
458
368
-408
-849
-421
346
600
203
-404
-689
-493
-48
198
-66
-544
-659
-260
133
26
-405
-645
-387
72
270
175
145
322
231
-331
-961
-1116
-521
417
817
142
-867
-963
84
1340
1483
174
-1417
-1692
-454
799
808
-305
-1411
-1401
-237
973
1062
108
-735
-645
103
605
377
-318
-828
-601
159
568
241
-220
-201
187
507
410
-111
-463
-165
383
562
393
145
-18
123
484
542
289
534
1452
1880
877
-917
-1837
-938
955
2074
1404
-291
-1243
-487
1352
2507
1675
-505
-1871
-972
1045
1887
816
-1005
-1964
-1490
-165
814
561
-506
-1200
-743
386
936
375
-610
-916
-408
142
213
-193
-624
-677
-281
158
-7
-496
-662
-336
233
573
692
430
-263
-858
-1007
-430
238
209
-348
-861
-554
299
980
1079
285
-664
-1002
-490
259
101
-619
-1112
-845
15
434
326
-70
-245
103
364
433
-24
-705
-823
-455
218
325
-131
-408
-317
360
810
619
8
-663
-490
179
790
844
150
-301
-321
137
720
740
433
-75
233
1523
2180
1302
-945
-2236
-1126
986
2338
1534
-250
-1132
-527
1443
2673
1883
-312
-1969
-1028
1107
2051
878
-1355
-2254
-1561
-152
870
554
-427
-1183
-781
541
1119
465
-751
-1204
-541
101
179
-301
-802
-767
-338
191
167
-400
-666
-317
334
569
407
392
206
-413
-1168
-1311
-461
420
525
-124
-832
-664
247
1248
1350
74
-1362
-1693
-564
731
608
-516
-1482
-1227
-13
851
928
177
-553
-492
12
478
131
-682
-965
-587
145
323
-50
-227
-11
543
682
161
-468
-616
47
757
767
173
-382
-290
259
749
745
264
-1
706
2064
2395
617
-1949
-2602
-462
2254
2809
901
-1263
-1537
309
2617
3226
1380
-1467
-2516
-614
2077
2565
256
-2377
-2833
-1245
663
1322
498
-888
-1592
-697
987
1605
446
-1234
-1565
-520
421
325
-462
-981
-833
-236
299
278
-167
-462
-196
296
394
53
-364
-558
-645
-617
-309
115
359
55
-439
-555
-236
426
780
483
-364
-1190
-1033
-169
526
315
-626
-1086
-680
253
830
544
-70
-586
-532
-80
190
98
-404
-636
-272
217
390
49
-170
65
422
544
148
-316
-457
-150
412
598
361
-134
-354
42
503
672
538
838
1877
2312
1018
-1465
-2665
-1034
1728
2921
1442
-873
-1597
-208
2247
3535
2279
-766
-2951
-1778
1430
3083
1392
-1808
-3138
-1952
187
1557
1234
-256
-1708
-1573
273
1733
1181
-767
-1873
-1143
130
574
14
-686
-853
-532
-40
157
-25
-237
-143
253
504
274
-394
-1011
-1011
-379
285
259
-392
-870
-530
358
863
544
-220
-713
-655
-242
81
-176
-842
-1233
-831
61
550
349
-169
-348
66
522
479
-143
-774
-802
-380
104
260
-21
-343
-336
178
758
765
317
-193
-309
27
327
362
101
-65
55
199
376
379
240
293
1030
2450
2837
1001
-1960
-3171
-977
2263
3293
1309
-1402
-1939
-63
2712
4067
2496
-931
-3250
-1920
1589
3255
1348
-2049
-3478
-2169
174
1659
1317
-290
-1805
-1682
219
1811
1286
-812
-2108
-1404
-20
499
-17
-744
-1022
-774
-202
272
210
-254
-394
227
1239
1453
174
-1568
-2345
-1543
135
1195
862
-538
-1522
-846
774
1768
1268
-241
-1433
-1383
-296
605
337
-861
-1694
-1329
-141
970
1022
254
-272
-214
250
413
-67
-717
-1175
-901
17
491
212
-297
-402
186
786
775
227
-545
-731
-159
405
623
366
-175
-431
-154
463
828
632
592
1533
2580
1974
-509
-2695
-1943
1089
3062
2161
-411
-1882
-874
1630
3744
3553
680
-2537
-2902
135
3182
2687
-767
-3509
-3210
-871
1272
1848
741
-1163
-2126
-827
1467
2133
380
-1836
-2102
-727
380
369
-334
-932
-1080
-688
57
588
493
167
153
153
-40
-480
-798
-611
-323
-6
-63
-520
-689
-438
390
924
415
-440
-829
-230
380
215
-395
-1184
-1393
-918
52
795
374
-382
-681
-136
723
749
127
-765
-1112
-590
44
459
214
-368
-597
-262
585
974
602
-69
-517
-264
192
465
326
-172
-386
-296
121
602
666
450
399
1436
2900
2693
254
-2538
-2588
215
2812
2830
480
-1560
-1446
621
3233
3985
1847
-1723
-3336
-1001
2518
3207
399
-2848
-3517
-1847
474
1876
1399
-471
-2091
-1563
682
1946
927
-1119
-2033
-1327
-245
308
230
-211
-835
-1126
-497
468
740
369
300
711
695
-385
-1554
-1703
-850
290
500
51
-878
-1386
-404
1014
2782
2163
-970
-1931
-830
488
676
-470
-1625
-2127
-1221
451
1366
705
-828
-1318
-606
300
467
-363
-1311
-1710
-1205
-228
336
134
-570
-957
-533
165
421
219
-454
-922
-704
-263
249
257
-207
-527
-401
332
1111
1950
3289
4952
5805
4395
1515
-460
-257
1248
2018
1370
-93
-1623
-2194
-937
1852
3461
1312
-2789
-4330
-1318
2825
3451
485
-2714
-3411
-1892
252
1917
1809
-119
-1967
-1631
633
2059
1296
-405
-1587
-1831
-1312
-222
623
77
-1484
-2093
-747
1067
1352
450
126
540
370
-668
-1144
-366
67
-775
-1692
-1405
-415
-199
-394
-242
297
514
-49
-360
-159
174
-203
-1299
-1976
-1893
-1196
-514
-373
-714
-1176
-1084
-321
292
131
-715
-1412
-1211
-650
-249
-204
-494
-738
-1005
-643
274
985
845
-150
-600
-114
705
746
378
341
467
468
156
60
597
3027
7004
9790
8587
4310
1002
631
1506
681
-1314
-2617
-3270
-4384
-4438
-692
4363
5035
575
-2981
-1303
2599
3585
1468
-1120
-2915
-3819
-2782
1098
4574
3875
248
-1246
1064
2833
1397
-1076
-2713
-4390
-6195
-5479
-1852
439
-998
-2656
-1104
1983
3149
3511
5330
5479
2001
-2525
-3939
-2134
-1468
-2895
-4281
-3083
-1054
-1144
-1078
1267
3221
1169
-1939
-1688
149
540
-794
-2103
-2449
-2678
-2316
-1216
312
1266
-201
-1555
-577
1056
1042
-791
-1778
-1835
-2169
-2202
-1027
554
146
-1343
-1427
172
1446
710
-196
-5
315
582
372
439
1127
741
38
138
1371
1868
1158
3776
10041
13330
8973
2161
-510
173
-475
-3705
-5098
-3382
-2343
-3473
-2823
3239
8959
6466
4
-2087
127
862
-950
-963
-125
-1799
-3621
-690
6018
8788
4359
-955
-1419
-186
-2133
-4852
-4171
-3019
-5462
-7273
-2471
4653
5390
770
-1200
1647
3340
841
-482
1601
2161
-838
-3407
-1406
1361
-619
-4304
-4513
-2105
-1812
-3464
-2746
224
1018
-670
-179
2668
3226
61
-2826
-2498
-1901
-3382
-4337
-2772
-380
-87
-730
897
2999
2343
-849
-2878
-2379
-2217
-3415
-3544
-1270
111
-347
-204
1575
2939
1798
178
-292
-12
-749
-1410
-368
1271
1732
946
1257
2176
1738
-313
2055
9990
14817
10794
1693
-2374
-581
55
-3006
-4761
-2972
-1523
-2329
-1803
4055
9412
6682
-841
-4075
-2038
-660
-1538
-465
2255
1095
-2013
-134
6924
9778
3805
-3251
-4717
-3066
-3702
-5050
-2681
194
-1996
-5086
-1399
5568
5900
-576
-4639
-3073
-1004
-790
2460
6666
5434
1056
-2110
-484
1306
-2679
-7981
-8387
-5109
-3271
-2188
1046
4673
3640
-63
273
2749
1400
-2898
-5386
-4754
-3899
-3717
-1987
866
2735
1269
-691
549
1539
-62
-3247
-4916
-3658
-2960
-2871
-562
2313
2241
201
-671
-122
182
-1129
-1983
-1030
-264
274
1470
2819
3543
2337
463
366
461
-447
-2620
-1146
7873
16079
15411
6694
-767
-982
319
-2508
-6067
-5833
-3205
-1662
-1506
3158
10795
10363
1447
-5273
-4290
-1346
-2599
-3053
1186
3294
715
-161
5700
11519
6894
-3564
-8188
-5430
-3342
-5173
-4032
1389
2137
-2535
-2525
4027
7157
856
-6447
-5804
-2044
-1095
-119
3343
6321
4642
126
-161
1791
-1345
-7751
-9918
-6110
-2695
-2318
-111
4554
5567
1891
-586
684
726
-3471
-7012
-6149
-2940
-1157
-565
1546
3625
2384
-800
-1677
-519
-1204
-4216
-5217
-2797
-459
-129
63
1697
2068
525
-1439
-2240
-1246
-913
-1479
-555
1267
1873
1830
1934
2651
2347
607
-303
-713
-733
-723
-716
4574
13767
17227
10956
175
-3843
-1306
-1558
-4783
-5921
-3117
513
1246
2633
8033
9529
2303
-6682
-8213
-3004
-1059
-2362
759
6017
6028
2168
2573
7174
5599
-3424
-9486
-7305
-2244
-1563
-1973
2255
5415
1545
-3502
-2328
1100
-1630
-7718
-7501
-1549
1710
4452
10623
13408
8295
-1901
-8097
-6813
-5755
-8986
-10293
-4882
1716
4081
4720
6766
5521
-1711
-7812
-6859
-3002
-2638
-3518
-1242
2165
3159
1817
515
139
-2260
-6281
-6773
-2874
694
753
294
1857
2350
-89
-2545
-2044
-1667
-3236
-4455
-3269
466
1999
2598
2980
2609
2313
296
-693
-88
-412
-1456
-786
595
2636
2257
1610
9547
18102
16765
4684
-7236
-6869
-895
-1204
-4453
-3295
1710
4688
1983
2642
7565
5327
-5573
-12921
-7193
1740
2430
1286
5838
9372
5489
-1005
-390
4265
293
-8789
-9949
-1612
4920
2622
372
3833
3574
-4194
-8988
-5162
-849
-3366
-5818
-600
5919
7029
4542
4517
5679
638
-6524
-7494
-3568
-2115
-4128
-3295
1683
3716
675
-1332
-774
-1540
-4976
-6118
-2260
1634
1665
231
466
1468
86
-3001
-3944
-3401
-3214
-3082
-1221
2175
3334
1306
-883
-1046
-1459
-3247
-4607
-3456
-719
-572
-884
879
2168
2077
262
-555
-69
-770
-1005
-261
1690
2794
2489
1777
1929
2147
252
-1751
1027
11730
18448
12571
-116
-6765
-2482
1458
-1318
-5205
-2813
2613
3056
345
3918
8912
2570
-9509
-11687
-2171
4078
1972
1544
6064
7255
1557
-2338
1618
4911
-2003
-10234
-6943
3336
6233
728
-641
2339
-801
-7971
-7684
-908
479
-4673
-5278
1414
6861
4531
3583
8312
5220
-3331
-7684
-5606
-423
-1014
-6095
-4229
2856
2680
-1919
-2076
184
-2968
-7330
-3575
2724
4071
1319
-416
630
-203
-3485
-5159
-4508
-2262
-1635
-2176
1761
5505
3263
-1287
-3144
-2888
-4041
-5542
-3558
868
1409
-171
765
1795
1285
-436
-2472
-2359
-958
-36
1488
3195
4125
3031
540
449
1423
-442
-3849
33
14104
22298
14456
-576
-7762
-3705
787
-1962
-5394
-998
4749
3502
-658
3389
9555
1736
-12058
-13519
-2998
4090
3502
5358
10253
7963
-1785
-6866
-902
5428
-189
-9175
-6232
4556
7929
2749
1016
2536
-3545
-12766
-10831
-670
3097
-1641
-3442
1938
5750
2865
-702
3346
7595
2094
-5302
-4847
109
273
-3340
-3724
-735
-880
-3837
-2855
762
490
-3974
-4413
540
3254
835
-2109
-1274
34
-1891
-3755
-2704
-1060
-1102
-1794
86
2810
1693
-1417
-2895
-2135
-2366
-3891
-2662
-232
1074
646
-713
-725
-320
-1411
-1664
-641
378
1250
645
2313
3712
1953
801
109
-103
-221
-834
-756
5900
16993
21235
11167
-5939
-10996
-4481
1135
294
-1267
2954
6000
2520
-1776
814
4639
-1114
-11226
-10744
-511
5973
6263
7252
9658
5144
-6093
-10721
-3603
4066
3123
-1675
-1104
4372
5453
1390
-1285
-2218
-6156
-11594
-9466
165
6893
4753
-696
-2341
-314
-596
-148
5476
5522
1507
-2845
-5125
431
3515
-1027
-5278
-4733
-2945
-2474
-2703
345
3524
-168
-3676
-2342
341
463
-1834
-2479
-1468
-717
-1569
-2580
-260
1274
-1330
-2729
-1581
977
1530
-1835
-2763
-2064
-2742
-2199
-379
1092
1066
-1056
-3204
-2268
211
1138
-441
-593
847
1504
2264
1797
2519
2471
-544
-1676
-75
519
4510
13988
20061
14404
-3492
-13707
-6422
3397
4210
16
1442
6596
4096
-5025
-5539
2583
3546
-6560
-11292
-1243
7899
5264
1387
6314
9435
-1044
-12853
-8799
4350
8365
1609
-1673
4218
5553
-2918
-6694
-653
1439
-7291
-13081
-4043
7477
7625
1366
-1620
-416
-2549
-5687
-2623
5574
8218
267
-5063
-1101
2814
-419
-4210
-3105
-793
-2225
-4564
-1536
2706
2708
-1335
-4171
-1845
69
-2534
-3803
-529
1826
-465
-3416
-1938
958
622
-1640
-2082
-456
-372
-1687
-1411
742
1132
-1720
-4204
-3041
348
370
-1183
-1138
74
1555
494
-442
263
646
733
838
1206
1652
1396
652
1429
1778
2321
8229
15367
15536
3560
-10602
-10275
240
6239
3725
1778
5006
4933
-3446
-9001
-3350
3259
277
-5932
-2459
5883
5203
-1458
-1280
5317
5321
-3826
-7642
123
6679
3570
-1246
1377
4905
-452
-7236
-4404
2364
907
-6716
-7781
-494
3654
563
-1637
142
1624
-3270
-3602
6625
9428
3724
-4596
-6629
-365
1493
-2417
-3435
-383
-179
-3075
-4913
-430
2576
-1468
-3455
-1234
1231
176
-3228
-3248
-164
457
-1809
-3624
-1414
610
-955
-1312
-121
1108
-617
-3674
-3037
331
535
-1548
-1750
-1903
-840
-1333
-1466
962
1373
-7
-956
-252
1402
2386
667
55
1641
1675
1008
-34
620
8367
18204
18514
4388
-12419
-12857
214
9152
6599
2493
3974
3523
-3919
-9501
-3466
4451
1034
-6954
-3596
7361
7482
-2284
-5221
2078
5381
-1387
-4472
3450
8709
1765
-6362
-2799
5588
3357
-4942
-4288
2850
2395
-5921
-8421
-1869
1670
-2291
-4121
1394
5136
1269
-1521
26
2922
1512
-3648
-2156
3378
3346
-1555
-3427
-1269
-928
-4174
-5524
-1449
2026
1305
-712
-964
39
-1634
-4830
-4171
-352
1517
-498
-2275
-924
-63
-1397
-2349
-1134
795
169
-1970
-1747
-694
-566
-1278
-2075
-626
97
-863
-1478
-995
91
-262
-343
390
1753
969
-119
387
871
2259
1470
897
468
126
5388
15397
19871
8729
-10150
-15860
-3257
10246
10471
3595
1531
1963
-3459
-9323
-4123
5493
3916
-6132
-7054
4227
9901
1984
-5491
-2730
1807
-696
-2743
4493
11310
4913
-7400
-8517
978
5166
87
-2338
1773
2101
-4516
-8034
-3134
2082
-160
-4241
-1915
3411
3907
-731
-2791
229
1125
-1313
-1528
1780
3397
9
-3689
-2850
-138
-603
-3132
-3195
-229
1387
-66
-1297
-794
-1250
-3434
-4169
-1376
1753
866
-1835
-2833
-1665
-372
-673
-996
-375
-301
-1097
-932
-138
-550
-1492
-2990
-2387
1054
1207
-192
-532
-631
-59
-241
-302
109
580
854
1088
501
884
2462
1570
679
593
5352
15100
17857
5053
-12762
-14939
350
13816
11336
2808
-237
-331
-3787
-7433
-1995
5864
2590
-7486
-7152
5386
11473
2277
-6835
-4191
619
-600
-1180
5461
10488
3338
-7896
-7457
2716
6241
-477
-4699
-263
2429
-2160
-5422
-2212
271
-3370
-6583
-1417
5283
5295
-1679
-4057
6396
6423
-3152
-6719
-3402
4647
5526
-568
-4706
-2453
-1726
-4668
-3299
1439
2524
-2219
-3414
864
2355
-1046
-5067
-5184
-959
777
-1070
-2008
-1218
885
-407
-2259
-565
-399
-1477
-2141
-667
2020
-255
-2733
-2172
-1253
-332
-667
-992
358
1240
-78
-592
-1205
526
2275
931
1701
2147
22
-1157
2093
10623
19864
14444
-5614
-19031
-10311
12653
20952
7950
-3991
-3789
-1458
-4373
-4879
3280
7123
-3550
-12322
-3274
12394
11595
-4713
-11412
-1708
4900
793
-110
6863
8225
-3051
-10436
-781
10214
5626
-6511
-7766
1566
4368
-2179
-4928
-1624
-1175
-5332
-4809
3620
8159
1451
-6620
-5145
1264
3419
97
-729
2326
2325
-436
-1966
-571
-483
-3746
-4946
-968
3383
2176
-2541
-4083
-1507
-509
-2145
-2397
-741
-418
-1935
-2759
-1366
233
-350
-1238
-1015
67
-58
-1701
-1952
-503
-166
-1657
-2680
-602
1255
-412
-1254
-1030
112
843
-385
-1357
-584
1269
1542
1546
1940
1785
136
-1574
1352
7494
14041
15160
3649
-11358
-13272
1157
15659
14377
1945
-5741
-3803
-1109
-1863
-897
3384
1853
-6141
-7011
3807
10831
2950
-7921
-6890
2002
4637
1188
1038
4264
2407
-4179
-3885
4356
7069
-1237
-8255
-4133
3380
2749
-2480
-3518
-1901
-2903
-4392
-43
5808
4321
-3401
-6641
-871
4845
4139
-1345
-2644
1187
2217
276
-1690
-2337
-3528
-4116
-1470
2208
2611
-997
-4121
-3092
27
252
-2098
-3084
-1525
-477
-1067
-1658
-1395
-743
-887
-853
-408
-566
-1157
-1631
-1074
-270
-622
-1000
-1804
-1113
98
-569
-375
37
-122
-870
-1122
698
2648
2614
903
-511
397
1897
2203
3819
11170
17054
7053
-11275
-16416
-319
18299
15380
-814
-7242
-1143
1613
-4182
-3581
6112
6413
-6641
-11299
2165
12981
4023
-9611
-7139
4529
5955
-1347
-1110
6094
4798
-5853
-7453
4449
9877
-269
-9227
-4059
4340
2411
-3648
-3198
-77
-1019
-3409
-1163
4850
3934
-4526
-7227
-384
5522
2337
-3063
-2894
1045
3012
1081
-1306
-1800
-2058
-2976
-1414
2016
2340
-2031
-5223
-3066
572
709
-2127
-3030
-1439
-321
-1025
-2051
-1436
-731
-896
-1435
-617
770
146
-1923
-3153
-1887
175
420
-463
-423
-907
-451
-347
-457
521
-103
-80
-95
704
2296
1865
1532
268
-271
730
3184
10652
15919
8503
-7778
-15564
-4012
13163
15426
3617
-5481
-3214
-16
-2415
-2068
4310
6054
-3440
-9362
-660
9175
5099
-5837
-6776
1649
4736
386
-567
4197
4545
-3260
-6533
1479
7612
1869
-6475
-4883
2032
2442
-1965
-2849
-774
-1920
-5260
-3419
2504
6165
813
-837
7822
4181
-6906
-13129
-6963
7809
11760
3736
-5961
-6148
-2751
-3319
-1610
2631
2055
-2646
-3723
194
2498
-489
-4939
-5940
-842
2475
-591
-3966
-3357
299
959
-571
-808
-709
-1630
-2900
-2141
110
1359
403
-938
-1684
-2518
-1476
-598
-64
2517
1915
885
194
-491
-10
-495
1377
2937
2984
7046
14739
12895
-2809
-16396
-10615
10222
20068
9354
-5069
-6566
-1090
-2083
-4922
1920
10082
2498
-10182
-7007
7222
9952
-2258
-9023
-1863
5432
2456
-1758
2362
7144
711
-8117
-3266
7274
5833
-5060
-7844
49
4122
187
-2856
-643
1543
-1458
-4870
-2814
2476
3428
-264
-1323
1145
1421
-2370
-4032
-1284
1939
2053
-790
-2475
-1513
-379
-748
-939
140
455
-1627
-3241
-2363
-1337
-1545
-1720
-651
204
-920
-3024
-3412
-1726
74
561
-244
-1265
-1070
-1218
-1792
-953
-794
-493
-1053
-566
1079
632
129
-949
-1107
240
1174
1290
1458
1249
893
-284
-447
2484
4345
7471
12263
9523
-2284
-12977
-7964
8272
15287
6944
-3789
-3992
305
-1057
-4283
447
6661
1293
-7871
-4300
6920
7727
-2437
-7183
-393
4335
840
-1917
2201
6086
433
-6397
-2246
5717
3905
-4468
-5580
803
2780
-1569
-3048
435
1567
-2821
-5665
-621
5685
4785
-1009
-3308
-754
547
-1132
-1629
905
1996
-776
-3415
-2247
204
-308
-1972
-1220
737
822
-1325
-2770
-1826
-1029
-1900
-2362
-970
270
-812
-2624
-2184
-1104
-960
-1455
-1449
-260
-345
-1212
-2093
-996
-96
-513
-426
-1520
-772
259
611
1172
671
1048
1066
583
474
220
389
1251
2308
3655
9771
14335
6470
-8330
-14251
-1904
13257
13018
1560
-4988
-1392
946
-3220
-3518
4433
6305
-3465
-8789
524
9655
3765
-6804
-5625
3105
4697
-314
-528
5166
4808
-4181
-7583
670
6875
968
-6187
-2896
3538
1862
-3565
-3377
-425
-1023
-2965
-1276
3913
5609
535
-3835
-1299
2954
1119
-3169
-2399
1175
1583
-737
-2123
-1609
-925
-1778
-2527
-632
1640
287
-2816
-2826
-900
-943
-2474
-2326
-220
256
-1494
-2706
-2181
-860
-716
-1464
-900
-375
-1151
-2040
-1817
146
314
-676
-1881
-1780
-127
-117
889
823
1171
962
566
1870
1695
664
-794
381
4231
12549
16069
5270
-10481
-14496
-199
13709
12319
1448
-4306
-1650
-506
-3587
-2469
4488
4013
-5081
-6548
5037
11562
2089
-8847
-7035
1570
3260
579
2344
6781
4135
-4963
-6477
1679
5508
-1395
-6621
-1781
3890
1384
-3634
-2190
1907
1283
-3030
-4593
256
4118
1683
-1120
-502
672
-1207
-3283
-1111
2550
2292
-1779
-3904
-1431
1392
360
-2133
-1960
-475
-557
-1349
-1042
-519
-1763
-3721
-3388
-908
575
-322
-2014
-1995
-979
-405
-699
-1147
-1152
-1911
-1768
-859
135
497
-1142
-2229
-1108
143
1437
694
-486
1090
1733
2296
1242
23
105
493
1754
3498
10964
15351
6480
-8903
-14116
-1136
12476
10583
-204
-4109
1385
3234
-3351
-4935
1744
2808
-4798
-6022
5808
12137
2045
-9305
-6951
2730
4487
61
793
5685
3762
-4833
-6688
1396
5184
-1531
-6090
-636
4928
1158
-4830
-4379
-1539
-1654
-3051
-628
5109
4670
6923
6871
-2650
-7142
-10563
-4183
6652
8226
1194
-6706
-2956
517
-1511
-2996
-3320
-2599
-267
3466
5121
1437
-3353
-7570
-8463
-1455
2784
1297
-1042
-917
862
-1442
-3762
-4147
-2723
-222
177
1067
1803
616
-2267
-4809
-4015
-1162
1615
1766
989
2244
3110
1904
-434
-514
-162
829
2506
8028
16782
12763
-2735
-15871
-10196
8412
14032
4316
-3772
805
5828
-476
-7558
-3422
2559
-1684
-6534
2129
13550
8173
-7316
-12005
-1551
5657
1118
-1216
5564
9662
1185
-7549
-3866
2572
-946
-7635
-3726
5953
6144
-2583
-6372
-2491
-510
-2179
-1784
2847
5946
1839
-1783
457
2681
-675
-5269
-2790
3568
4864
28
-3817
-3018
-1477
-2053
-2349
-659
1325
908
-771
-537
-512
-2987
-6061
-4964
493
3182
1112
-1540
-1585
-805
-1509
-2439
-2246
-1755
-1440
-769
-293
883
54
-2824
-3724
-2213
285
1675
1622
1552
286
-451
637
1717
2462
1050
1105
1564
5138
13731
13900
2250
-11342
-11541
2327
11031
6678
-1373
-1305
3854
1188
-5468
-4058
2434
1245
-5758
-2447
9024
9763
-1898
-9064
-3156
3997
1979
-1248
2398
7032
2621
-5872
-5007
2114
2151
-4490
-4992
2510
4951
-1235
-5145
-2679
352
-1083
-3445
-555
4759
5588
1522
-350
735
-670
-3787
-3658
430
2840
505
-2263
-1747
508
433
-2716
-4064
-1934
420
1049
693
-78
-2173
-4480
-4332
-1503
724
33
-1591
-1740
-537
185
-462
-1865
-2450
-1920
-1330
-174
741
75
-1532
-3278
-2846
-274
664
899
1136
931
2046
2427
1915
1302
1246
1300
2566
11016
15071
5690
-8577
-11607
1590
9868
4644
-2869
-1216
5790
3595
-4815
-4992
2318
1682
-6892
-5153
7789
10819
-522
-7925
-1458
5603
1141
-4175
245
7252
4398
-4426
-4353
2821
2590
-5853
-7572
990
5108
-1224
-5245
83
4345
-61
-5592
-2810
4415
6027
447
-3234
258
2366
-1178
-3365
-357
2418
-71
-3349
-2159
922
647
-2744
-3901
-937
1534
387
-1275
-598
-742
-3403
-4734
-2194
919
704
-1211
-2038
-686
-61
-1294
-2353
-2163
-915
-1419
-1711
-609
793
333
-1822
-1675
-382
714
481
-514
339
2242
3048
2549
1223
1418
1421
2286
10448
13861
5208
-7384
-10038
1282
8357
4077
-2669
-1136
5049
3109
-3548
-3033
3483
1731
-7641
-6375
5700
9449
946
-5008
318
4915
-512
-5171
-726
5992
3499
-4378
-3582
3551
3392
-4223
-6076
598
2626
-4030
-6246
582
5145
1160
-3218
301
5470
2315
-4748
-4405
2573
5155
-268
-3940
-928
2108
-484
-4230
-2423
922
186
-2629
-1845
1815
1658
-2085
-3298
-985
-255
-2807
-4309
-1882
1040
802
-1208
-1570
-188
-506
-2584
-2894
-1276
-586
-1138
-1597
-111
700
-661
-1571
-1831
-673
125
3
602
1632
3210
3849
3111
1832
538
-145
3871
11493
10753
767
-7742
-4810
3870
4938
210
-1219
2378
3118
-1453
-3118
2663
5791
-1875
-8769
-2974
6035
4908
-825
717
5763
2197
-5385
-4532
2840
4488
-2324
-5277
716
4923
90
-5300
-2531
1501
-2285
-7059
-2184
5388
4412
-1571
-2091
3066
3917
-1130
-3591
-325
2253
-351
-3197
-719
2812
902
-3305
-3217
-316
-648
-3095
-2352
1234
2175
-771
-2374
-737
315
-1783
-4078
-3023
-767
-860
-1475
-735
1012
465
-2631
-2853
-1272
-237
-1475
-2866
-884
1077
189
-841
-138
322
-359
-1969
-784
1983
3168
3032
2063
2498
2696
709
3031
10451
10875
1249
-7797
-4193
4675
4246
-1956
-2366
3684
4254
-1846
-3749
2914
6766
-1934
-9602
-3174
6294
4898
-1186
1291
7148
2418
-6396
-4675
3924
4695
-3504
-5885
1369
5482
-25
-5258
-1711
1791
-3469
-8310
-2678
4768
3133
-3693
-2020
3657
6413
8077
1674
-1424
-3227
-7272
-4779
-290
2875
-569
-3258
-302
2162
1403
-2098
-2573
-1822
-3342
-2369
-284
1842
3387
-284
-3333
-3844
-3149
-2307
-2749
-1262
-127
-403
-855
-459
1063
285
-3080
-3916
-2665
-2017
-693
-91
722
1281
1624
1865
1049
1113
1178
1657
1986
1712
2054
6050
11116
8893
-563
-7413
-3124
2726
985
-2241
618
5293
3469
-728
629
5918
3688
-6532
-9757
-1469
5397
2865
-456
3803
7496
1422
-4469
-503
4433
-503
-8089
-5288
3438
4756
-1312
-2967
1605
2032
-4215
-6576
-276
3351
-84
-1760
1319
4653
1459
-3438
-928
2561
72
-4674
-4007
1204
2241
-1454
-2726
586
1483
-2138
-2981
66
1819
-766
-3889
-1972
1023
-151
-2881
-2941
-813
-582
-2452
-2181
-289
245
-1542
-2509
-266
335
-1674
-3219
-1986
353
-32
-1361
-744
457
559
-196
-21
1978
2572
2218
2176
2289
1945
141
3480
9753
8996
1388
-5702
-3133
2017
558
-1777
446
4129
1804
-2400
455
6612
5549
-3590
-7776
-1315
3812
1788
229
3713
5538
-364
-4520
187
4743
385
-6339
-4415
1725
1776
-2083
-1702
2214
1473
-4166
-4425
1289
3211
-575
-2864
1381
4712
1398
-1940
-325
2099
-724
-4494
-2966
456
152
-2850
-2206
1419
1682
-1265
-2611
-623
613
-1493
-2534
-566
768
-776
-2722
-1859
-316
-896
-2470
-2046
-549
-838
-1672
-1706
-672
-429
-1936
-2219
-815
159
-502
-1334
-608
29
-356
-312
987
2580
2835
2635
2864
2737
905
788
6293
8782
4064
-2868
-4129
932
1671
-1274
-656
2603
2137
-1830
-1209
4918
6998
-66
-6484
-2918
3113
2150
-694
1574
5028
1841
-3228
-685
4575
2239
-5035
-5545
431
2199
-1431
-2378
1027
1551
-2927
-4173
564
2632
-1732
-4276
-1066
4481
5490
3461
4441
2179
-2156
-5651
-5186
-2002
-2748
-4202
-2915
1130
2875
1915
1858
1553
-416
-3590
-4776
-2326
-819
-1278
-1153
-850
-330
-660
-434
43
-1010
-2613
-3737
-2427
-628
-23
-143
-923
-686
-752
-576
-502
-968
-1521
-2544
-1171
1327
3412
3663
3671
4302
3298
1743
3826
7436
5055
-1374
-5384
-2254
1272
370
399
2970
3874
58
-2499
770
5158
2583
-4089
-4896
75
2130
546
2269
6026
4344
-2279
-3037
3054
4346
-2101
-6097
-2254
1189
-871
-2071
1135
2603
-1318
-4709
-1114
3429
1676
-1860
-1429
1937
1154
-1745
-480
2736
2593
-1451
-2614
-500
-424
-2594
-2943
-602
84
-1580
-1561
855
1911
160
-1553
-1185
-1016
-2090
-2706
-2045
-1418
-1855
-1328
104
769
-317
-1529
-1116
-955
-1034
-1606
-1698
-1106
-1506
-945
164
496
-153
-1292
-451
1049
1090
851
995
1935
1982
1745
1874
2604
6332
7336
3932
-374
-2487
-1078
-1317
-1917
450
2466
1093
-1081
578
4394
4598
485
-3164
-2531
-639
-852
463
3681
3857
-379
-2647
1838
5939
2244
-3999
-4252
-795
-616
-2139
-532
1494
-235
-2536
-422
4226
3678
-1736
-2977
-639
-233
-1609
-1279
1547
2150
-384
-1113
1240
1313
-2008
-3600
-2162
-802
-1440
-1881
295
1912
302
-1264
-782
-267
-1350
-2355
-2024
-1809
-2591
-2647
-488
1216
302
-1003
-909
-311
-437
-1239
-1313
-1314
-2143
-1971
-750
589
1156
478
353
634
962
1120
1097
1290
1238
1000
785
4316
7883
6068
1711
-1735
-1248
-490
-1410
-639
994
224
-1830
-1178
2960
6262
4087
-935
-3241
-2045
-724
604
2359
2035
-903
-2432
1670
6319
4020
-2285
-4611
-2144
-639
-1418
-968
117
-995
-2193
564
4487
3584
-778
-2285
-573
5
-1100
-1304
-272
-391
-813
476
1955
1039
-1709
-2524
-847
-137
-1551
-2475
-1370
17
122
255
857
123
-1710
-2322
-1242
-962
-2392
-2990
-1780
-550
-267
-2
463
205
-779
-830
-215
-859
-2169
-2437
-1261
-26
571
404
641
1267
1770
2174
2209
1553
391
-687
691
5287
6201
3334
246
-851
112
-369
-30
1828
1416
-1937
-3464
-286
4019
4585
1262
-1849
-2049
-770
761
2861
2639
-978
-4130
-1772
4267
5484
912
-2747
-1682
216
-653
-1073
-295
-1703
-3663
-1621
3557
5023
520
-2828
-1927
-131
-65
-526
-364
-1359
-2233
-685
2113
2634
-150
-2411
-1778
-279
-35
-813
-960
-1079
-1862
-1351
502
1315
-89
-1747
-1437
-659
-1480
-2369
-1861
-910
-644
-573
256
964
339
-529
-490
-530
-1339
-1854
-983
-18
149
-332
-333
514
1710
2510
2182
1452
674
299
608
3265
5090
3491
768
-795
-55
135
775
2397
1910
-1411
-3823
-1554
2719
4442
2178
-1390
-3015
-1959
709
3326
3171
-549
-4059
-2763
2578
4774
1456
-2144
-2095
-250
121
166
446
-678
-2675
-1652
1822
2571
-267
-3095
-2030
399
941
131
-685
-1385
-1713
-430
1093
1072
-1004
-2586
-1367
1012
1582
-255
-2026
-1980
-720
136
190
-580
-1761
-1913
-381
929
-142
-2439
-2892
-1109
631
904
-109
-948
-848
78
752
465
-757
-1611
-1301
-472
656
819
402
44
690
1792
1837
968
-47
116
1235
3460
4320
2858
927
-397
-739
-820
718
2751
1890
-1535
-2866
35
3446
3744
1055
-1917
-3180
-1873
1323
3594
2120
-1939
-3825
-894
3508
3551
-319
-2784
-1520
549
778
517
-104
-1798
-2879
-476
3066
2539
-1121
-3013
-936
1113
699
-729
-1838
-2230
-1809
144
1818
989
-1422
-2245
-511
1316
1063
-793
-2055
-1678
-490
218
9
-821
-1473
-1210
-54
594
-494
-2179
-2446
-1161
-51
163
-95
-259
71
740
1229
454
-894
-1338
-610
174
97
133
375
870
1119
1276
1603
1199
592
688
2172
3191
2379
904
-269
-1033
-1384
183
2824
3054
108
-2475
-1255
2172
3619
1919
-1112
-2993
-2200
735
3386
2570
-1215
-3720
-1872
2244
3564
918
-2167
-2489
-965
447
1346
1262
-340
-1938
-533
2290
2022
-1313
-3265
-1680
264
508
-137
-944
-1442
-898
1025
1909
21
-2575
-2876
-660
1101
623
-1109
-2105
-1192
739
1843
1062
-819
-1795
-1078
259
450
-1096
-2650
-2344
-377
1130
999
-47
-898
-868
72
1013
533
-862
-1441
-432
798
998
603
249
548
1025
1207
1102
675
191
367
1871
3273
2926
1366
-129
-1172
-1355
372
2537
1903
-1211
-2816
-807
2514
3939
2518
-564
-2856
-2015
1296
3409
1720
-2058
-3799
-1511
2489
3873
1400
-1917
-2561
-872
797
1383
706
-1041
-2297
-582
2279
2049
-1211
-2917
-1022
838
732
-231
-1109
-1834
-1445
848
1968
-44
-2572
-2248
82
1019
-11
-1553
-2224
-1379
391
1322
603
-661
-995
-376
350
387
-987
-2427
-2018
-37
1026
316
-522
-409
12
258
566
230
-511
-1011
-383
467
456
370
496
1076
1141
1011
962
597
536
1193
2306
2379
1634
923
-278
-1701
-1017
1989
3157
306
-2801
-2081
956
3001
2902
958
-1937
-3233
-623
3350
3881
148
-3539
-3202
457
3393
2605
-650
-2656
-1861
24
1413
1841
499
-2216
-2907
39
2534
1014
-1599
-1328
66
-72
-424
57
-258
-1395
-863
714
469
-1125
-1324
-121
265
-278
-745
-1047
-963
-134
549
-87
-1012
-766
-81
82
84
-33
-884
-1551
-766
323
5
-767
-352
306
86
-226
117
189
-268
-138
324
63
-531
5
1207
1388
693
213
145
192
838
2173
2694
1979
1160
260
-1316
-2062
212
3011
2028
-1399
-2617
-653
1573
2463
1816
-875
-3581
-2626
1639
4155
2117
-1503
-2940
-1290
1725
3113
1254
-1908
-2796
-1048
841
1745
1582
-71
-2016
-1485
993
1185
-1165
-1847
-128
508
-468
-327
381
-102
-256
910
861
-1309
-2095
-376
690
-87
-903
-1073
-1214
-571
897
879
-837
-1543
-414
529
403
70
-697
-1710
-1209
610
1124
-248
-920
-115
302
30
160
244
-565
-992
62
1043
588
-24
352
700
410
429
931
767
238
727
1800
2174
1791
853
-1159
-2771
-1051
2565
3137
-189
-2797
-1754
856
2545
2527
331
-2932
-3735
-338
3436
3086
-547
-3355
-2716
510
3116
2366
-896
-2604
-1209
783
1524
1281
106
-1940
-2397
157
2168
698
-1700
-1736
-508
38
465
579
-521
-1395
-355
1119
871
-93
-404
-686
-844
-22
728
-248
-1602
-1175
-35
83
-174
61
115
-169
85
436
-118
-741
-381
162
50
-30
193
-67
-354
409
1199
559
-582
-647
-57
146
367
799
625
-3
8
773
1062
629
498
905
1406
1516
825
-1018
-2818
-1852
1545
3423
1444
-1867
-2595
-559
1956
2930
1275
-2108
-4154
-2141
2058
3639
1122
-2523
-3554
-1292
1814
2734
531
-2191
-2491
-537
1585
2366
1475
-727
-2504
-1826
464
1529
452
-1122
-1712
-1236
-69
910
606
-621
-1171
-477
439
753
544
-87
-792
-698
241
793
205
-621
-558
151
584
334
-264
-549
-304
51
58
-164
-246
-179
5
388
633
206
-550
-459
605
1307
767
-332
-795
-375
403
879
692
78
-427
-218
628
1232
959
285
462
1425
1450
-393
-2380
-1858
761
2417
1366
-1075
-2229
-1090
1249
2731
1779
-1123
-3401
-2355
1286
3471
1561
-2425
-4034
-1814
1471
2585
1036
-1386
-2484
-1466
798
2591
1913
-445
-2265
-2028
50
1208
964
-152
-1387
-1353
-513
809
1128
17
-1001
-1401
-516
467
735
300
-1016
-1348
-603
460
996
128
-548
-609
-38
801
622
148
-293
-438
-201
-149
1
-215
-470
-122
362
384
-219
-282
363
834
741
257
-89
-244
89
635
737
382
94
347
692
845
599
426
1053
1765
1283
-987
-2709
-1387
1471
2625
754
-1735
-2228
-601
1864
2864
1285
-1814
-3466
-1449
2093
3353
801
-2827
-3467
-910
1935
2183
244
-1611
-2265
-1088
1217
2677
1180
-2372
-3777
-1559
1661
2369
399
-1658
-2306
-942
1334
2413
1013
-1815
-2752
-1030
1304
1911
242
-1658
-2157
-844
960
1322
288
-1101
-1395
-276
1094
1487
284
-996
-823
227
749
131
-582
-658
-204
490
635
-20
-866
-797
408
1336
1031
-73
-777
-356
594
1212
984
29
-588
-148
935
1492
953
407
813
1530
1122
-725
-2057
-1229
903
2026
939
-1016
-1874
-720
1560
2735
1427
-1550
-3226
-1678
1503
3030
1147
-2076
-3173
-1266
1407
2180
756
-1311
-2247
-1094
1428
2723
857
-2367
-3387
-1032
1885
2180
19
-2337
-2610
-521
1945
2313
-28
-2479
-2354
157
2283
1738
-644
-2442
-1871
369
1745
978
-1001
-1947
-902
933
1781
648
-1215
-1656
-250
1259
939
-609
-1508
-981
452
1328
817
-678
-1612
-553
1267
1770
500
-1072
-1092
91
1326
1548
423
-850
-1065
321
1830
1603
197
-510
741
2378
1956
-457
-2497
-1788
752
2282
1403
-981
-2248
-1076
1551
3182
1825
-1379
-3354
-1935
1511
3067
1101
-2172
-3143
-1025
1624
2511
1123
-1224
-2515
-1471
1237
2520
699
-2333
-3327
-1103
1760
2487
605
-1932
-2405
-658
1412
1545
-375
-1993
-1737
254
1874
1342
-670
-2203
-1498
468
1434
627
-988
-1424
-355
1042
1281
-28
-1237
-1072
243
1123
580
-658
-1422
-774
651
1383
559
-1093
-1573
-412
1167
1504
331
-846
-926
150
1188
1214
382
-688
-815
174
1282
1334
327
101
1110
1784
693
-1362
-1830
-338
1444
1768
301
-1431
-1865
-200
2199
2684
573
-2327
-3000
-624
2315
2823
206
-2608
-2688
-405
1828
2009
467
-1402
-2125
-738
1405
2052
366
-1864
-2193
-765
808
1094
171
-725
-939
-317
373
493
158
-451
-606
-212
203
184
-292
-324
-18
-53
-363
-558
-249
19
100
217
3
-305
-280
363
932
377
-590
-1075
-724
65
436
421
-138
-734
-565
210
1071
906
-61
-747
-685
211
836
743
150
-447
-175
478
977
852
438
760
1232
1055
-244
-1531
-1064
501
1675
1131
-595
-1675
-1248
690
2211
1577
-737
-2611
-1809
744
2418
1604
-994
-2551
-1758
424
1883
1304
-359
-1747
-1491
446
2063
1740
-414
-2051
-1624
-199
808
565
-279
-803
-711
7
488
341
-164
-497
-248
107
226
-3
-292
-203
-51
-116
-378
-448
-116
196
311
148
-199
-377
-89
573
776
135
-720
-909
-222
571
789
265
-545
-900
-522
416
1063
794
-100
-750
-389
550
1065
629
-328
-776
-352
421
845
669
343
440
880
1029
242
-945
-1194
-177
1109
1156
-130
-1373
-1310
216
1656
1521
-231
-2014
-1932
-121
1696
1658
-245
-2026
-2013
-224
1438
1497
111
-1345
-1380
34
1812
2086
351
-1936
-2855
-1329
1029
2098
918
-1369
-2196
-966
1178
2061
821
-1159
-2229
-1123
1112
2191
1042
-1325
-2241
-919
1103
1885
703
-983
-1559
-552
1008
1451
510
-777
-1127
-257
759
831
-26
-814
-654
133
570
354
-191
-361
91
646
814
233
-506
-543
67
795
732
56
-351
-210
432
788
873
947
757
361
-419
-835
-512
168
810
611
-158
-876
-783
353
1249
990
-473
-1766
-1449
52
1342
1011
-532
-1706
-1541
-221
910
985
-44
-1201
-1329
-120
1473
1755
436
-1538
-2237
-1104
579
1463
564
-918
-1698
-1070
552
1364
835
-710
-1659
-943
525
1436
757
-769
-1578
-1019
417
1303
880
-220
-859
-391
609
1070
690
-112
-585
-435
19
368
302
-22
-211
-76
181
157
-92
-164
123
443
337
-25
-154
173
648
778
527
92
-145
-60
259
558
642
812
951
828
149
-694
-749
-31
753
577
-387
-1084
-870
244
1244
1258
91
-1334
-1501
-203
1238
1221
-233
-1613
-1708
-617
583
906
130
-1016
-1405
-505
947
1611
892
-693
-1925
-1866
-490
1164
1622
386
-1456
-2092
-816
1141
1850
560
-1513
-2328
-1030
1208
2173
786
-1634
-2640
-1185
1236
2217
987
-1024
-1811
-697
1213
2145
1242
-640
-1696
-956
679
1455
658
-749
-1331
-677
453
1021
681
-65
-419
-85
470
646
338
-31
-119
88
383
530
439
195
98
329
781
1145
1115
633
-160
-773
-677
97
846
774
-80
-883
-833
99
1034
1044
6
-1147
-1296
-302
845
1009
42
-1168
-1600
-938
193
772
328
-599
-934
-205
926
1347
569
-802
-1618
-1184
123
1094
796
-448
-1335
-954
276
1097
717
-482
-1380
-1141
10
964
736
-501
-1522
-1266
39
1102
934
-190
-1091
-910
117
1004
989
170
-652
-720
-28
684
688
32
-568
-556
-69
346
364
106
-102
-74
119
263
224
89
65
249
467
435
132
-89
94
521
738
582
412
550
801
753
279
-259
-433
-146
304
474
166
-379
-547
-14
781
992
293
-638
-898
-341
345
456
-80
-808
-1135
-740
145
724
382
-512
-862
-184
684
615
-383
-1190
-956
11
731
584
-197
-854
-750
12
619
348
-549
-1052
-544
434
764
55
-962
-1278
-653
220
529
87
-619
-903
-445
389
806
390
-387
-661
-134
591
713
130
-560
-722
-280
285
442
116
-248
-223
177
524
438
-7
-402
-356
158
645
592
58
-320
-75
527
845
580
112
-1
386
943
1104
602
-200
-575
-111
737
1044
424
-538
-855
-242
648
957
423
-395
-784
-477
200
540
143
-679
-1154
-798
60
640
483
-174
-640
-483
200
821
770
61
-758
-949
-385
381
659
176
-571
-958
-621
139
651
481
-252
-835
-708
7
585
417
-353
-1044
-1113
-526
175
373
-53
-617
-620
-17
590
660
209
-310
-527
-326
123
405
215
-301
-590
-333
164
421
285
-14
-214
-165
147
468
421
-34
-407
-268
184
436
296
25
-88
33
367
786
980
730
211
-120
-46
225
423
446
310
46
-200
-177
155
490
462
77
-300
-362
-126
188
318
87
-404
-736
-548
-23
268
84
-234
-249
42
309
329
139
-90
-201
-107
94
163
16
-187
-232
-121
-21
8
33
82
73
-61
-226
-273
-208
-170
-242
-360
-429
-396
-246
-47
104
99
-31
-101
-23
104
140
46
-102
-228
-248
-102
140
250
78
-204
-265
-25
263
319
109
-187
-340
-187
199
461
272
-255
-565
-305
234
472
220
-206
-352
-29
575
1021
902
269
-341
-375
127
545
426
-55
-357
-172
301
644
575
141
-316
-430
-146
190
237
-1
-290
-402
-311
-141
-7
-1
-124
-258
-255
-47
244
417
327
25
-237
-223
97
440
452
53
-436
-559
-184
332
516
240
-222
-473
-316
97
325
40
-558
-894
-597
46
413
220
-265
-536
-332
182
545
401
-150
-594
-499
18
413
329
-62
-304
-156
209
450
350
-26
-344
-309
15
257
155
-126
-255
-131
52
72
-96
-294
-311
-58
278
398
219
-13
-10
196
367
320
98
-94
-65
181
414
397
161
-30
39
264
352
164
-158
-348
-270
-36
128
87
-97
-244
-240
-136
-79
-127
-176
-109
27
67
-56
-177
-77
215
415
284
-67
-302
-194
163
434
350
-54
-416
-358
89
455
336
-147
-476
-339
72
325
184
-196
-480
-431
-97
205
186
-109
-359
-313
-34
196
166
-63
-276
-303
-129
93
180
55
-171
-294
-225
-55
67
36
-102
-211
-183
-46
46
0
-110
-164
-129
-48
35
98
108
67
26
53
136
180
138
72
58
103
172
243
296
287
209
140
168
258
289
204
96
96
190
257
229
141
59
24
55
110
108
3
-107
-82
61
158
101
-30
-99
-74
-24
4
-7
-76
-187
-256
-208
-94
-51
-132
-234
-243
-164
-73
-22
-22
-87
-188
-222
-136
-25
-44
-196
-308
-262
-124
-18
0
-48
-122
-176
-141
-27
52
-3
-144
-217
-163
-68
-1
28
19
-34
-96
-78
25
106
73
-54
-143
-104
48
203
247
168
45
-21
14
92
130
92
29
30
127
252
312
268
180
123
120
147
169
189
204
190
142
88
74
103
145
153
107
28
-24
-6
56
86
41
-32
-62
-12
68
108
66
-26
-97
-114
-94
-85
-115
-171
-208
-202
-168
-139
-121
-111
-111
-122
-137
-139
-141
-159
-187
-195
-164
-120
-82
-61
-51
-38
-27
-28
-55
-100
-131
-118
-84
-71
-91
-120
-111
-55
19
51
26
-20
-35
11
73
79
20
-46
-46
29
126
160
106
35
16
60
120
127
79
32
33
93
168
205
192
161
147
165
196
202
172
128
102
100
104
99
75
34
-19
-59
-77
-76
-64
-56
-55
-50
-40
-35
-37
-50
-71
-86
-85
-71
-53
-38
-46
-76
-118
-156
-180
-195
-202
-200
-181
-150
-114
-91
-92
-105
-122
-130
-133
-140
-147
-137
-102
-48
13
58
75
74
56
29
-1
-31
-54
-56
-44
-24
2
25
40
48
55
58
48
30
17
15
29
55
75
83
79
70
74
92
100
78
36
4
3
29
51
51
37
40
67
117
151
146
106
54
23
23
31
32
27
18
5
-9
-18
-24
-44
-75
-103
-119
-117
-96
-69
-50
-39
-32
-18
15
45
44
10
-30
-54
-53
-33
-22
-33
-58
-79
-78
-67
-65
-78
-96
-99
-80
-45
-14
-12
-38
-50
-36
-5
24
45
64
72
69
77
85
69
23
-23
-43
-57
-80
-101
-96
-76
-60
-45
-22
-2
6
4
18
47
60
52
49
62
74
73
56
32
8
-8
-2
22
44
35
6
-2
19
44
60
69
69
63
64
78
96
100
77
42
19
21
30
42
50
43
15
-14
-22
-14
-18
-37
-56
-63
-56
-40
-20
3
7
-13
-33
-31
-20
-19
-27
-23
3
29
45
57
60
33
-4
-27
-32
-38
-67
-102
-118
-118
-108
-87
-61
-48
-51
-52
-44
-32
-38
-60
-77
-67
-49
-40
-36
-30
-22
-21
-35
-55
-61
-59
-58
-46
-19
11
39
62
84
101
100
75
45
39
58
78
94
103
100
86
70
73
85
80
52
22
20
50
85
110
116
96
63
38
44
59
55
23
-24
-55
-44
1
37
39
16
-6
-8
2
13
16
-9
-66
-110
-98
-54
-27
-28
-33
-32
-28
-18
2
16
-3
-44
-52
-24
5
7
-7
-14
-9
-5
-4
-10
-23
-44
-60
-52
-29
-15
-20
-31
-39
-42
-37
-30
-24
-15
-7
-9
-17
-26
-26
-16
-16
-29
-44
-44
-29
-11
1
8
8
7
13
29
57
67
60
56
61
68
59
36
26
31
27
16
10
13
22
28
35
47
47
37
33
41
51
43
16
-10
-13
2
14
14
15
19
27
38
48
50
36
11
-2
-1
2
-5
-6
-1
5
13
19
21
18
7
-3
0
6
0
-14
-26
-25
-18
-20
-23
-26
-25
-14
-8
-9
-7
-3
3
17
30
31
21
7
-3
-5
-9
-20
-29
-27
-22
-10
-4
-7
-17
-27
-30
-20
-16
-29
-45
-43
-28
-2
20
30
33
37
41
50
53
49
38
24
21
24
21
15
8
6
10
16
19
21
23
24
22
15
8
-3
-12
-12
-11
-3
6
10
15
23
27
28
26
19
13
12
8
6
11
12
8
10
15
21
24
24
25
33
35
31
19
13
17
18
15
8
9
6
4
5
3
5
3
0
3
4
1
-7
-7
-2
3
10
12
13
15
17
16
13
4
-2
-6
-6
-6
-15
-27
-31
-27
-15
1
8
4
-3
-8
-5
3
7
9
10
10
5
1
-1
-6
-13
-17
-19
-13
-7
-2
1
-4
-10
-11
-17
-23
-25
-22
-26
-25
-20
-12
-5
3
11
17
20
18
15
15
11
3
0
3
12
13
15
18
25
27
25
21
18
13
6
-2
-7
-6
-6
-5
1
16
30
36
37
33
28
16
4
-1
-6
-14
-12
-8
-5
-1
0
-2
-5
-11
-18
-25
-29
-24
-9
5
11
13
8
6
8
9
11
9
2
-4
-4
10
20
22
19
10
0
-4
-2
-6
-11
-17
-11
-8
-5
-7
-17
-27
-39
-50
-49
-51
-51
-43
-32
-23
-18
-18
-17
-18
-17
-22
-29
-31
-26
-20
-16
-6
8
13
12
15
18
16
8
0
3
3
4
6
10
16
23
29
34
31
22
14
9
15
19
18
21
22
23
30
36
36
27
19
15
14
17
22
26
26
24
19
15
14
13
9
8
10
8
5
10
15
18
20
14
2
-8
-12
-19
-22
-14
-10
-6
1
3
2
-12
-24
-30
-35
-36
-36
-40
-47
-46
-36
-27
-31
-40
-50
-56
-56
-58
-58
-54
-55
-46
-30
-22
-11
-7
-14
-14
-10
-9
-2
6
13
19
21
27
35
31
26
21
16
17
16
17
22
24
24
20
18
27
29
21
11
2
2
11
13
7
4
2
5
14
20
19
17
14
18
25
28
26
23
20
22
26
27
22
15
16
23
34
42
37
27
16
5
9
17
21
19
11
8
7
7
4
-7
-18
-23
-21
-15
-12
-18
-23
-27
-29
-34
-40
-47
-49
-46
-35
-26
-23
-35
-49
-49
-44
-45
-44
-42
-41
-34
-32
-29
-24
-26
-30
-43
-58
-63
-54
-43
-35
-29
-19
-10
-7
-7
-11
-19
-27
-33
-36
-29
-23
-23
-23
-19
-8
6
12
3
-2
4
10
12
14
14
11
5
8
20
27
31
35
39
49
53
51
51
51
45
45
47
48
48
43
39
44
41
31
21
16
16
14
10
4
-2
-2
-1
5
13
8
-4
-9
-10
-12
-10
-13
-28
-41
-49
-52
-49
-53
-60
-61
-55
-49
-47
-46
-40
-38
-36
-31
-22
-17
-14
-15
-17
-17
-19
-21
-24
-29
-32
-40
-39
-29
-19
-11
-17
-27
-34
-38
-41
-44
-48
-48
-47
-41
-27
-18
-18
-21
-26
-31
-37
-41
-33
-24
-16
-6
5
15
20
16
10
4
-3
-5
-2
13
34
48
58
68
69
70
72
69
64
59
57
57
57
56
52
46
34
28
32
29
28
34
31
26
25
22
18
9
0
-2
1
3
3
-1
-6
-13
-21
-27
-29
-31
-33
-27
-14
-7
-2
7
3
-1
-2
-11
-12
-9
-11
-10
-8
-7
-8
-1
6
2
-3
-8
-16
-17
-17
-22
-23
-22
-22
-20
-18
-14
-15
-13
-10
-5
-1
-2
-7
-6
-2
-2
-4
-7
-11
-8
-1
10
11
1
0
3
8
14
10
5
10
14
25
39
42
33
23
20
20
21
26
24
18
20
26
29
25
13
6
5
2
-6
-6
2
5
4
11
15
15
14
8
6
7
4
-3
-1
3
9
16
11
10
21
25
26
25
16
10
9
11
16
19
13
5
5
14
21
18
12
6
3
5
1
-5
-8
-6
-4
0
1
2
1
3
5
2
-3
-1
-2
-4
-3
0
0
-2
-7
-5
-5
-6
-8
-13
-15
-12
-5
-5
-10
-12
-7
-3
-4
-5
-7
-6
-1
7
12
10
5
2
0
2
4
3
-1
-1
1
1
4
4
0
0
1
5
10
9
4
3
0
7
12
11
13
8
2
-2
-4
-1
3
8
16
18
14
12
10
13
18
16
10
3
4
12
14
15
17
16
21
24
16
6
-6
-18
-19
-18
-12
-6
-9
-10
-7
-6
-7
-11
-15
-21
-25
-20
-12
-7
-10
-5
5
12
7
-2
-5
-5
-6
-3
-4
-8
-6
-6
1
7
8
4
-4
-8
-2
-3
-8
-13
-15
-13
-8
-5
-2
-4
-10
-16
-21
-23
-28
-31
-29
-30
-30
-23
-12
-4
-4
-7
-10
-10
-8
-4
2
1
-5
-8
-2
5
5
6
5
2
9
15
16
17
13
14
19
25
27
26
20
17
22
30
36
36
28
21
18
17
13
9
2
-6
-10
-12
-12
-12
-8
-4
0
5
4
-2
-5
-4
-5
-2
4
5
3
8
11
4
-5
-12
-14
-9
-3
-1
-6
-11
-10
-2
1
-1
-10
-14
-11
-7
-4
-3
0
-3
-2
0
-4
-12
-21
-26
-31
-40
-44
-41
-34
-29
-20
-12
-5
-4
-7
-9
-13
-18
-20
-23
-19
-16
-13
-6
-5
-2
6
11
11
10
6
7
15
23
34
31
20
12
9
15
19
18
16
12
18
26
28
28
18
12
13
12
12
19
23
14
11
16
19
24
17
18
16
2
0
0
1
9
4
10
18
14
20
13
2
8
18
7
-37
-23
47
47
24
28
29
5
-26
-41
-63
-91
-57
11
21
22
52
61
45
-1
-38
-42
-67
-101
-96
-60
-31
-23
-4
-29
-93
-81
-53
-65
-83
-59
-27
-46
-28
-13
0
51
52
-13
-60
-55
-40
17
67
27
-6
14
10
-37
-45
-51
-34
37
-16
-41
89
69
3
64
83
38
-23
-163
96
113
26
-119
310
3488
2988
-1994
-2661
-355
-576
-2132
-871
1390
107
-663
2586
3078
-1188
-2171
332
-449
-2622
-1201
1580
736
-1250
898
3004
548
-1490
203
708
-1894
-2252
594
1431
-121
97
1803
1139
-1091
-990
454
-176
-1565
-791
634
332
-260
450
1123
363
-693
-426
145
-447
-1125
-382
480
386
78
424
1059
487
-530
-395
18
-516
-798
-8
543
89
-276
274
842
177
-456
128
250
-410
-570
84
393
-110
-326
268
405
-274
-379
301
241
-457
-261
351
245
-410
-175
374
-24
-554
-149
343
83
-182
69
346
-65
-333
31
370
-100
-470
113
477
7
-183
286
243
-83
-95
98
30
-224
-114
148
64
-85
111
179
149
119
12
-60
-31
-169
-279
-30
116
-70
-111
111
181
51
-48
53
29
-250
-216
115
94
-27
31
146
94
-46
-17
53
-99
-291
-124
101
79
26
133
123
-81
-183
-93
-85
-169
-83
41
-19
63
301
275
-44
-148
-62
-184
-177
99
12
-395
-103
399
286
-1
96
106
-322
-397
70
45
-362
-29
500
295
-145
32
326
64
-271
-174
-77
-203
-63
290
164
-31
134
267
62
-120
22
-138
-410
-148
305
137
-123
207
338
-39
-110
56
-116
-317
-125
175
40
-127
206
429
67
-97
88
-42
-299
-168
22
-74
-107
137
295
64
10
185
37
-283
-102
16
-255
-170
144
81
-226
17
293
94
-213
-2
198
-132
-221
104
173
-144
-52
250
165
-159
-55
192
66
-236
-173
132
56
-130
-57
161
-8
-269
-142
101
-27
-281
-98
164
12
-171
77
209
-76
-195
137
303
-10
-190
38
163
-68
-135
89
111
-116
-97
219
251
-60
-172
36
78
-158
-195
28
105
-77
-74
165
158
-93
-141
66
60
-109
-59
131
44
-100
59
190
28
-88
48
61
-86
-87
49
38
-19
63
129
79
34
15
-48
-61
-31
-68
-84
37
78
-35
-19
129
63
-132
-58
104
-19
-179
-9
153
-18
-124
75
137
-90
-152
48
90
-80
-73
99
77
-81
-46
98
66
-51
-39
28
24
-26
-57
-53
3
16
-59
-71
21
46
-49
-45
65
32
-91
-33
89
8
-115
-14
110
-7
-120
-2
86
-40
-108
16
81
-22
-69
27
78
-8
-73
-23
25
-21
-86
-54
16
10
-16
30
69
37
4
14
7
-36
-45
-19
2
23
62
76
62
69
68
24
-17
-17
-18
-37
-29
13
41
48
50
50
37
7
-26
-52
-53
-35
-20
-5
18
43
54
39
13
-7
-13
-18
-29
-37
-22
11
34
30
22
33
38
12
-21
-16
7
3
-19
-9
20
13
-16
-24
-8
-1
-21
-45
-37
-17
-39
-77
-50
1
-8
-23
23
61
26
-18
-18
-20
-54
-73
-53
-27
-19
1
29
37
37
29
17
13
4
-19
-42
-40
-29
-31
-18
13
36
42
51
59
43
2
-34
-44
-54
-63
-32
26
52
51
63
73
42
-17
-44
-47
-61
-49
4
54
76
84
94
70
20
-9
-20
-41
-55
-29
7
15
22
45
56
40
20
17
7
-23
-37
-23
-13
-17
-9
16
31
23
17
19
12
-3
-12
-14
-21
-30
-30
-17
-7
-1
8
8
8
7
-5
-22
-37
-48
-50
-36
-13
3
19
31
25
12
-5
-34
-57
-63
-58
-36
-5
20
44
57
49
28
-5
-29
-47
-58
-51
-37
-22
6
28
32
32
28
15
-5
-23
-23
-17
-14
-7
5
9
8
5
-5
-10
-2
9
18
23
26
35
36
19
5
2
4
2
2
7
15
15
12
8
-4
-10
-6
-1
6
19
32
37
31
16
-9
-32
-45
-44
-32
-4
25
44
51
51
35
5
-22
-44
-61
-64
-45
-14
18
37
45
46
30
9
-14
-33
-47
-53
-47
-30
-8
13
31
34
19
-2
-22
-37
-46
-46
-28
-5
12
25
38
34
11
-21
-44
-55
-58
-45
-13
18
35
38
28
4
-22
-38
-46
-48
-39
-15
9
24
31
29
16
-2
-18
-26
-21
-11
0
16
35
39
32
25
12
-6
-23
-23
-14
-6
12
30
42
52
53
42
24
-5
-33
-42
-35
-23
-1
30
51
49
35
20
-2
-25
-30
-18
-4
7
22
31
28
23
15
-2
-21
-37
-46
-39
-28
-14
12
34
35
23
6
-14
-35
-52
-57
-43
-23
-5
18
28
25
17
5
-10
-21
-22
-20
-19
-15
-6
3
3
-3
-5
-4
-6
-4
-4
-8
-13
-11
2
8
1
-6
-12
-14
-14
-6
8
19
22
23
14
2
-11
-26
-29
-19
-9
4
22
33
34
25
15
5
-8
-16
-16
-6
8
23
37
39
29
20
8
-7
-15
-16
-11
1
12
19
26
29
23
12
5
-1
-1
0
5
15
23
22
14
6
-3
-12
-17
-12
-4
3
11
14
17
10
-2
-7
-10
-15
-9
3
7
12
11
2
-4
-8
-11
-6
-4
-3
-2
-9
-16
-15
-18
-15
-6
0
4
5
-2
-13
-21
-23
-27
-23
-12
-3
-2
-6
-9
-10
-11
-11
-9
-12
-12
-9
-2
9
14
11
9
2
-5
-8
-5
-1
3
13
19
15
6
3
0
-3
-3
-1
6
16
22
24
19
14
12
7
2
1
2
4
11
15
15
16
13
8
5
11
10
5
5
7
2
2
10
8
4
5
7
12
13
8
9
7
7
8
7
-4
-12
-11
-10
-8
-1
5
5
2
1
-1
-7
-10
-18
-19
-10
-10
-13
-9
-8
-11
-6
0
-1
-11
-17
-22
-34
-33
-22
-17
-11
-3
7
14
14
7
-4
-14
-25
-30
-25
-16
-2
11
22
26
11
-5
-17
-31
-37
-29
-16
-1
15
27
31
24
16
4
-6
-15
-17
-9
-1
8
22
32
31
27
21
12
1
-9
-10
-2
8
17
33
40
35
26
15
2
-7
-10
-3
10
23
33
34
32
24
7
-10
-22
-22
-16
-9
6
17
21
20
9
-7
-15
-26
-30
-25
-21
-13
0
9
10
3
0
-5
-16
-24
-24
-20
-17
-10
1
6
5
1
-9
-21
-30
-31
-28
-21
-11
6
20
27
25
14
-2
-18
-30
-33
-29
-22
-9
3
19
28
21
12
4
-4
-5
-7
-7
-4
2
9
12
13
13
16
13
3
-4
-6
-6
-7
2
10
16
19
17
11
8
10
13
10
6
4
6
8
5
10
14
15
11
4
5
7
7
8
16
22
21
19
15
9
5
-2
-5
-1
0
-3
-2
0
0
3
4
8
8
7
5
0
-1
1
-3
-5
-8
-11
-9
-4
-2
-2
0
0
0
2
1
-1
-1
-8
-14
-13
-17
-22
-25
-18
-11
-9
-9
-10
-10
-7
-12
-14
-9
-9
-8
-4
-5
-8
-8
-8
-10
-11
-11
-7
-7
-10
-6
4
8
7
8
9
7
8
8
8
9
5
4
4
2
1
2
4
3
-2
-1
3
6
7
11
14
13
14
16
15
14
17
17
13
7
6
4
2
2
4
9
8
5
2
0
0
4
8
10
9
10
15
18
15
8
3
1
0
-2
-5
-12
-14
-15
-12
-11
-7
-1
-1
0
-1
1
1
0
-3
-5
-4
-5
-6
-8
-11
-14
-13
-10
-7
-6
-7
-10
-14
-15
-15
-13
-12
-11
-8
-10
-10
-10
-9
-6
-9
-14
-11
-7
-9
-9
-7
-11
-14
-15
-11
-5
0
0
0
5
3
0
-2
-5
-2
7
13
19
17
12
11
11
8
11
22
23
20
18
13
10
8
4
3
5
2
5
14
12
9
12
14
10
8
4
-1
-1
1
5
8
5
4
4
2
0
0
-1
3
5
7
8
5
1
-2
-1
-3
-6
-8
-11
-10
-10
-10
-8
-7
-5
-6
-12
-15
-11
-7
-10
-11
-14
-13
-11
-12
-14
-17
-18
-19
-20
-14
-7
-4
-6
-7
-2
0
-3
-4
-9
-11
-7
1
8
9
5
0
2
6
10
11
12
8
7
8
12
13
17
21
16
13
15
12
5
2
3
3
0
4
10
9
11
15
13
10
3
2
6
12
12
9
10
11
8
5
8
9
5
5
7
1
-4
1
3
2
0
2
1
-1
-2
-5
-6
-12
-15
-6
6
8
4
3
-2
-6
-8
-10
-9
-7
-6
3
9
8
2
-3
-5
-6
-6
-7
-5
-4
-2
-2
-1
-1
3
0
-8
-9
-7
-6
-4
-7
-10
-9
-9
-9
-10
-11
-8
-7
-7
-8
-4
1
3
-2
-5
-3
-3
-1
-1
-1
-1
2
5
7
12
12
7
7
5
3
7
7
7
7
7
6
6
9
8
11
14
13
10
9
7
6
6
6
7
11
13
12
9
4
4
7
9
7
2
-3
-3
1
1
0
-2
-3
5
7
4
1
-1
-3
-2
1
4
4
6
3
-4
-1
1
-3
-8
-7
-7
-11
-11
-8
-5
-5
-6
-6
-7
-9
-7
-4
-4
-2
0
0
-4
-8
-11
-13
-11
-13
-12
-14
-14
-8
-12
-16
-11
-8
-8
-5
-1
-3
-3
-6
-9
-8
-5
-6
-5
-3
-2
-1
0
-2
-6
-3
-4
-3
1
8
10
12
14
14
12
8
7
9
10
12
15
14
7
6
8
8
8
6
4
5
4
7
10
10
13
16
16
15
16
14
9
5
-1
-3
1
3
5
4
3
5
3
-2
-3
-3
-2
-3
-3
-3
-3
-5
-4
0
0
-2
1
-1
-5
-3
-4
-8
-11
-14
-17
-14
-14
-13
-12
-13
-12
-12
-15
-18
-14
-11
-15
-15
-16
-12
-7
-5
-3
-1
-5
-8
-9
-5
-4
-7
-7
1
4
4
0
4
8
6
4
0
0
0
2
3
6
8
9
7
4
5
3
3
7
10
12
15
12
9
6
3
7
9
12
16
14
13
15
19
19
18
13
12
13
10
8
7
3
2
9
12
12
10
4
1
-1
-3
-1
3
1
-3
1
5
6
2
-3
-4
-6
-7
-9
-10
-11
-10
-7
-8
-6
-4
-2
-1
-2
-3
-4
-8
-14
-19
-17
-12
-14
-12
-13
-15
-16
-14
-13
-14
-15
-11
-9
-7
-6
-6
-7
-11
-9
-8
-7
-9
-9
-9
-7
-7
-8
-8
-2
3
1
-1
-3
-6
-3
-2
-1
-1
8
18
20
18
18
18
14
10
11
9
8
12
16
15
17
18
13
10
13
13
9
6
0
2
6
8
11
11
11
8
6
4
6
6
5
8
11
10
5
4
4
-3
-4
-2
-6
-7
-6
-5
-3
-2
-1
-7
-13
-16
-14
-10
-5
1
1
-2
-4
-2
-3
-5
-3
1
5
0
-11
-19
-21
-18
-17
-17
-16
-14
-12
-11
-12
-12
-9
-9
-6
-6
-6
-8
-9
-13
-15
-11
-5
-1
2
2
-3
-6
-2
-5
-8
-6
1
4
1
2
2
-1
-2
0
-1
-2
3
8
4
1
1
1
0
0
-1
0
4
5
8
10
6
7
10
8
6
6
8
8
6
8
11
12
9
7
6
3
-3
0
6
8
10
13
15
15
13
11
7
4
2
4
5
2
1
3
2
0
-2
-5
-4
-1
0
0
-5
-3
-1
-2
-4
-5
-9
-10
-11
-11
-7
-3
-6
-10
-11
-11
-12
-13
-8
-7
-11
-12
-10
-9
-13
-14
-13
-11
-9
-6
-9
-8
-7
-10
-8
-2
-1
2
1
-1
-2
1
-1
-6
-2
2
4
6
6
7
7
7
2
-2
-5
-4
0
1
7
11
7
6
6
6
7
6
1
4
9
9
10
14
13
8
5
4
9
8
5
7
10
10
8
11
12
8
11
11
8
8
4
7
10
10
9
7
5
3
0
-3
-1
-1
0
4
4
1
0
-2
-3
-3
-6
-10
-9
-4
-4
-6
-11
-15
-14
-10
-10
-10
-10
-13
-16
-16
-12
-4
-4
-5
-4
-8
-12
-10
-12
-15
-9
-7
-11
-10
-8
-8
-10
-10
-9
-6
-5
-3
2
3
5
7
4
4
6
5
5
5
3
1
-1
0
1
0
2
9
12
8
7
8
6
5
7
10
15
16
17
13
13
13
11
11
13
10
7
5
6
6
5
5
9
13
14
11
5
-2
-2
4
4
2
-1
1
4
2
0
1
1
-3
-9
-12
-5
-2
-8
-7
0
1
2
-1
-8
-10
-7
-10
-10
-6
-10
-13
-12
-13
-13
-13
-15
-17
-15
-16
-17
-16
-16
-15
-10
-6
-7
-5
-3
-6
-8
-9
-9
-5
-2
-3
-7
-5
3
8
7
5
1
-1
-3
-2
4
8
9
10
8
6
5
2
1
3
6
9
14
12
9
5
5
8
9
12
11
8
7
8
12
11
7
8
8
2
0
5
9
8
7
8
2
-2
-5
-6
-4
0
1
1
2
0
3
3
-2
-3
-2
-3
-7
-6
-2
0
-2
-3
0
-5
-9
-7
-5
-8
-10
-2
1
-3
-4
-3
0
0
-1
-1
0
1
1
-1
-3
-6
-4
-4
-7
-5
-5
-8
-9
-9
-4
-2
1
-1
-1
2
3
-2
-2
-2
-6
-10
-6
-3
-1
-1
-4
-6
-4
-1
6
8
3
1
4
4
-1
-1
0
-2
2
0
-1
6
