1
3
5
3
3
4
-1
-2
-6
-6
2
2
0
-2
-4
-1
1
-2
0
0
-1
-6
-15
-15
-12
-12
-10
-12
-11
-9
-9
-11
-16
-15
-9
-4
-7
-12
-13
-11
-7
-10
-9
-3
-3
-4
-1
2
3
7
10
11
5
4
7
6
2
1
2
2
3
0
2
5
5
6
8
10
9
3
3
4
2
5
5
5
5
6
7
10
7
0
-1
2
3
4
6
9
10
12
11
8
6
2
1
2
2
1
1
0
3
1
0
1
2
0
-5
-5
-3
-6
-8
-6
-5
-4
-4
-7
-8
-6
-4
-2
0
-3
-5
-7
-8
-8
-4
-2
-8
-3
-3
-9
-9
-6
-4
-2
0
3
3
-4
-6
-6
-9
-10
-5
-2
-4
-3
-4
-7
-5
-6
-10
-10
-10
-9
-4
-2
-3
-1
-2
-3
0
4
4
6
9
9
7
5
7
11
11
8
6
5
5
9
10
4
3
11
10
6
4
2
2
-1
1
7
11
10
8
8
7
6
7
4
9
13
12
9
6
1
2
4
0
0
1
1
5
7
5
2
5
3
1
-1
-5
-6
-8
-13
-11
-9
-8
-8
-11
-15
-14
-12
-9
-7
-10
-14
-10
-6
-8
-10
-10
-10
-8
-6
-8
-9
-8
-6
-3
-8
-12
-6
-3
-5
-2
1
2
2
2
0
-1
0
0
0
2
-1
0
3
2
1
1
2
9
11
8
7
5
6
7
11
9
3
1
8
14
10
10
9
8
7
5
5
6
6
9
11
12
13
14
14
12
9
4
1
0
1
4
3
3
5
7
9
14
13
11
10
6
5
4
-1
2
6
5
4
2
-4
-6
-10
-12
-8
-5
-8
-8
-3
-3
-4
-11
-13
-8
-6
-4
-6
-5
-7
-9
-12
-14
-14
-12
-6
-6
-12
-13
-17
-18
-15
-19
-20
-18
-14
-9
-11
-12
-4
0
0
1
0
-2
-2
0
2
3
3
1
2
2
3
1
1
3
6
2
4
7
5
10
14
15
14
14
11
9
10
8
6
9
12
12
11
8
6
8
6
5
5
3
4
5
0
3
8
4
8
12
3
5
6
4
7
6
5
3
-2
-5
-7
-7
-4
-2
0
-2
-5
-3
-4
-7
-8
-3
4
4
-2
-3
-4
-5
-2
-1
-2
-4
-5
-4
-11
-12
-11
-13
-12
-10
-8
-9
-12
-10
-12
-12
-8
-9
-7
-7
-12
-11
-8
-6
-5
-6
-7
-6
-8
-7
-4
-3
2
1
1
-2
-2
-1
-2
-3
0
3
0
1
2
3
7
7
4
4
1
-1
7
9
6
8
12
10
7
5
7
8
6
6
6
8
8
7
8
7
9
9
9
10
9
9
8
3
-1
0
1
-1
-3
0
2
5
4
5
2
-9
-13
-11
-7
-7
-9
-7
-4
-4
-5
-5
-3
2
4
-4
-7
-6
-4
-5
-12
-11
-5
-4
-8
-9
-6
-2
-1
-2
-5
-4
2
3
-3
-6
0
6
6
4
1
-5
-5
1
3
4
5
4
3
2
0
0
-3
-3
0
0
1
6
7
4
2
3
4
5
2
-1
-2
-4
-5
0
2
0
3
3
5
7
8
7
4
3
5
5
3
3
4
5
7
10
14
14
11
7
5
7
9
8
2
2
5
6
10
9
7
4
0
3
4
2
1
-1
-2
1
1
1
2
-3
-6
0
1
2
0
-1
-3
-5
-9
-13
-12
-12
-13
-11
-7
-6
-7
-6
-11
-9
-7
-12
-11
-8
-10
-7
-5
-3
1
1
1
2
2
1
0
-2
-3
1
3
-1
-3
-3
-2
0
1
-4
-6
-6
-2
4
4
1
6
9
7
5
4
-1
-3
-1
2
8
6
2
9
10
5
8
12
7
6
7
8
11
14
13
13
13
11
10
12
9
8
9
7
9
5
2
6
10
7
5
3
-2
-2
-2
-3
-3
-3
-3
-2
-4
-3
-1
0
1
-5
-5
-5
-5
-2
-3
-5
-7
-13
-15
-13
-12
-13
-12
-11
-7
-5
-2
-2
-3
-6
-7
-3
-5
-8
-9
-10
-12
-11
-10
-8
-7
-11
-13
-13
-9
-4
-5
-6
-4
-3
-3
-3
-4
-3
-2
0
-1
-1
-1
-2
-5
-4
-5
-5
-3
4
11
10
6
6
7
10
12
9
10
15
13
8
8
8
8
6
9
12
10
12
10
5
5
8
5
2
3
5
5
5
6
5
8
12
7
2
4
6
6
10
10
10
3
-3
-3
1
0
0
-1
-5
-3
-1
-4
-5
-8
-8
-8
-17
-17
-11
-11
-11
-9
-7
-6
-5
-7
-10
-9
-10
-7
-4
-9
-11
-9
-11
-12
-6
-5
-7
-8
-6
-7
-6
-8
-11
-4
-2
-9
-8
-5
-7
-4
-6
-7
-2
0
1
5
9
8
9
7
7
13
12
4
5
4
1
7
11
8
9
6
1
1
6
9
10
10
11
11
14
14
11
10
11
12
15
11
8
7
6
6
2
0
-1
-2
4
10
10
7
7
4
0
4
3
-1
-3
-5
-6
-1
-1
-4
-3
-1
-1
-2
-3
-2
-6
-9
-10
-6
-2
-3
-5
-8
-14
-12
-10
-11
-13
-18
-18
-14
-12
-14
-13
-10
-10
-9
-10
-8
-5
-5
-7
-3
-3
-3
-2
-4
-4
0
2
-3
0
3
4
6
6
5
6
6
4
5
7
9
3
-4
-5
1
8
7
8
11
9
3
1
4
11
11
5
3
3
7
13
12
1
-3
1
7
9
6
2
3
14
20
15
5
0
6
11
11
8
1
-1
4
4
0
-8
-11
-9
-1
5
1
-5
-8
-4
3
-2
-10
-12
-13
-9
-3
-7
-11
-11
-7
-1
-1
-6
-11
-11
-10
-10
-12
-13
-15
-14
-10
-9
-11
-11
-8
-9
-8
-9
-10
-14
-12
-2
-3
-10
-7
-4
-6
-4
-1
-2
-4
-5
2
4
4
3
2
2
5
6
5
-2
-5
0
3
4
2
3
5
6
6
12
15
14
10
7
9
10
8
8
5
6
7
11
11
13
11
8
10
11
9
9
8
7
5
3
6
4
0
3
6
6
6
6
6
4
5
-2
-5
-2
-1
1
6
4
-3
0
2
-1
-4
-9
-13
-8
-10
-11
-10
-18
-17
-11
-11
-12
-11
-9
-11
-14
-15
-11
-10
-15
-14
-8
-7
-7
-5
-3
-6
-4
2
2
0
-3
-2
-5
-7
-6
-5
-5
-4
1
3
7
6
3
1
3
0
-3
3
7
11
13
10
4
4
1
-2
2
2
-6
-6
6
11
11
8
2
-2
2
2
3
7
5
7
12
14
15
16
11
9
14
12
8
10
14
9
5
4
4
2
6
8
11
11
7
7
10
7
5
2
-1
1
2
1
-1
-1
-1
1
0
0
0
-3
-4
-1
2
7
7
-2
-4
-5
-5
-4
-6
-7
-8
-11
-15
-12
-12
-16
-17
-15
-14
-20
-19
-19
-18
-13
-11
-8
-8
-11
-9
-6
-9
-9
-6
-5
-4
-4
-4
-3
-2
0
4
6
0
-1
2
3
5
7
6
7
8
5
4
5
7
7
9
13
15
14
12
9
12
11
8
8
7
2
0
4
11
13
9
5
7
3
1
6
6
3
3
8
5
7
10
6
0
-4
-2
2
0
0
0
0
-1
-3
0
0
-8
-8
-3
-8
-14
-11
-5
-6
-3
-5
-7
1
4
1
-1
-5
-7
-6
-6
-7
-8
-12
-15
-11
-7
-5
-6
-9
-13
-12
-11
-10
-11
-9
-6
-3
2
5
-4
-8
-4
-2
-2
0
0
1
3
3
7
8
2
2
3
0
-2
0
1
2
5
2
-2
1
4
8
11
17
14
8
4
2
5
3
-1
-1
-1
2
2
0
2
5
7
7
7
5
3
4
1
4
2
-1
2
2
2
5
4
-3
-6
-5
-10
-8
-1
-1
-1
0
-4
-4
1
-3
-3
-2
-3
1
1
-2
-1
-3
-7
-5
-3
-6
-7
-11
-12
-9
-4
-6
-7
-5
-5
-4
-8
-11
-7
-5
-8
-9
-8
-7
-1
1
0
-1
1
2
1
-2
0
0
-5
-5
2
5
3
6
12
9
6
11
10
4
-1
-2
1
6
9
8
4
2
6
9
14
14
9
7
8
6
7
5
1
-2
-1
4
3
3
3
-1
2
7
10
11
10
5
2
3
4
5
5
4
5
1
-1
1
1
-2
-5
-2
0
-2
-3
-5
-5
-6
-6
-6
-5
-9
-12
-7
1
2
1
2
1
-7
-8
-6
-9
-12
-15
-17
-11
-8
-9
-7
-11
-15
-10
-9
-9
-9
-8
-5
-5
-6
-6
-6
-7
-6
-2
1
-2
1
6
1
-3
-3
-3
0
4
3
1
-1
-2
1
5
6
6
6
7
11
12
10
10
12
13
18
13
5
3
4
11
16
16
11
14
18
14
10
9
0
-1
8
13
9
4
4
5
9
11
8
6
3
7
9
5
0
-5
-8
-7
-2
1
-3
-11
-12
-10
-8
-9
-13
-15
-15
-16
-18
-12
-12
-14
-12
-12
-10
-11
-10
-9
-14
-15
-12
-9
-11
-12
-13
-16
-18
-13
-9
-8
-7
-12
-15
-11
-6
-5
2
3
-4
-4
1
4
5
2
-4
-3
2
4
4
7
7
6
10
15
10
1
-1
-1
4
9
7
4
1
4
8
8
6
7
11
11
12
9
7
10
13
15
14
12
9
9
16
15
3
2
8
7
6
3
-4
-1
9
9
3
1
3
3
2
3
4
3
-2
0
5
6
3
-1
-4
-1
-2
-5
-11
-14
-12
-7
-11
-16
-14
-11
-9
-8
-11
-9
-9
-10
-7
-5
-8
-13
-10
-12
-13
-11
-10
-8
-3
-5
-7
-5
-8
-9
-1
4
-2
-6
0
0
0
2
-1
3
4
-2
-7
-1
1
4
13
6
-3
-2
2
4
10
5
-5
6
13
13
13
9
5
9
11
4
-2
0
2
4
9
8
5
11
10
3
6
8
6
7
12
7
0
5
10
9
9
1
-1
8
12
8
4
-3
-5
4
11
12
7
0
-2
6
13
7
3
3
3
4
4
2
2
4
3
-4
-2
-1
-3
2
6
1
-5
-5
-6
-2
3
-5
-15
-13
-9
-4
-1
-3
-6
-6
-4
-6
-10
-16
-22
-20
-13
-7
-10
-10
-9
-7
-3
-3
-4
-3
-1
-4
-5
-5
0
0
-1
-2
3
9
6
4
9
10
6
2
-1
0
4
12
14
9
11
11
16
21
18
5
-3
-6
-5
8
15
13
7
4
8
10
12
9
3
1
5
10
10
8
2
-1
8
12
8
6
2
0
2
2
5
1
-5
-10
-8
-4
-8
-14
-18
-15
-5
-5
-8
-5
-4
-11
-9
-3
-13
-14
-8
-3
3
-2
-8
-6
-1
3
-1
-2
1
-3
-4
1
-2
-4
-3
-5
-4
2
-1
-3
2
1
-1
-3
-1
6
8
2
-9
-12
-9
-1
8
9
-1
-1
8
8
11
13
2
-5
2
2
-5
-2
-1
5
9
6
7
7
8
10
13
8
3
2
2
5
3
-3
-2
6
7
2
1
-3
-8
-1
5
1
-5
-6
-6
-5
-3
-1
-2
0
-2
-2
1
1
-4
-9
-5
3
9
11
3
-4
-3
2
6
3
2
1
3
9
8
-1
-2
0
-2
-6
-8
-11
-11
-6
-3
5
8
5
-1
-3
-2
-7
-7
-6
-5
2
3
-6
-10
-5
-3
-5
-2
-1
-3
-3
-2
-2
2
2
0
1
7
6
5
7
2
-2
4
10
8
8
4
-2
4
4
-5
-6
-5
-8
-6
-4
-8
-8
-9
-13
-8
-2
-4
-13
-12
-6
-6
-6
-6
-5
-4
2
6
5
8
6
0
2
5
0
1
1
6
11
9
2
7
18
21
19
10
4
11
26
36
29
15
5
7
19
25
19
12
6
8
14
18
13
14
38
54
35
-6
-24
-1
38
40
-13
-63
-58
-17
25
38
22
-14
-33
1
48
41
-32
-88
-79
-50
-55
-85
-105
-104
-82
-54
-37
-32
-40
-54
-53
-45
-58
-93
-119
-120
-99
-88
-86
-75
-34
8
26
31
31
30
30
21
-1
-27
-47
-54
-44
-17
11
30
58
98
131
145
133
115
113
117
101
76
62
52
48
56
72
92
124
171
211
226
213
182
142
107
74
56
67
110
178
246
299
352
384
280
-10
-301
-373
-231
-75
-29
-50
-20
109
291
434
411
141
-194
-307
-199
-175
-374
-604
-616
-414
-198
-72
-19
-14
-33
-3
68
30
-194
-419
-430
-273
-150
-138
-130
-21
114
176
178
115
-48
-201
-215
-160
-124
-100
-58
1
52
37
-34
-84
-139
-210
-204
-148
-129
-88
-1
63
88
74
3
-65
-80
-90
-95
-42
21
54
124
203
240
274
285
236
206
185
117
65
64
74
111
183
219
227
269
273
218
176
158
174
261
348
371
460
672
761
480
-142
-681
-551
142
679
544
-33
-322
52
830
1233
710
-382
-1127
-892
-53
311
-341
-1287
-1447
-680
226
465
30
-463
-487
-68
284
102
-596
-1187
-1050
-377
99
-22
-368
-361
108
594
622
178
-345
-493
-171
234
260
-126
-484
-429
-56
208
96
-218
-376
-184
216
430
247
-87
-185
5
211
122
-252
-547
-468
-132
136
155
-11
-85
139
484
594
367
10
-195
-112
73
66
-114
-233
-160
88
355
453
404
343
298
276
266
193
3
-180
-233
-89
253
573
646
536
524
754
980
719
-185
-1050
-1004
-87
774
759
28
-452
-4
1011
1545
936
-451
-1457
-1176
-54
521
-155
-1308
-1577
-615
577
864
178
-622
-771
-246
319
232
-531
-1209
-1052
-218
421
271
-286
-440
55
630
579
-61
-658
-543
125
597
305
-522
-905
-404
455
691
7
-863
-978
-109
797
801
-78
-870
-658
321
983
520
-576
-1163
-709
256
673
207
-491
-535
194
967
1011
264
-457
-489
42
428
192
-360
-568
-154
429
608
326
38
137
497
677
380
-159
-469
-311
136
420
311
26
48
663
1552
1933
1235
-379
-1740
-1607
-77
1438
1407
-51
-1233
-720
1146
2485
1904
-269
-2121
-1995
-237
1255
757
-1227
-2505
-1713
300
1471
905
-517
-1212
-612
415
732
-77
-1243
-1601
-782
318
575
-10
-498
-134
650
863
237
-523
-594
-31
468
286
-394
-776
-376
403
685
165
-629
-818
-210
465
470
-167
-719
-574
114
589
299
-518
-988
-676
36
395
85
-421
-474
77
690
802
357
-193
-311
-8
272
172
-169
-324
-105
243
343
191
133
383
714
742
356
-138
-335
-144
150
211
39
-114
4
460
1064
1586
1725
1096
-223
-1495
-1642
-311
1261
1500
138
-1320
-1051
967
2873
2626
233
-2269
-2646
-587
1565
1449
-904
-3036
-2605
-89
1936
1654
-263
-1649
-1220
315
1210
452
-1237
-2139
-1342
290
1072
364
-769
-855
226
1178
885
-342
-1170
-739
432
998
278
-956
-1359
-459
775
983
-85
-1270
-1256
-49
1064
905
-316
-1223
-817
440
1157
539
-770
-1413
-803
319
770
198
-603
-615
274
1174
1177
299
-583
-662
-36
481
305
-323
-676
-362
308
738
653
325
186
366
619
570
135
-386
-534
-137
434
639
320
-25
362
1558
2567
2069
-109
-2327
-2450
-192
2254
2329
-68
-2290
-1754
1260
3820
3281
-59
-3160
-3147
-211
2460
1919
-1318
-3805
-2935
296
2567
1851
-687
-2289
-1500
630
1806
774
-1478
-2687
-1631
551
1591
595
-1061
-1407
-55
1495
1557
41
-1504
-1526
-71
1268
1031
-531
-1746
-1338
243
1313
773
-764
-1622
-846
751
1474
534
-1028
-1504
-437
936
1065
-181
-1450
-1409
-142
1007
931
-141
-928
-473
800
1562
987
-352
-1131
-691
331
762
217
-596
-741
-31
829
1070
626
82
0
371
681
481
-149
-674
-594
90
802
889
309
-223
196
1648
2886
2303
-293
-2945
-3091
-324
2763
3044
238
-2648
-2398
1005
4256
4017
253
-3610
-3949
-614
2784
2592
-993
-4142
-3566
-5
2843
2345
-547
-2695
-2093
376
2075
1233
-1339
-3046
-2145
405
1971
1103
-983
-1859
-595
1382
1950
546
-1322
-1759
-442
1140
1325
22
-1332
-1394
-281
700
519
-527
-1191
-672
499
1072
485
-522
-804
-155
520
309
-629
-1274
-921
58
686
446
-269
-570
-19
889
1248
680
-268
-717
-360
246
351
-131
-590
-448
199
716
690
342
185
384
619
534
160
-156
-218
-116
18
195
432
567
435
209
445
1387
2336
2005
-65
-2437
-2816
-514
2385
2920
466
-2399
-2507
524
3803
4021
699
-3199
-4029
-1114
2437
2836
-351
-3767
-3912
-808
2269
2483
111
-2208
-2247
-194
1777
1649
-488
-2488
-2320
-248
1465
1104
-658
-1657
-739
1053
1784
735
-905
-1386
-291
1057
1064
-361
-1719
-1571
-103
1110
818
-569
-1462
-829
690
1448
581
-971
-1521
-537
815
984
-244
-1542
-1532
-233
1058
1155
139
-786
-563
623
1549
1229
-56
-1079
-929
64
762
486
-307
-660
-182
591
878
529
44
-38
297
560
384
-90
-443
-393
-27
365
537
377
15
-114
485
1764
2757
2173
-166
-2592
-2834
-382
2559
3027
463
-2497
-2630
524
4054
4484
1155
-3006
-4171
-1372
2409
3175
70
-3709
-4319
-1303
2187
2885
599
-2056
-2478
-477
1801
2018
-107
-2498
-2775
-741
1384
1436
-372
-1831
-1257
711
2002
1372
-420
-1517
-909
518
1078
118
-1356
-1808
-795
632
1032
117
-1026
-1102
-4
1041
805
-358
-1121
-788
115
591
263
-165
-270
-486
-462
31
336
37
-448
-348
575
1270
641
-695
-1254
-576
432
591
-147
-766
-612
33
488
385
-278
-1029
-1060
-211
660
809
292
-195
-107
351
718
475
-259
-145
2113
5284
6332
3696
-338
-1597
338
1724
481
-1029
-1069
-1326
-2816
-2635
1491
5350
2767
-4151
-6203
-417
5144
2986
-3298
-5110
-1631
646
-455
-445
2092
2465
-1003
-2720
1165
5225
2492
-3906
-4936
163
3063
-202
-3759
-1977
1938
1982
-897
-1258
1147
1460
-1221
-2255
307
2130
-249
-3392
-2233
1714
2577
-647
-2810
-949
1583
986
-1227
-1272
655
1122
-553
-1362
-81
555
-1262
-3000
-1783
757
748
-1834
-2881
-554
1830
1138
-927
-1039
565
1044
-223
-917
-38
281
-1120
-1877
-209
1761
1317
-606
-792
1170
2108
486
-989
-155
1062
412
-1020
-1131
-142
744
2598
6992
10627
7945
671
-2862
265
3251
181
-4911
-4868
-1251
-1017
-3087
-72
6607
6757
-1495
-6821
-1610
5715
3438
-4751
-6149
-240
2231
-996
-1113
4507
6876
953
-4415
-714
4931
1422
-7041
-8094
-1537
1789
-1719
-3772
655
4638
1779
-2090
289
4228
1937
-3871
-4454
656
2919
-1085
-4279
-1251
2507
706
-3076
-2676
493
576
-2636
-3319
256
2833
1070
-1095
218
1965
165
-3218
-3593
-1065
-388
-2571
-3318
-552
2291
1800
117
458
1648
763
-1719
-2174
-402
4
-1917
-3007
-831
1953
2096
731
578
1757
1615
-140
-1027
-225
529
-166
-787
27
1119
873
-347
373
4991
11022
12571
6727
-1423
-4140
-774
1218
-2794
-7048
-4736
545
1140
-880
2306
8509
7143
-2697
-8326
-2474
4628
1583
-5577
-4180
3423
4889
63
286
6652
7005
-2270
-8548
-3690
2393
-1296
-8376
-6360
2200
4496
-560
-1690
3761
5480
-482
-4786
-1655
2374
451
-3895
-2745
3050
4501
-214
-2626
-38
559
-3128
-5608
-3893
-770
-228
-1973
-984
3502
4892
1449
-585
273
-397
-3298
-5372
-4492
-1472
-57
-1194
-722
2130
3064
1350
-76
-470
-925
-2220
-3448
-2556
-490
-72
-577
97
1278
1901
1673
592
-66
-181
-1046
-1485
-448
129
34
1036
2436
2757
1937
33
-1842
-1807
666
5835
11771
11844
3834
-3490
-2320
2773
1971
-5282
-8778
-3207
2389
441
-1509
3948
9178
4473
-5053
-6402
1269
4690
-1594
-5838
-412
5114
2446
-1277
2360
7563
3619
-6160
-8186
-1052
2284
-3139
-7172
-2838
3128
2586
-1030
262
4304
2853
-2930
-4618
-791
2297
902
-1535
128
3780
3009
-1247
-3000
-2441
-3207
-4774
-4893
-2626
720
1577
399
1778
4362
3128
-181
-1761
-2451
-3091
-3517
-3987
-2807
71
1059
278
818
1566
730
-354
-1177
-1934
-1997
-2002
-1965
-646
768
763
483
477
417
694
383
-811
-1135
-923
-1105
-172
1431
1613
1358
1646
1427
1057
690
-776
-2128
-2259
-1264
3890
13069
16732
8697
-2538
-4990
633
2570
-4800
-11040
-5785
3066
3152
-909
2589
10276
8405
-3455
-9623
-2931
3727
-461
-6359
-2145
6298
6490
439
351
6474
5689
-4738
-10821
-5287
1147
-1080
-5855
-3468
3638
5409
711
-1387
1656
2248
-2147
-4902
-2165
1767
1972
-364
-230
2884
3388
-477
-3935
-4209
-3375
-3552
-3939
-2540
719
2902
2123
1097
2023
2534
577
-2237
-3767
-3687
-2764
-2069
-1591
-117
1469
1174
100
-25
131
-532
-1823
-2576
-1934
-184
657
46
103
648
473
-539
-1561
-961
87
-122
-737
-187
1045
1306
1345
1134
594
822
475
-386
-158
129
-771
-1712
-315
5145
13782
17630
8769
-4682
-7972
-1184
2705
-3324
-10038
-5825
4326
6511
1341
1696
7588
6083
-4660
-11119
-5215
2996
1815
-2971
340
8196
8326
1211
-1662
1971
2067
-5578
-10861
-5975
1405
1895
-952
355
4025
3452
-1238
-3559
-1526
-673
-3288
-3991
-155
3868
4743
3404
1816
770
-805
-3405
-5137
-5274
-4891
-3408
-577
1494
2381
2993
2309
475
-875
-1842
-2378
-2244
-2575
-2702
-690
1430
1127
284
-171
-1042
-1578
-1902
-2131
-1240
-107
-54
356
1572
1128
-656
-1236
-1367
-1861
-1744
-1292
-311
955
1418
1383
1581
1916
716
-932
-1050
-913
-435
510
1763
2406
1362
280
-1142
-514
6165
14579
15150
4019
-7768
-7898
918
5362
-2034
-8776
-2912
5705
4885
-110
1319
4903
898
-7321
-8820
-617
6180
2971
-1041
3266
8010
3563
-3641
-3200
674
-1286
-6703
-6312
603
4760
2025
-814
1014
2161
-2444
-7074
-4539
239
-81
-1563
1241
5427
6183
3983
1187
-1661
-4167
-6577
-6551
-2832
-776
-1712
-427
3587
4494
1375
-1025
-2492
-3456
-3127
-2748
-1203
1523
2147
638
533
1446
-631
-3884
-4611
-3736
-2354
-963
463
1957
2598
2106
693
-555
-1764
-3809
-4641
-2612
173
992
1027
2238
2652
1550
568
-498
-1374
-1678
-1713
-465
1780
3105
2596
2150
2434
917
-1604
-3610
-1945
6941
16238
14944
2419
-7350
-4241
3685
3494
-5472
-9238
-1685
5157
3454
545
3567
5526
-1267
-8586
-5733
2787
4418
-1051
-1276
5460
7475
706
-4570
-941
2506
-2643
-7929
-3536
4446
4249
-1470
-2120
1894
1721
-4525
-7669
-2634
2428
1179
-583
2807
6023
3029
-1569
-2356
-1552
-2870
-5334
-4085
609
2547
38
-1302
1392
2097
-1686
-4446
-3844
-2001
-825
38
1792
3347
2138
-1450
-2698
-1257
-2088
-4499
-4467
-2133
455
2085
2554
2425
1806
-315
-2804
-2857
-2013
-2643
-2690
-929
923
1831
1593
1025
1255
1101
-812
-2284
-1197
67
395
1463
2518
2882
2755
1142
-900
-1119
-1257
-2581
637
10667
17936
13073
-743
-9817
-5324
3740
2242
-6785
-6738
3283
8132
3657
380
2700
2283
-5552
-11254
-4885
6175
6885
-251
157
7830
7323
-3386
-8658
-2523
2154
-2542
-6607
-202
8752
6843
-2386
-4683
296
-590
-8431
-9130
365
6478
3001
-272
3328
6277
1623
-4972
-5575
-2501
-2768
-4734
-1283
5547
5832
-879
-3864
-804
-315
-4311
-5953
-2975
719
2459
2418
2682
3208
68
-5526
-6268
-2714
-2028
-3275
-1387
2055
3310
2616
965
-509
-1071
-2682
-4145
-2683
-47
413
-699
316
2358
1920
-640
-1892
-246
604
-501
-436
499
1668
2755
1545
385
1366
1511
-1121
-1993
344
-457
1926
11810
17354
10845
-3176
-11640
-7525
3255
4993
-3787
-3785
5819
7921
1195
-2056
89
-811
-6838
-10131
-2863
9441
11172
2056
-829
4206
2596
-6943
-10040
-2076
4102
1377
-2070
2196
8541
5465
-4727
-9053
-4132
-1514
-5571
-5285
3758
9490
4823
-362
-545
-80
-2186
-5392
-5323
-1112
2742
1455
515
3586
1941
-4243
-5697
-2754
-1668
-1748
-499
421
1906
2874
-9
-2279
-1452
-2472
-4476
-2596
626
430
-419
165
-76
-321
-699
-1673
-1428
-98
417
-192
153
176
-1092
-1553
-1443
-863
-344
86
996
1964
2038
188
-816
-534
-307
271
655
1522
2404
2671
1279
-566
-1313
-1584
3628
13247
16272
6049
-8406
-10948
-1460
6533
2767
-4334
-754
6781
4958
-2638
-3446
833
-936
-7264
-6961
2897
10820
6878
-858
-415
2969
-1612
-9188
-6780
3344
7433
2504
-1733
1052
3945
-353
-6553
-6264
-1675
-1227
-3346
-396
6247
7235
95
-5619
-3809
809
1478
-1480
-3026
-1122
2034
2447
74
-1905
-2753
-3145
-2043
475
1320
158
-916
-1550
-1046
595
14
-2998
-3135
-12
1264
-49
-1389
-2055
-1641
-684
-885
-1223
-276
329
180
825
1155
-236
-2217
-2823
-1564
332
641
-569
-472
243
1151
1696
291
-1398
-1744
-108
1073
2136
3236
1492
202
-112
-266
-988
-1528
4902
15673
19181
5707
-13435
-14678
36
9818
3082
-5833
63
9762
6357
-4637
-6111
-129
-1792
-8028
-4688
7630
13286
4422
-5296
-2627
3067
-1134
-8680
-5462
5247
8680
3569
-497
334
154
-5154
-8161
-3692
1863
1848
-820
612
3611
2807
-851
-4828
-5414
-1853
2606
4156
1049
-2224
-1955
592
425
-3944
-5078
-1272
1646
1904
1824
1534
-1534
-5145
-4823
-652
2812
962
-2865
-2010
1602
1695
-1824
-4229
-3570
-1648
80
1325
1925
1240
-692
-1562
-348
296
-991
-2211
-1417
499
1252
418
-1104
-1309
97
1018
941
771
777
152
-191
380
916
1250
985
-401
-1051
98
1399
6443
15354
16677
2524
-14618
-14661
41
11331
7307
-2898
-1631
6283
5023
-4215
-6863
-2369
-2154
-4278
-337
8024
10778
2855
-6890
-6908
-105
1574
-2526
-1941
4801
7646
3244
-2148
-3565
-2678
-3185
-4150
-2073
2953
4742
738
-3198
-2555
-493
-857
-2098
-2480
619
5870
5104
-2313
-6610
-3185
90
-518
-987
-404
996
1162
-836
-1123
104
-2398
-6160
-2682
4112
4449
592
-2511
-4261
-3037
-510
-776
-1790
-571
89
-524
656
1163
-1703
-3090
-1149
918
1989
1815
-19
-2365
-2320
-860
-494
-587
-378
821
2014
2215
1149
-507
-998
-1126
-761
616
2037
2329
896
36
-328
-643
4112
13760
17466
5311
-13077
-15988
-1384
12361
10008
-1288
-3453
2730
3789
-2879
-5816
-1355
89
-3080
-2266
4917
9810
3957
-6773
-8807
-684
4710
766
-2658
2125
6801
3002
-4156
-5225
-547
994
-2232
-3117
1693
5275
407
-6325
-4760
2190
3363
-1930
-3895
353
4477
2336
-3507
-5209
-1505
1000
-287
-51
1844
317
-3101
-3017
420
2200
-254
-3907
-3102
1788
3552
-79
-3890
-4102
-2092
-262
707
899
247
-1505
-2845
-1577
810
867
-1104
-1887
-32
2655
2056
-1246
-2457
-1400
-568
-1004
-429
1128
610
155
710
1443
1411
-989
-2185
-373
1937
2431
354
-1248
-995
-754
3105
12620
18406
9297
-10718
-18711
-5402
11799
14128
1882
-4668
1089
4244
-2524
-8111
-2083
3843
-524
-4651
1293
9916
6218
-7354
-11821
-1209
8236
3731
-3819
259
7298
2718
-6462
-5713
2697
4290
-2559
-4821
1797
6523
152
-8454
-5756
3050
4006
-1848
-3088
1208
2821
-467
-3250
-2040
511
-183
-2397
-233
3188
738
-4480
-4311
569
2745
652
-1990
-2166
98
889
-893
-2021
-1763
-2215
-2757
-453
2469
1667
-1548
-3317
-2182
300
1072
-680
-1763
-388
990
404
-27
646
-139
-1433
-1289
-105
607
147
-417
-753
842
2426
1139
-672
-680
857
829
330
9
-724
-744
2
6146
15399
16428
1085
-17935
-15624
4528
17471
9976
-3388
-3542
2945
995
-7775
-6393
5203
6355
-4861
-7388
5321
11720
-726
-13970
-8349
7110
9528
-974
-3921
5006
6101
-5938
-10596
1039
10356
3007
-7435
-4206
5997
4929
-6256
-9114
601
6812
561
-4997
-439
4664
175
-6899
-4404
3425
4783
-1336
-4410
-401
2233
-1245
-4838
-1849
3084
2237
-1896
-2409
576
946
-1875
-2874
-830
328
-1739
-3448
-1306
2110
1635
-1993
-2888
-406
826
-930
-2141
-792
305
169
-94
635
1630
343
-2391
-2930
426
2755
933
-1010
-225
1205
732
193
76
1074
1927
290
-1389
-1274
-75
-580
3637
13819
15965
3257
-13734
-14631
1185
14635
11102
-1835
-3454
2883
877
-7282
-5341
5561
6397
-3527
-7090
2278
9143
450
-11604
-8260
5649
8368
-729
-2476
5218
4996
-6240
-9974
617
9686
4689
-5101
-4318
3287
2959
-5337
-6820
1500
5748
727
-3429
-442
1963
-2006
-5629
-2316
3905
3817
-1629
-3714
-683
1139
-1841
-3665
-387
2930
1224
-2467
-2200
367
501
-1316
-1175
831
503
-2879
-4825
-2032
1698
1570
-724
-987
176
-271
-1842
-2045
-450
395
-175
-506
596
1052
-839
-1553
-356
1057
871
-239
-57
616
1002
-149
-788
914
2018
626
-860
-414
25
-1024
-604
6336
15210
13354
-3239
-17509
-10061
9373
16198
5286
-4617
-1393
2947
-2303
-7513
-659
8709
3883
-7410
-5255
7034
7708
-6310
-13313
-2356
9156
5322
-2984
-343
5955
535
-9585
-6135
7383
10614
-491
-7468
-1601
3771
-1829
-6584
327
7495
3245
-6246
-5619
2657
3979
-2787
-6440
9
5096
652
-4433
-2817
1420
677
-2166
-1074
2304
2400
-2413
-5367
-1876
2356
1280
-1164
41
1653
-645
-4642
-4603
-892
1823
1048
-977
-497
78
-1276
-2649
-1425
1595
1476
-794
-1706
-733
124
-530
-765
-23
1286
1714
878
-141
-248
-89
-559
542
2071
2299
376
-2179
-2250
-1166
1286
6398
12664
12531
-624
-15332
-12928
5381
17475
9492
-4211
-4860
1893
634
-6004
-3243
6639
6137
-4443
-6408
4276
8636
-3400
-13789
-5577
8605
8063
-2359
-3432
3990
2550
-7428
-7741
4874
11764
2726
-7182
-3955
3440
1320
-5654
-3848
4258
5194
-1424
-4698
-483
2422
-1714
-4703
-520
4567
2412
-3542
-4416
-867
1317
174
-1077
778
2302
-448
-3829
-2762
275
381
-577
600
1459
-446
-3342
-4373
-2046
1329
1606
-480
-1405
-978
-1466
-1802
-236
1124
758
-727
-982
-384
197
-127
-2326
-1325
1344
2210
1515
-425
-344
-494
-198
1170
1719
2743
1205
-2043
-3068
-1503
1396
6857
13678
11759
-3327
-17181
-11223
8678
18806
8063
-7189
-5986
3073
1638
-5839
-2706
7349
5083
-5780
-5535
5916
8412
-5403
-14928
-4053
11588
9330
-3940
-5813
2530
2013
-6674
-5168
6945
10657
-136
-8495
-3018
4924
1480
-5965
-2769
5988
6025
-3145
-7238
-2046
1693
-5
-1764
1610
3932
-733
-5899
-5055
585
3069
667
-895
688
1985
-1119
-4446
-2634
1082
1398
-186
-141
224
-1570
-4163
-3650
-300
2668
1967
-1555
-2514
-1437
-1079
-1180
-519
1068
1128
227
-167
-1202
-1698
-1111
-525
1268
2753
1696
-1021
-2559
-1002
502
1481
2566
2157
1205
-629
-2645
-2191
454
4593
10277
13208
4776
-11987
-17021
-1029
16988
15240
-1207
-9366
-1659
4250
-2247
-6195
2332
8422
91
-7431
440
9304
1499
-13037
-11164
6199
13901
2719
-7464
-2673
3147
-2631
-7160
1976
11463
5395
-7137
-7483
2181
4325
-2774
-5125
2982
7954
387
-7446
-4713
3124
2469
-3336
-1987
3238
3631
-2722
-6308
-2805
1653
2078
-1044
-475
2614
749
-4195
-4285
850
3224
993
-1282
-1507
-1293
-2502
-3740
-2069
1755
2296
-935
-2393
-1351
-710
-1552
-1484
417
1689
1216
-1117
-2321
-886
455
-125
-1026
192
2032
2408
544
-1953
-2802
-969
1860
3118
3003
834
-2045
-2816
-419
2394
6107
13141
12495
-2919
-18817
-13512
10061
22354
9309
-10374
-9939
4819
5333
-7094
-6539
7455
8470
-5342
-7584
6089
10359
-5365
-17345
-4724
15627
12981
-6579
-10653
2609
5519
-6150
-7117
7341
12483
-581
-11221
-4266
6313
2392
-7137
-3522
8176
7378
-5116
-8726
274
5488
-425
-5316
-600
5093
2238
-4841
-5417
-103
2201
-563
-2113
1192
3278
-746
-5246
-3005
2411
2902
-283
-1373
-723
-1998
-4209
-3493
56
2807
1227
-2697
-3096
-980
-174
-1208
-1281
706
1240
117
-798
-680
-315
-1247
-2665
-150
3364
3239
327
-3204
-1649
1168
2108
1259
114
809
-165
-1227
-626
1077
3435
10945
15302
3689
-14412
-18652
1264
21168
16238
-4667
-13492
261
7352
-3808
-8103
4096
10524
-2124
-10309
1187
11895
1850
-15504
-11674
10401
17133
-606
-11571
-1135
6605
-2954
-9042
2917
12767
3969
-9558
-7903
4458
5708
-5245
-7676
3963
10265
698
-6979
-2401
2305
-1551
-5264
85
6722
4989
-4369
-8863
-2354
3963
1903
-2415
-525
2370
78
-3318
-3226
105
1969
609
-604
597
360
-4216
-6414
-2194
3164
3276
-533
-2709
-2572
-1148
-1078
-1559
-128
1156
526
-520
-290
11
-1260
-2555
-820
1596
3392
2399
-1366
-2604
-1215
587
1681
2468
1640
-339
-2326
-943
1323
3238
11946
14165
2163
-15150
-17862
4827
22744
14386
-8535
-14164
3104
7868
-5211
-8379
5721
10986
-3850
-11478
2164
13300
1176
-16964
-11210
12181
16354
-2885
-11262
1217
8080
-3836
-10050
3338
13489
4012
-10201
-7904
5041
5390
-6026
-7134
4430
8894
-750
-7165
-216
5470
17
-6729
-4030
4953
6267
-1939
-7002
-2967
2950
1402
-2429
-380
3026
1179
-3951
-4285
440
2450
-68
-1886
-185
1001
-2059
-5235
-3323
1159
2413
-405
-2511
-1316
-301
-1082
-1696
-985
620
824
-213
-950
-1032
-513
-721
-881
106
1539
2493
1614
-285
-1613
-1616
527
1867
1551
704
-1053
-350
813
6288
15184
11494
-5889
-21603
-11659
15554
23727
5708
-13372
-7747
6311
1830
-8849
-2464
11404
6129
-10195
-8512
8882
11660
-6772
-17279
-2036
15833
8630
-8265
-6471
6065
3984
-8667
-6282
8835
11462
-2049
-10438
-2201
6534
504
-7747
-3059
6675
5729
-3984
-5303
1427
3334
-1180
-4519
63
4738
1850
-4155
-5346
80
2577
-851
-2630
634
3544
684
-3666
-3180
262
1317
-453
-1383
-308
-564
-2981
-3766
-1303
1572
1430
-1072
-2249
-1431
-725
-954
-1359
-481
1020
590
-343
-670
-1552
-1030
-932
-962
714
1640
2270
1015
-321
-810
-1140
139
1932
1673
-461
-126
-74
6451
16067
11353
-6899
-21799
-9314
15810
21043
3604
-12626
-4868
6239
-1125
-9954
-155
13473
4823
-11630
-7217
9839
10153
-7978
-15630
498
14941
5411
-8606
-3404
8502
2856
-10473
-5579
9391
9896
-3485
-9430
-387
6087
-698
-7190
-1713
7167
4352
-4404
-3005
2942
1850
-4750
-6061
1388
6713
3249
-4271
-5414
21
1607
-1641
-2260
1172
2603
-417
-2956
-1583
529
171
-1454
-1078
738
-340
-3493
-4337
-1678
1458
1352
-1024
-2131
-1383
-434
-635
-819
-264
-271
-648
-983
-75
1271
298
-2068
-2611
-227
2802
3240
1275
-1136
-2060
-399
1678
2218
340
-654
-553
5189
15759
13391
-3753
-20452
-13414
11419
20951
7694
-8864
-5462
5003
-1155
-10856
-3328
11004
6979
-8100
-6983
8020
10421
-5380
-15311
-3255
12209
7443
-5181
-2818
6967
3063
-9338
-7250
6250
9293
-449
-6769
-1088
4619
-625
-6869
-3213
4901
4705
-1806
-2132
2580
3165
-2268
-5707
-2190
3425
3775
-1132
-3609
-1209
898
-1112
-2417
249
2314
495
-2387
-1902
68
65
-1258
-1582
-400
70
-1533
-3353
-2725
278
1966
212
-2077
-2450
-1451
-303
193
-70
-475
-740
-784
-817
-101
266
-813
-928
374
1595
1324
511
-152
-101
565
849
-411
-593
1115
1822
9260
15568
7336
-11188
-20655
-3628
16862
16587
-199
-9808
906
6093
-5432
-11005
1393
11010
539
-9591
-480
11912
6593
-9765
-13426
1001
9958
1719
-4308
3655
9434
-907
-10723
-4123
5515
4638
-2425
-3550
2460
3714
-1959
-6250
-2668
3355
2595
728
944
375
-914
-2400
-1649
-382
701
913
-477
-17
794
-643
-3013
-3618
-774
2500
2372
175
-1650
-2242
-1765
-1246
-889
-1686
-2001
-895
-682
225
948
-689
-2756
-2621
-492
446
561
-261
-1339
-914
-403
-398
-662
-257
-761
-1313
-64
1718
3156
1936
-317
-1892
-966
1354
844
816
110
5693
16333
12880
-4777
-20890
-12385
10540
17307
5249
-7809
-1128
8548
-1129
-12988
-5975
8542
5459
-6960
-3727
10276
11042
-4661
-15282
-5355
8781
5010
-4661
-368
9843
5786
-7590
-8599
536
4028
-594
-3737
1698
6483
1954
-5548
-5954
764
2982
461
115
1284
1613
-791
-2663
-2065
-233
579
-828
-619
1642
2070
-581
-3498
-3344
-268
1474
481
-566
-348
291
-266
-1737
-3718
-4053
-1664
-136
630
1681
946
-2282
-4326
-2192
613
1780
290
-1964
-730
1253
702
-2110
-3051
-977
101
925
2167
1951
1196
537
-712
-277
-439
-507
-219
689
11551
18311
8371
-10940
-21159
-5316
13544
13754
-410
-7012
5175
8376
-5066
-11909
-2513
6360
-54
-6564
1360
12081
8845
-6135
-12668
-2149
5380
-582
-4226
3664
10899
4253
-5592
-6429
-2179
382
-1673
-2281
1916
5517
3437
-1756
-3275
-1161
-682
-1476
-612
1060
3449
3199
-441
-3491
-3304
-900
-1225
-1458
907
2290
1399
-992
-1798
-948
-793
-1358
-2150
-1243
1118
1826
-74
-2988
-3994
-3009
-1548
206
1261
453
-808
-1162
-998
-470
-737
-1473
-2233
-704
1925
1234
-356
-1664
-1078
259
951
767
431
2308
1926
-8
-2373
-788
967
2666
12438
14541
3983
-12755
-16289
656
12381
8384
-5196
-4686
8820
7268
-6320
-9895
1432
5630
-3937
-7159
4084
13252
5792
-8538
-9378
2720
4646
-4745
-5990
5373
10945
1015
-6605
-3394
1696
-351
-5424
-3458
3793
6557
922
-3375
-705
2807
-299
-4267
-1770
2201
3099
-271
-2166
-707
713
245
-2498
-2223
335
686
-666
-495
1585
1120
-1988
-3449
-2183
92
1437
290
-1738
-2224
-1710
-1537
-1642
-563
60
-1052
-903
291
721
-275
-1616
-1846
-1282
353
663
-380
-570
-431
-171
370
1223
779
169
774
1255
117
-175
865
977
7898
14039
7817
-6464
-15050
-5003
7378
8081
-1131
-5560
5118
9343
-1531
-9397
-2022
5600
-1114
-7736
-504
10326
8641
-3290
-8476
160
5824
-1491
-7279
262
8743
2870
-5709
-3625
2438
2188
-3750
-5212
307
4228
1554
-3222
-1230
4042
2105
-3030
-3132
1473
3228
-275
-2920
-2247
445
1191
-1390
-2087
598
1818
-618
-2389
-337
1229
-371
-2233
-2075
299
1852
94
-2650
-3106
-1484
-684
-1176
-468
801
529
-912
-1682
-531
45
-806
-1680
-1181
772
527
-696
-1260
16
2159
986
-76
387
1843
2181
-199
-1417
-226
-83
2117
10396
13462
4577
-10132
-13116
-366
8677
3481
-6136
27
10455
3930
-7433
-5894
5171
5239
-7097
-10187
3211
12602
3873
-6136
-1551
6285
1209
-8749
-6404
6292
8033
-3959
-6952
2655
7222
-651
-6800
-2442
2495
489
-4373
-1904
6581
6588
-2959
-6030
481
4037
-1239
-6174
-2849
2491
3106
-675
-1805
1707
2426
-1627
-4432
-1443
1829
-382
-3066
-1000
2552
2347
-1306
-3252
-2017
-1108
-1923
-2676
-539
2134
1263
-1192
-1453
583
651
-1886
-3224
-1555
848
1069
178
-501
138
699
-203
-247
869
2446
1869
-76
-562
913
813
2127
9714
11131
2775
-8524
-9026
1261
4597
202
-4548
1380
8713
2188
-6080
-1789
7449
2793
-9272
-8165
3701
8122
1905
-1993
3336
6625
-1974
-9796
-4279
6003
3121
-6557
-3721
5923
6382
-2110
-4623
613
1044
-4109
-5971
494
8072
4942
-3018
-2773
2615
1516
-5926
-6231
394
2760
141
-1876
757
3324
881
-3321
-3558
378
747
-2868
-2730
1114
2465
-184
-2040
-676
154
-1366
-3051
-2557
1
794
-424
-507
852
1295
-851
-2157
-832
670
-347
-2244
-1152
1037
1731
274
-524
744
2450
2325
76
-1043
-117
1214
-610
3328
11536
10379
833
-8941
-5720
1366
853
-2299
-1910
5616
6153
-2715
-4848
3986
8173
-2288
-10777
-4257
4625
3576
-334
2024
6964
3111
-5912
-6183
2155
5104
-3884
-8037
469
6484
1906
-2887
1081
4340
-766
-6557
-4455
2355
3963
-900
-2536
2284
3790
-1992
-5616
-1080
2510
-836
-4003
-1433
3038
2612
-989
-1919
232
505
-3008
-4149
-295
2079
-486
-2697
-772
1690
227
-2309
-2028
-512
-291
-1752
-1418
318
607
-189
-752
776
1653
-33
-1843
-1943
-799
-512
-299
1173
2001
1760
1473
1155
389
-700
-449
-527
3342
9517
8041
1451
-4669
-3043
508
-671
-1501
-810
2841
2231
-2753
-1508
5734
7406
-1703
-8005
-3283
1992
618
-566
2656
5180
1394
-3454
-1226
3587
2351
-5000
-6336
897
3702
-407
-1697
2343
3581
-1233
-3731
-232
1781
-398
-3574
-1765
2912
1890
-1973
-2710
817
1680
-1623
-1892
-3
262
-1897
-2362
468
1862
217
-1921
-1372
363
-537
-2389
-1962
-586
-487
-1223
-533
745
-40
-1538
-1507
92
381
-936
-1222
-200
679
446
260
270
84
-806
-1178
368
1593
1325
175
228
1406
604
75
-358
305
5930
7963
4412
-1145
-3638
-850
-1560
-1737
659
3179
3135
-2418
-3703
2096
6785
2744
-4710
-4336
-335
-266
-509
2721
4739
871
-3774
-1266
3968
3526
-2334
-5649
-1504
1659
31
-215
2349
2925
-1246
-2524
1216
2349
-879
-4282
-2637
1355
1534
-777
-1141
956
981
-1124
-711
835
-312
-3011
-3017
233
1849
-1
-1594
-314
1176
-619
-2888
-1922
83
26
-1250
-984
32
-875
-2094
-1084
1338
1566
-1081
-2362
-1248
131
617
378
336
41
-414
-145
948
1728
984
-525
-1230
-64
986
1401
691
889
4915
6146
3506
-581
-2288
-1334
-2882
-2025
1528
3904
1469
-3584
-1884
4061
5870
928
-3956
-3177
-1553
-1251
1333
4573
2965
-2550
-3711
1658
4816
1689
-2997
-3526
-831
-28
249
1964
2039
-711
-2120
876
2804
119
-2449
-2539
-919
178
-93
-210
-180
174
406
941
1177
-685
-2223
-1646
-489
-491
-1157
-1063
-817
-188
1039
1082
-392
-1920
-2017
-910
-133
-23
-906
-1803
-1127
47
847
537
-346
-846
-1204
-299
491
142
-252
-692
-182
489
654
921
954
852
135
-750
-318
323
463
2991
5431
4882
1984
-1501
-2354
-2937
-1739
1494
2770
967
-3125
-2577
2641
5578
3216
-1625
-3433
-3077
-1835
1774
4428
1782
-3594
-4062
1587
4841
2175
-1581
-2673
-1630
-637
1102
2653
885
-2426
-2297
1585
3452
657
-2140
-2018
-1257
-837
-79
740
-112
-1386
-169
1814
1582
-927
-2040
-687
-39
-592
-914
-680
-779
-739
732
1534
-140
-1941
-1151
1064
1336
-489
-2078
-2413
-1641
-175
1037
1090
-315
-1460
-468
1352
1586
-262
-1634
-1445
-451
949
1569
1310
150
-639
209
845
1031
65
-733
1757
3957
4079
2033
-984
-2594
-3464
-911
2745
2742
-621
-3758
-1624
2985
4670
2401
-1457
-3378
-2932
-254
3467
3635
-857
-4719
-2553
2935
4188
1303
-1314
-2216
-2136
-1026
1437
1985
-534
-2164
-80
2753
2090
-888
-2114
-1098
-493
-519
-229
-147
-939
-870
1318
2561
755
-1918
-2026
-174
472
-376
-1335
-1594
-1183
126
1673
1571
-303
-1713
-1039
498
956
-58
-1398
-1693
-728
539
990
163
-729
-783
-164
682
588
154
-204
-204
504
889
686
-112
-479
248
1023
756
-103
-647
576
3206
4351
3534
599
-2530
-3978
-2516
1804
3642
735
-3820
-4279
359
4520
4630
1060
-2926
-4484
-2483
2203
4812
1655
-3672
-4522
75
3712
2569
-124
-1514
-1452
-674
825
1540
-307
-2515
-2039
926
2521
914
-1365
-1723
-484
383
415
-233
-1258
-1466
0
1833
1826
25
-1373
-1012
90
347
-651
-1864
-2021
-750
880
1296
338
-639
-244
985
1526
368
-1660
-2520
-1546
413
1433
908
-213
-768
-93
963
1178
311
-845
-1083
-208
742
1145
795
404
352
565
545
-156
-729
-201
1980
3764
3688
1493
-1826
-3620
-2466
1285
3273
732
-3381
-4236
-458
3750
4439
1371
-2854
-4650
-2281
2387
4532
1345
-3458
-4093
-166
3233
2515
-355
-2107
-1701
204
2169
2219
-307
-2960
-2579
305
1835
313
-1888
-1786
237
1647
1176
-636
-2189
-2008
105
2203
1871
-639
-2421
-1372
1139
2068
423
-2012
-2740
-1213
815
1373
53
-1281
-825
1069
2389
1429
-812
-2181
-1561
82
781
115
-883
-720
593
1810
1810
566
-664
-816
176
1094
1022
294
-202
133
809
912
249
-534
-161
1500
3101
3354
1239
-2155
-4049
-2274
1856
3583
973
-2945
-3708
-625
2842
3671
1191
-2588
-4392
-2279
2158
3943
810
-3378
-3579
27
2578
1714
-438
-1553
-1143
239
1716
1614
-754
-2743
-1610
1314
2064
-424
-2773
-2194
256
1735
1059
-689
-1902
-1356
709
2241
1420
-1132
-2496
-1161
1039
1499
-203
-1859
-1529
238
1392
631
-1038
-1629
-401
1556
2201
855
-1097
-1676
-328
1134
931
-585
-1466
-541
1086
1847
1259
171
-287
159
1045
1304
461
-618
-723
389
1311
856
-327
-768
536
2575
3601
2534
-713
-3791
-3932
-641
2913
2697
-862
-3638
-2465
1360
3834
2761
-973
-4013
-3431
338
3478
2282
-1965
-4351
-2261
1707
3076
1015
-1764
-2463
-604
1817
2360
285
-2214
-2268
-33
1689
863
-1302
-2180
-945
984
1601
394
-1293
-1602
-97
1533
1380
-386
-1609
-872
797
1315
13
-1624
-1784
-290
1291
1289
-134
-1151
-432
1296
2006
792
-1117
-1828
-749
828
1253
347
-664
-597
382
1111
838
-29
-368
253
1082
1187
491
-178
-191
340
832
656
-161
-905
-583
1077
2915
3314
1353
-1946
-3912
-2666
754
2788
1170
-2408
-4041
-1784
2222
4134
2064
-2142
-4414
-2433
1830
3729
1090
-3042
-4131
-1337
1947
2398
187
-1997
-1892
316
2253
1695
-919
-2684
-1648
802
1705
227
-1574
-1564
129
1622
1456
-80
-1355
-1023
465
1290
387
-1181
-1461
-52
1427
1309
-213
-1430
-1002
625
1682
1032
-498
-1050
94
1648
1818
338
-1288
-1485
-288
865
819
-99
-648
-185
715
1042
575
63
184
713
885
338
-434
-685
-168
652
966
394
-590
-971
-89
1606
2803
2159
-462
-3158
-3358
-583
2377
2222
-1044
-3923
-3234
383
3428
3011
-480
-3665
-3365
255
3381
2480
-1523
-4163
-2628
1046
2788
1141
-1645
-2478
-646
1773
2138
1
-2375
-2511
-473
1301
1012
-529
-1205
-169
1349
1620
369
-1003
-1002
284
1256
697
-757
-1364
-471
778
933
-107
-1075
-847
418
1448
1198
29
-681
-69
1164
1531
521
-778
-982
-25
862
661
-269
-736
-224
584
746
220
-178
165
929
1224
635
-278
-624
-128
608
778
176
-614
-781
-7
1306
2282
2105
490
-1754
-2891
-1805
545
1711
304
-2287
-3238
-1343
1658
2873
1116
-1906
-3245
-1606
1285
2319
379
-2320
-2781
-657
1528
1496
-327
-1656
-1055
688
1597
651
-1197
-2119
-1319
131
575
-255
-1040
-589
700
1405
847
-175
-443
218
832
526
-440
-975
-474
514
913
301
-604
-742
144
1190
1358
554
-262
-191
568
1041
664
-91
-376
27
534
513
50
-216
103
613
635
68
-411
-116
762
1295
843
-134
-609
-131
723
945
238
-694
-953
-313
785
1716
2031
1448
-127
-1905
-2408
-1074
793
1092
-732
-2741
-2636
-233
2285
2454
26
-2711
-3061
-666
1935
1853
-852
-3167
-2604
66
1891
1229
-704
-1603
-597
1062
1509
200
-1643
-2232
-1094
394
692
-190
-879
-337
926
1545
868
-414
-1059
-549
437
780
149
-650
-651
120
738
543
-119
-375
145
893
1090
614
96
132
560
713
315
-207
-302
9
214
48
-155
71
651
983
639
-64
-333
182
953
1109
455
-300
-365
209
671
550
89
-184
-84
173
465
932
1508
1509
272
-1625
-2507
-1360
694
1381
-154
-2272
-2540
-457
1934
2165
-84
-2531
-2614
-230
1994
1505
-1223
-3219
-2388
202
1707
798
-1102
-1667
-263
1473
1522
-314
-2207
-2328
-787
592
404
-753
-1192
-172
1319
1728
699
-629
-955
-179
591
366
-593
-1110
-523
518
869
250
-484
-398
435
1115
972
276
-141
131
700
898
533
11
-147
53
188
52
-105
77
518
744
505
136
167
613
930
658
-20
-446
-253
276
592
460
170
85
234
410
563
861
1251
1192
127
-1448
-2085
-1014
762
1257
-226
-2139
-2315
-355
1865
2085
-42
-2435
-2660
-455
1836
1687
-773
-2879
-2377
103
1870
1237
-823
-1954
-995
892
1552
192
-1730
-2154
-740
833
841
-523
-1477
-784
854
1678
898
-518
-1016
-194
840
771
-389
-1306
-937
293
1035
593
-324
-523
304
1251
1298
455
-319
-257
423
882
642
39
-293
-136
189
286
153
81
192
306
213
80
269
772
1095
721
-156
-707
-404
341
603
100
-477
-323
469
1030
840
353
401
957
948
-335
-2010
-2333
-771
1109
1279
-482
-2162
-1698
612
2391
1597
-1144
-3044
-2095
683
2190
757
-1949
-2811
-923
1491
1835
-25
-1790
-1491
413
1689
859
-1156
-2175
-1148
678
1241
65
-1264
-1041
539
1689
1156
-342
-1099
-410
728
875
-132
-1092
-923
106
806
480
-329
-544
192
1165
1359
624
-180
-242
321
691
367
-278
-527
-207
230
321
115
7
172
372
351
161
78
257
486
461
172
-66
46
359
438
68
-415
-417
165
742
717
216
7
542
1188
801
-762
-2146
-1919
-279
1024
622
-920
-1742
-761
1119
1902
579
-1654
-2489
-991
1218
1636
-194
-2105
-1884
141
1660
1137
-655
-1690
-944
622
1187
90
-1425
-1627
-311
959
774
-452
-1072
-305
921
1171
228
-751
-691
250
899
441
-633
-1071
-367
640
805
29
-646
-343
677
1347
1032
195
-233
108
664
697
160
-332
-306
72
288
132
-76
8
309
447
246
-17
44
430
718
532
-26
-423
-254
265
545
245
-305
-453
14
595
670
268
-15
292
754
471
-690
-1720
-1519
-254
713
305
-987
-1656
-803
830
1566
562
-1323
-2177
-1082
737
1287
-24
-1634
-1711
-221
1184
1088
-191
-1207
-916
248
894
286
-870
-1222
-383
677
780
-25
-635
-295
604
1029
530
-306
-566
-23
604
512
-216
-713
-420
298
616
266
-197
-138
441
938
874
370
9
130
466
550
232
-167
-247
-11
177
83
-127
-120
151
400
363
154
54
179
347
285
-10
-264
-186
140
335
125
-306
-438
-25
599
783
309
-319
-364
354
982
524
-866
-1836
-1319
146
953
182
-1266
-1769
-714
908
1370
112
-1605
-1935
-473
1181
1143
-577
-1966
-1476
278
1339
645
-843
-1410
-497
727
843
-225
-1201
-948
216
961
522
-410
-585
264
1124
997
36
-625
-266
601
846
132
-679
-651
170
823
623
-73
-369
124
878
1079
562
-32
-53
444
799
566
15
-257
-22
320
299
-51
-274
-81
319
500
322
96
138
368
440
194
-130
-197
27
257
187
-166
-424
-254
249
610
424
-141
-460
-131
547
792
137
-949
-1412
-799
218
535
-251
-1289
-1451
-512
625
790
-195
-1350
-1427
-342
694
532
-652
-1497
-1119
32
716
303
-593
-983
-486
300
518
2
-580
-531
59
509
355
-96
-203
186
606
561
108
-229
-73
349
493
137
-325
-346
99
564
600
244
-47
91
536
823
688
278
20
152
447
550
338
33
-76
66
269
310
200
89
103
223
323
319
230
135
87
87
98
54
-32
-90
-90
-41
-6
-30
-85
-88
-8
94
131
59
-28
-8
79
57
-180
-503
-636
-492
-272
-238
-429
-634
-610
-330
-48
-49
-335
-610
-551
-235
-33
-187
-514
-630
-437
-162
-108
-280
-469
-472
-267
-66
-65
-236
-344
-226
35
198
143
20
17
148
267
234
89
-14
4
90
138
93
26
53
194
346
394
352
350
444
559
568
452
315
272
314
346
309
218
159
191
290
368
365
309
279
316
361
347
261
163
132
145
136
79
21
-11
-31
-55
-88
-109
-101
-52
14
29
-26
-94
-78
57
177
113
-139
-409
-497
-370
-210
-244
-483
-680
-599
-285
-33
-90
-394
-634
-585
-321
-127
-208
-472
-631
-523
-275
-144
-254
-446
-493
-338
-127
-24
-46
-88
-50
71
185
213
163
99
93
131
148
119
88
96
135
158
147
129
142
184
228
249
244
245
276
304
293
250
200
170
179
205
206
167
124
139
203
235
196
145
159
196
205
167
118
84
62
52
32
-5
-57
-79
-43
9
26
-10
-45
-19
37
51
15
-24
-41
-45
-53
-66
-76
-78
-80
-68
-41
-32
-55
-89
-107
-111
-128
-143
-146
-149
-161
-164
-139
-88
-50
-55
-101
-145
-164
-171
-173
-189
-217
-226
-192
-132
-73
-43
-48
-40
-9
20
25
18
20
43
70
84
87
88
80
60
56
62
58
51
58
84
108
105
103
113
119
96
54
30
31
39
43
50
62
63
56
57
55
46
26
11
10
17
16
-6
-26
-25
-15
-2
-2
-11
-23
-37
-40
-35
-21
-19
-25
-14
1
7
0
-17
-28
-24
-2
23
38
30
10
0
1
-11
-21
-26
-21
-4
7
20
26
34
41
42
37
22
2
-16
-23
-22
-28
-39
-29
-1
23
31
20
10
15
13
-9
-28
-34
-31
-24
-14
5
12
-3
-10
1
5
-13
-38
-52
-45
-26
-3
25
36
20
-4
-7
-3
-15
-31
-38
-43
-43
-27
-2
16
8
-15
-22
-14
-21
-40
-50
-45
-28
-10
12
25
10
-17
-29
-19
-13
-27
-35
-23
-5
5
15
19
14
8
15
27
23
-3
-14
13
36
30
16
17
27
38
45
44
37
24
26
52
65
48
27
32
46
34
7
-6
-1
8
17
28
29
23
17
19
24
18
5
-4
0
10
7
-8
-21
-16
-1
-4
-30
-50
-46
-30
-27
-33
-32
-30
-35
-36
-23
-13
-21
-40
-46
-26
-13
-21
-28
-26
-23
-22
-20
-20
-19
-17
-21
-27
-35
-37
-30
-16
-14
-18
-10
-3
-2
-5
-14
-25
-35
-39
-25
0
15
19
29
39
29
3
-22
-21
-6
0
-3
6
20
32
46
51
41
25
16
22
38
35
9
0
17
38
48
45
30
13
2
12
26
23
8
-3
8
30
35
23
9
2
3
9
11
12
5
-4
-12
-20
-21
-20
-19
-14
-10
-9
-14
-14
1
12
-1
-21
-31
-36
-38
-26
-9
1
-7
-20
-28
-29
-30
-39
-37
-29
-29
-27
-20
-11
-11
-14
-17
-18
-18
-22
-24
-23
-19
-16
-19
-19
-15
-4
6
6
9
8
0
-9
-8
-3
-3
-9
-7
11
29
32
27
21
17
9
2
7
16
9
-3
-3
14
36
36
28
23
20
14
3
-7
-14
-17
-10
8
22
25
18
9
12
16
16
15
4
-20
-30
-20
-7
-5
-6
3
3
-8
-19
-11
-1
0
-12
-20
-16
-15
-16
-8
5
8
-3
-2
9
10
-1
-7
-10
-10
-10
-14
-15
-11
-6
0
11
13
4
-5
-16
-25
-19
-13
-9
-9
-3
6
6
1
-4
-4
-3
-6
-1
8
7
-1
-9
-4
6
5
-3
-8
-5
-6
-4
2
13
17
10
4
4
4
-2
0
12
16
9
-6
-12
-4
2
2
4
7
7
2
2
19
33
24
9
8
11
7
-7
-8
6
22
21
16
15
16
13
10
6
2
-6
-16
-17
-6
-2
-12
-17
-8
9
16
7
-3
-13
-21
-23
-14
-6
-5
-15
-14
2
9
7
3
3
2
-5
-11
-13
-13
-10
-1
6
9
5
9
11
3
-8
-8
4
14
24
26
21
12
4
7
18
16
-2
-16
-10
7
19
19
18
17
7
-2
7
23
22
8
-7
-18
-13
4
16
16
7
-8
-6
6
9
10
3
-9
-15
-6
5
8
1
1
9
14
12
12
14
8
-2
-1
2
3
3
5
12
10
4
2
8
14
11
4
5
1
1
4
0
-8
-10
1
17
19
12
3
2
7
11
9
5
3
2
-1
2
8
16
25
25
16
8
5
2
14
32
28
15
7
7
17
20
14
1
-11
-14
-2
7
5
-2
-9
0
8
11
7
-2
-9
-19
-27
-26
-18
-11
-5
4
12
5
-13
-25
-23
-10
-4
-8
-9
-7
1
10
13
7
4
9
10
16
21
15
3
-10
-15
-9
0
7
10
8
6
10
16
19
15
9
7
14
18
18
12
9
9
10
8
7
6
10
9
6
9
12
7
1
1
10
7
-3
-1
7
14
14
8
9
15
13
13
16
17
7
3
7
12
11
1
-11
-6
10
14
4
-12
-18
-6
7
8
-3
-15
-23
-25
-23
-20
-18
-21
-17
-4
3
0
-10
-15
-13
-11
-12
-17
-24
-26
-24
-16
-3
7
7
-1
-9
-12
-11
-7
-4
-5
-7
-14
-15
-12
-7
3
7
3
1
7
11
11
2
-7
-9
-2
4
9
18
26
26
29
29
19
10
6
9
16
14
15
23
26
24
25
24
13
0
5
19
29
28
21
13
12
8
6
6
3
4
8
4
2
3
0
-7
-11
-12
-9
-10
-17
-24
-19
-11
-15
-20
-17
-15
-20
-22
-16
-13
-20
-30
-31
-17
-6
-14
-23
-20
-14
-15
-17
-12
-4
-3
-9
-8
-1
-5
-16
-20
-10
5
4
-7
-10
-7
-9
-14
-11
-1
6
4
1
-1
-4
-7
-11
-11
-3
8
12
13
15
11
5
1
5
9
9
-3
-10
-3
12
19
15
12
16
18
17
17
15
6
1
1
9
16
19
20
23
27
20
9
2
-1
8
13
5
-4
-3
6
8
-2
-12
-10
-4
-6
-6
-3
-2
-4
-8
-7
-4
-13
-26
-26
-13
1
-1
-9
-8
-4
-3
-6
-4
1
-2
-10
-16
-13
-14
-15
-14
-10
-10
-16
-16
-9
-11
-22
-27
-20
-12
-10
-5
1
-6
-12
-5
2
-4
-16
-18
-13
-6
-7
-7
-5
-4
-3
0
-2
-8
-9
-5
6
17
19
10
3
4
6
9
5
-3
1
7
5
6
10
17
20
19
20
21
18
11
6
5
8
8
10
15
18
12
7
10
6
3
-1
-6
-6
4
11
6
2
2
2
-2
-13
-17
-15
-6
1
0
-1
-1
0
3
0
-7
-15
-10
0
3
1
-8
-13
-10
-2
0
0
-6
-13
-14
-15
-13
-4
-5
-7
-2
4
1
-11
-17
-14
-8
-9
-14
-23
-26
-23
-11
2
2
0
1
3
1
0
5
4
0
-3
1
9
12
10
6
0
-2
3
7
13
21
18
12
7
4
3
5
2
1
3
8
14
20
18
10
0
-7
-5
-2
-3
0
5
2
0
4
7
6
4
4
3
1
-2
0
8
7
9
12
7
-3
-8
-3
8
8
-2
-8
-7
-5
1
5
9
9
-1
-13
-15
-10
-8
-10
-10
0
13
11
0
-5
-1
-1
-11
-16
-11
-2
-1
-8
-8
2
9
9
5
9
14
10
7
9
14
15
12
6
10
12
9
6
3
2
-3
-7
-1
8
9
1
-8
-5
1
3
6
2
1
2
5
9
13
9
-3
-11
-12
-11
-15
-16
-7
3
9
5
2
-1
2
6
7
4
-2
-7
-2
17
30
22
5
0
3
7
10
11
14
9
5
12
20
21
13
3
1
5
8
1
-1
6
10
11
16
21
16
9
1
-5
-4
-1
-1
1
4
2
4
11
16
14
12
10
0
-7
-9
-7
-2
2
1
4
11
14
13
9
1
-4
-12
-12
-2
0
-9
-14
-10
-7
2
10
6
-6
-15
-16
-9
-3
-1
1
1
2
-2
-3
-2
-1
-3
-7
-4
4
5
-1
-1
8
19
10
-7
-4
6
13
12
8
8
12
6
-1
4
5
0
3
11
16
14
9
0
0
5
9
10
10
8
11
18
19
21
23
16
14
11
1
-3
-5
-5
1
6
2
0
2
1
-3
-4
-4
1
8
1
-2
1
-1
1
9
13
14
13
6
0
-1
-2
-7
-6
-4
-2
2
-2
-4
0
0
-1
-6
-10
-8
-12
-15
-11
-9
-8
-5
-2
-2
-10
-17
-15
-12
-11
-11
-9
-7
-6
-7
-8
-4
-5
-4
-2
1
10
14
6
1
2
2
0
-3
-1
3
2
6
11
8
5
5
9
19
23
17
12
14
18
17
13
8
10
17
23
21
13
7
9
12
18
23
17
9
7
5
5
4
3
3
7
6
0
0
5
4
6
14
12
4
-3
-6
-7
-4
-4
-3
-4
-5
-6
-5
-3
-7
-15
-20
-20
-22
-24
-26
-25
-24
-17
-5
6
0
-18
-22
-12
-20
-33
-26
-11
-4
-11
-4
22
36
17
12
40
14
-48
-35
-11
-29
-17
7
8
14
5
-21
5
49
14
-30
31
80
-22
-85
46
133
55
9
70
71
-115
-274
-119
93
37
-93
-73
135
60
-716
-607
1141
1053
-491
1433
3048
-650
-2438
463
-433
-3834
-1533
1873
161
-361
2773
2637
-275
-349
270
-1445
-2235
-915
-509
-607
646
1411
875
931
1144
130
-762
-464
-459
-1092
-762
185
312
186
635
811
306
0
-73
-455
-617
-343
-400
-373
289
507
83
275
617
-48
-520
-123
-311
-755
-203
178
-86
321
773
269
55
419
23
-612
-384
-158
-484
-456
74
328
205
262
577
499
-38
-147
55
-370
-774
-206
0
-539
-205
461
-12
-371
395
671
143
391
1067
701
-255
-459
-274
-833
-1301
-492
312
196
571
1381
1138
406
234
-238
-873
-812
-764
-799
-60
491
269
566
1038
424
-257
84
-77
-890
-748
88
-244
-452
558
1113
328
536
1479
462
-852
-519
-307
-1555
-1339
14
241
-47
948
1335
384
-117
-227
-1037
-1531
-950
-660
-513
394
1183
747
611
841
179
-915
-879
-626
-917
-803
106
570
493
711
872
531
48
-65
-301
-537
-519
-324
-282
-45
239
261
275
340
240
48
-52
-246
-352
-348
-287
-175
84
266
377
397
320
213
45
-207
-292
-210
-284
-193
114
261
227
380
383
147
111
94
-141
-162
39
-66
-129
128
195
11
100
199
7
-86
11
-71
-195
-112
-61
-146
-67
77
65
34
114
120
-6
-59
-26
-91
-211
-203
-147
-112
-73
23
77
135
93
9
-29
-76
-169
-196
-189
-168
-116
-89
-67
8
28
-37
5
3
-82
-117
-57
-166
-166
-53
-33
-88
34
82
-57
-64
-40
-137
-219
-122
-138
-99
12
73
35
126
113
-14
-44
-91
-208
-182
-58
-48
22
148
164
79
103
40
-99
-142
-69
-68
-25
116
180
114
108
111
1
-84
-88
-77
-77
8
81
90
74
78
47
-13
-32
-27
-43
-16
42
73
70
82
78
36
-7
-21
-21
-31
-18
-2
-10
-6
32
55
38
45
64
31
-11
-30
-64
-110
-94
-58
-37
7
58
58
54
69
16
-64
-64
-48
-85
-93
-18
4
-16
14
44
-11
-68
-67
-77
-96
-72
-41
-30
6
28
14
6
-2
-44
-68
-75
-95
-117
-102
-45
-10
1
23
62
56
16
-7
-58
-137
-151
-113
-107
-78
40
126
120
127
117
17
-84
-130
-174
-194
-102
36
107
139
194
183
68
-49
-112
-161
-200
-133
3
95
147
205
203
105
8
-52
-128
-171
-113
-37
-5
54
145
153
95
79
51
-42
-83
-51
-64
-70
-10
25
7
46
101
56
11
41
16
-51
-34
-7
-63
-89
-6
35
6
43
93
41
-13
1
-31
-99
-72
-1
3
27
86
84
22
5
-20
-95
-113
-65
-33
-7
60
94
66
35
1
-60
-99
-91
-65
-23
33
63
66
72
51
-13
-64
-77
-92
-77
-22
16
41
85
104
61
25
8
-52
-110
-103
-63
-38
8
87
122
110
106
83
8
-66
-101
-124
-123
-65
12
88
156
197
185
120
31
-59
-142
-192
-177
-116
-28
72
163
211
191
123
28
-69
-151
-189
-172
-111
-18
81
152
174
163
116
33
-52
-120
-161
-159
-107
-33
47
117
163
172
127
50
-40
-119
-163
-167
-126
-57
21
99
145
150
118
56
-14
-83
-124
-137
-127
-91
-32
31
75
104
109
84
40
-13
-59
-99
-123
-111
-69
-16
40
90
116
110
79
41
-12
-65
-90
-104
-96
-60
-14
31
77
106
106
88
53
4
-38
-57
-59
-47
-18
20
56
78
84
71
36
0
-23
-39
-47
-31
-2
18
40
55
52
44
37
15
-9
-15
-7
-7
-6
10
18
17
17
19
17
22
27
31
30
22
6
-9
-16
-26
-15
-19
30
63
13
17
27
16
-19
-5
-7
-32
-8
19
14
3
20
13
-22
-41
-20
-26
-39
-28
-8
-7
-7
2
1
-1
-3
-10
-20
-11
-14
-27
-23
-1
7
0
1
13
8
-6
0
4
-3
-17
-20
-16
-12
-10
-7
4
13
13
8
10
16
10
7
15
16
13
18
26
25
22
22
20
19
20
20
19
13
11
10
6
8
16
21
24
24
21
17
11
12
13
10
6
6
11
12
10
10
10
12
6
-1
3
11
6
-3
3
14
11
1
1
0
-6
-10
-5
1
1
-4
-8
-7
-4
-9
-12
-3
6
2
-5
-2
0
-4
-7
-6
-7
-11
-15
-10
-2
-10
-20
-18
-12
-7
-13
-16
-10
-7
-8
-6
-6
-9
-9
-7
1
6
-1
-6
-1
2
1
-3
-5
-2
5
5
2
7
16
15
10
13
14
9
2
4
10
10
6
13
22
19
13
12
18
19
15
13
21
26
20
18
19
12
8
10
9
9
9
10
14
13
11
13
9
4
7
9
12
10
9
8
7
6
3
-1
-1
-2
-10
-7
1
-3
-5
-5
-8
-12
-16
-17
-11
-6
-3
-4
-6
-4
-3
-14
-21
-14
-12
-16
-14
-6
-2
-8
-10
-3
1
0
-2
-6
-6
-12
-18
-19
-18
-11
-3
3
12
9
2
6
1
-8
-3
-3
-7
-2
8
24
28
20
22
21
11
7
2
1
9
15
24
25
25
31
25
17
13
3
-3
-4
-8
-1
6
10
18
19
11
4
7
7
2
1
3
8
9
13
16
17
11
2
2
6
5
1
-2
3
7
7
7
10
14
6
-5
-7
-1
-3
-4
-2
1
6
2
-2
1
5
3
4
0
-4
-9
-6
-2
-4
-4
-5
-5
0
0
-6
-9
-13
-16
-18
-18
-11
-14
-19
-18
-10
-3
-2
1
3
2
-4
-2
-2
-4
-3
-2
-3
0
1
1
5
10
5
-2
-3
-1
-4
-8
-1
4
0
4
8
14
14
9
6
6
0
-2
-1
1
9
14
17
22
25
21
11
5
6
0
-2
8
12
11
16
23
23
20
13
7
6
1
-5
-7
-4
2
10
17
20
15
10
6
1
3
1
0
0
-2
-1
3
5
3
6
4
0
-3
-7
-8
-7
-6
-2
-2
-6
-5
3
3
0
-3
-9
-12
-12
-13
-12
-9
-10
-13
-6
5
8
5
-2
-5
-8
-15
-17
-15
-13
-9
-3
2
6
11
12
8
1
-9
-19
-20
-20
-19
-7
2
9
18
17
10
4
-5
-9
-9
-14
-12
-1
9
15
17
14
14
13
9
4
5
4
1
7
17
16
18
24
26
21
13
8
2
-4
-5
-1
1
2
4
11
13
14
14
12
12
12
10
6
4
4
6
7
6
6
5
2
2
1
-1
-4
-7
-5
2
2
-1
-2
-7
-6
-2
-1
1
1
-1
0
1
-4
-15
-18
-15
-12
-13
-12
0
7
8
8
6
-3
-13
-18
-19
-11
-1
4
11
15
12
8
4
-1
-5
-7
-6
-3
-2
4
8
10
16
15
11
10
5
3
-2
-5
3
5
-1
7
10
9
10
2
1
4
1
-1
-3
-2
1
-1
5
16
12
9
9
4
3
0
1
4
8
14
13
16
17
12
11
10
8
5
4
8
13
16
14
9
8
6
3
3
2
2
3
2
2
-1
-5
1
6
3
2
5
10
12
11
7
8
3
-1
-1
0
-4
-9
-6
2
6
-1
-9
-9
-13
-20
-21
-18
-15
-12
-13
-8
-2
-3
-3
0
0
-9
-14
-9
-11
-17
-12
-2
-1
0
7
6
2
-4
-4
-3
-7
-4
-4
-6
-1
4
7
8
7
7
8
8
6
3
8
8
9
15
17
16
14
13
14
13
15
13
13
11
9
6
8
12
13
13
14
13
8
6
5
3
3
2
-2
-1
8
10
4
4
7
8
7
2
-3
-2
-5
-11
-8
-4
1
4
1
5
10
3
-1
3
-4
-11
-9
-7
-4
-7
-12
-12
-10
-7
-11
-11
-9
-12
-13
-14
-16
-13
-14
-17
-11
-7
-8
-8
-10
-12
-9
-10
-12
-7
-4
-7
-11
-12
-11
-15
-15
-9
-7
-8
-7
-1
3
4
7
8
3
4
4
-1
-3
1
1
5
16
24
27
23
14
9
10
10
12
10
9
16
23
21
18
22
20
14
14
10
7
12
13
6
6
9
11
9
5
1
-3
-6
-3
1
2
4
6
1
0
0
-5
-7
-8
-12
-10
-6
-6
-5
0
6
1
-9
-14
-11
-13
-23
-21
-11
-11
-12
-7
-5
-3
-9
-10
-7
-10
-14
-21
-14
-5
-11
-13
-9
-7
-5
-6
-1
6
-3
-3
5
-1
-2
-1
-7
-1
8
7
13
10
5
6
13
12
7
7
3
2
-2
1
2
-1
0
-5
-6
4
6
5
5
5
4
2
6
13
11
9
10
9
9
7
10
11
9
10
11
8
10
9
0
-4
2
4
1
0
-1
-1
6
9
6
8
5
-3
1
0
-4
-1
-4
-4
4
6
5
4
3
8
13
2
-10
-10
-9
-11
-12
-13
-10
-6
-11
-11
-9
-9
-8
-13
-14
-8
-9
-9
-3
-7
-12
-12
-10
-9
-13
-12
-8
-5
3
1
-3
1
-3
-4
-2
-6
-7
2
7
9
5
8
13
8
1
-1
-1
2
4
2
0
1
11
9
3
5
5
7
7
10
13
13
14
17
20
19
13
9
9
7
6
8
8
6
4
9
11
3
-2
-3
-1
1
-1
-5
-1
6
-3
-6
1
-1
-3
-2
-5
-10
-12
-14
-10
-8
-10
-6
-4
-3
0
-4
-5
-7
-10
-14
-19
-17
-14
-12
-9
-5
-6
-6
-5
-8
-11
-13
-13
-11
-6
-10
-13
-8
-4
-6
-7
-3
0
-2
-1
-1
-4
-7
-8
-4
0
0
-3
-3
-2
3
3
1
4
3
4
8
4
1
6
9
2
0
6
4
2
8
10
12
14
15
17
20
17
14
14
9
10
9
2
2
6
4
7
8
6
11
19
20
16
10
8
3
1
4
5
2
2
6
7
6
4
0
-5
-3
-4
-11
-6
-4
-10
-8
-4
-9
-13
-12
-12
-15
-14
-12
-13
-13
-10
-13
-14
-12
-15
-19
-19
-16
-13
-14
-15
-8
-10
-13
-10
-6
-7
-8
-12
-12
-11
-13
-8
1
7
5
7
9
7
6
5
5
1
-1
5
8
10
10
11
12
11
10
8
7
5
3
4
9
10
7
9
12
8
5
4
4
5
5
12
17
13
14
18
19
18
12
8
10
10
-1
-5
-1
0
0
5
9
8
8
7
4
2
2
4
3
0
-5
-4
6
9
1
1
6
7
1
-6
-5
-5
-8
-2
0
-1
0
-5
-6
-5
-10
-12
-7
-8
-10
-13
-12
-11
-13
-14
-9
-5
-10
-19
-17
-14
-18
-17
-13
-11
-9
-7
-8
-9
-10
-8
1
-2
-5
1
3
1
3
8
8
7
8
5
0
-3
-3
0
3
0
3
8
9
11
12
12
11
7
6
14
18
14
13
19
25
30
30
23
17
11
8
6
3
0
5
8
9
12
15
12
6
1
-2
-2
-4
-6
-6
-4
-6
0
6
2
-5
-7
-9
-11
-13
-14
-11
-14
-14
-12
-12
-12
-10
-9
-7
-7
-6
0
-4
-5
-4
-5
-2
-5
-4
-5
-11
-12
-7
-6
-8
-9
-9
-11
-12
-13
-10
-11
-14
-14
-12
-11
-8
-7
-4
-4
-5
-2
1
-5
-10
-7
0
4
-1
-1
2
1
3
6
7
3
2
5
8
14
13
12
16
16
16
19
23
21
17
17
23
24
21
20
16
16
15
11
10
9
7
10
11
15
17
16
16
13
7
2
0
2
1
2
2
4
7
5
1
-4
-6
-7
-10
-15
-17
-16
-11
-10
-11
-8
-13
-14
-11
-15
-20
-21
-19
-19
-20
-17
-8
-4
-5
-11
-14
-10
-8
-9
-9
-8
-6
-9
-7
-5
-7
-7
-7
-6
-3
-1
2
2
-3
2
8
6
4
-1
-2
2
5
6
5
6
7
11
10
6
6
3
0
2
6
8
9
6
1
5
11
11
10
7
8
10
6
6
10
11
12
13
16
13
10
8
6
4
7
9
9
11
8
9
12
16
13
7
9
9
0
-5
1
5
5
8
7
3
4
7
7
5
2
-1
-4
0
3
1
0
3
-1
-2
1
0
-1
-4
2
7
3
0
-4
-10
-11
-12
-9
-6
-9
-13
-11
-7
-10
-16
-14
-12
-16
-13
-8
-10
-11
-9
-9
-5
-4
-8
-6
-1
-1
1
1
-1
1
3
0
-4
-8
-5
-1
-1
3
6
8
1
-6
-1
4
1
-1
1
3
1
1
2
3
7
4
3
9
12
11
12
10
4
3
8
12
12
9
8
10
7
4
6
9
9
9
9
7
4
2
5
8
6
5
7
3
0
-2
-3
-5
-8
-6
-1
5
5
2
2
2
0
-4
-5
-5
-3
-5
-4
-1
0
3
4
-4
-8
-6
-8
-5
-4
-8
-9
-9
-9
-9
-10
-8
-7
-9
-8
-7
-9
-8
-7
-6
-4
-5
-7
-9
-8
-8
-8
-8
-12
-11
-9
-7
-6
-8
-7
-5
-4
-5
-6
-3
-5
-4
2
5
7
8
10
9
7
8
8
9
11
10
10
12
15
15
13
10
4
4
7
9
10
7
5
8
9
2
1
1
0
3
3
0
0
0
0
2
3
0
0
5
5
0
0
0
-2
-4
-8
-11
-7
-5
-6
-5
-2
-2
-3
-1
-2
-8
-8
-8
-7
-7
-9
-11
-11
-12
-12
-12
-15
-11
-7
-7
-4
0
-1
-4
-5
-5
-4
0
-3
-7
-3
1
0
0
1
3
1
1
-1
-7
-6
-1
-1
6
7
4
7
8
7
10
9
9
7
3
3
8
8
3
5
6
4
6
10
7
1
2
5
9
6
-1
-1
4
4
2
4
7
5
2
3
2
0
-1
-1
-1
-1
0
5
8
9
7
5
7
4
0
-2
2
5
5
7
8
9
4
-3
-2
0
0
-2
-2
1
0
-1
-1
-1
0
0
0
-1
-1
0
-1
-2
-3
-6
-8
-8
-9
-7
-7
-9
-13
-12
-11
-10
-9
-6
-6
-5
-3
-2
-6
-6
-3
-5
-8
-7
-8
-6
-5
-3
0
-1
-2
-4
-2
1
0
1
0
-1
1
3
4
6
6
5
6
4
2
5
4
5
8
8
8
5
2
1
1
3
8
9
10
10
8
9
9
10
8
4
3
5
6
8
8
7
5
4
4
2
5
7
5
1
0
5
3
-2
-3
-2
-5
-8
-8
-10
-8
-3
-5
-2
2
2
1
-2
-9
-8
-5
-8
-6
-4
