2
5
1
-3
-2
-8
-12
-13
-14
-11
-8
-12
-12
-10
-9
-9
-14
-16
-13
-13
-11
-7
-11
-16
-12
-10
-11
-12
-13
-13
-10
-11
-11
-7
-8
-10
-8
-7
-3
-3
-7
-5
-2
-2
1
7
10
6
6
6
2
5
5
5
7
8
5
7
8
6
6
10
15
15
9
8
11
5
3
9
10
7
4
7
11
14
14
12
15
14
10
6
5
4
4
3
-1
3
7
7
4
1
-1
1
-2
-8
-8
-2
1
-1
-1
2
4
1
-1
1
-1
-4
-3
-4
-2
1
1
-1
-4
-8
-8
-10
-14
-17
-15
-11
-10
-13
-17
-19
-17
-16
-14
-16
-15
-17
-16
-9
-7
-6
-5
-6
-4
-3
-4
-6
-6
-5
-8
-8
-5
-6
-9
-3
0
-2
-2
1
4
3
3
6
5
4
5
9
11
10
10
11
13
13
11
11
13
12
9
16
16
14
13
11
13
9
6
9
13
11
7
7
5
2
-1
-3
-8
-9
-6
-3
0
-1
-1
3
6
4
3
6
4
0
-4
-10
-11
-9
-11
-9
-8
-12
-12
-5
1
4
-1
-7
-9
-11
-13
-9
-6
-8
-10
-11
-8
-6
-3
-6
-5
-9
-10
-4
-4
-6
-8
-7
-6
-3
-6
-5
2
2
-1
1
-1
-3
-2
-3
1
1
-2
-1
0
1
1
3
2
3
0
-2
3
7
5
3
6
6
-1
5
6
1
3
1
0
6
5
6
8
4
5
7
8
10
11
11
12
10
7
6
4
3
4
6
7
8
9
10
5
4
6
6
2
3
5
-1
0
3
3
5
5
6
4
-3
-4
-4
-6
-5
-4
-4
-2
-5
-4
-1
-7
-6
-2
-4
-4
-3
-5
-12
-18
-19
-16
-12
-10
-11
-8
-7
-12
-14
-13
-11
-12
-15
-13
-13
-13
-12
-11
-8
-9
-7
-5
-4
-4
-7
-7
-1
0
-1
1
-2
-2
4
4
5
7
5
7
12
11
7
4
9
8
4
9
7
5
7
9
8
7
7
6
12
14
15
19
14
13
15
11
11
13
9
5
8
8
3
4
12
13
7
5
7
8
7
1
-3
-1
0
-5
-6
-1
1
-3
-1
-3
-8
-12
-13
-12
-14
-13
-4
-2
-9
-11
-10
-7
-7
-9
-14
-15
-13
-15
-18
-15
-9
-12
-15
-13
-14
-15
-13
-13
-8
-9
-8
-3
-5
-4
-2
-2
-2
1
0
-4
-7
-14
-12
-4
-2
1
2
2
5
2
-2
-5
-9
-8
-4
-3
-3
-2
4
6
6
8
10
8
2
5
10
9
13
21
17
10
12
15
9
13
15
10
15
16
12
13
11
11
10
5
5
7
7
6
6
13
13
9
7
3
1
-1
-5
-2
1
-1
0
1
-3
-3
-2
-2
-4
-4
-6
-11
-14
-10
-6
-7
-6
-5
-6
-8
-11
-11
-11
-14
-13
-14
-15
-17
-16
-10
-6
-3
-4
-5
-6
-5
-7
-7
-7
-11
-11
-9
-9
-6
-5
-4
-1
-3
-8
-5
-5
-5
1
7
7
7
8
6
5
3
3
3
5
8
7
10
10
8
7
2
4
4
2
3
6
8
8
9
9
7
7
10
12
10
12
10
7
8
5
1
1
6
7
6
12
14
12
9
6
8
11
11
8
6
4
0
1
5
5
3
0
-3
-2
1
2
2
0
0
4
1
-3
-5
-5
-3
-3
-4
-1
-1
-2
-5
-5
-1
-5
-8
-9
-10
-11
-13
-13
-11
-11
-10
-11
-13
-14
-14
-14
-8
-6
-11
-12
-12
-11
-7
-5
-6
-8
-3
-4
-2
-2
-4
-3
-5
-3
1
0
1
7
7
5
7
7
5
6
7
6
6
4
5
8
8
5
5
8
10
14
15
15
16
15
9
6
10
13
14
13
8
11
12
9
7
4
4
6
5
2
3
0
-6
-9
-10
-6
0
1
-2
-2
-5
-7
-10
-11
-7
-7
-9
-2
2
-2
-2
0
2
1
-3
-5
-5
-7
-6
-6
-6
-7
-5
-7
-7
-2
-8
-13
-9
-8
-10
-7
-7
-6
-3
-3
-3
-6
-8
-7
-6
-5
-6
-4
-4
-8
-7
-4
-8
-11
-6
-6
-6
-5
-2
-1
3
4
3
4
2
-1
4
5
2
5
7
2
3
11
12
14
16
15
13
7
6
11
11
8
11
18
16
13
10
11
9
9
12
8
7
4
1
1
-2
-6
-7
-7
-8
-3
2
0
0
0
2
4
6
0
-3
-2
-6
-10
-9
-6
-6
-6
-5
-3
-1
-4
-7
-10
-11
-11
-10
-9
-10
-6
-6
-9
-10
-8
-6
-7
-8
-8
-6
-7
-10
-10
-5
-5
-4
-4
-5
-5
-6
-5
-3
-4
-1
4
6
5
10
7
0
3
6
4
5
8
13
14
12
9
12
14
7
3
1
-2
-7
-5
-1
2
2
5
8
11
10
9
7
7
6
7
11
10
5
8
10
10
12
12
7
7
8
8
10
10
2
1
8
3
0
6
3
1
4
6
5
10
10
4
2
-3
-6
-5
-3
-4
-5
-6
-4
-4
-6
-3
-2
-7
-9
-7
-7
-10
-12
-15
-18
-13
-8
-11
-9
-6
-9
-13
-14
-12
-10
-9
-10
-10
-7
-4
-3
-3
-5
-4
-3
-1
-2
-5
-5
0
5
4
1
4
4
-5
-7
-6
-9
-2
2
4
4
2
3
4
2
0
-5
-4
2
5
8
11
15
16
15
15
16
15
15
16
12
12
13
10
8
10
9
7
9
6
2
2
3
4
4
5
7
5
2
-6
-9
-4
-9
-7
-4
-3
3
3
-2
3
1
-3
0
0
-4
-3
-7
-8
-1
3
0
5
5
-1
-2
-2
-6
-6
-8
-13
-10
-5
-9
-12
-7
-6
-8
-9
-6
-5
-11
-12
-10
-11
-14
-12
-8
-12
-10
-7
-4
-5
-8
-10
-9
-9
-14
-12
-10
-7
-3
-2
-4
-4
-5
-3
-1
-3
-3
-1
0
3
5
6
6
9
10
8
7
4
11
17
14
14
19
15
13
16
15
13
15
14
9
11
10
3
6
11
10
5
1
0
5
7
6
7
4
-6
-4
3
-3
-8
-6
-7
-8
-2
-4
-6
-7
-5
-2
-7
-7
-4
-4
-2
-4
-4
-2
-4
-5
-8
-10
-7
-10
-10
-7
-7
-9
-5
-6
-9
-5
-2
-1
-2
0
-4
-10
-7
-6
-9
-7
-5
-8
-6
-6
-4
1
-3
-5
1
-2
-5
-1
-1
0
7
7
1
4
10
8
6
11
8
3
1
-2
-2
0
-4
1
6
5
8
6
5
9
8
4
7
8
7
12
11
7
9
11
9
8
3
0
3
5
6
8
7
4
4
3
2
3
-1
-4
-5
1
8
7
1
-2
-4
-1
5
0
-2
1
-5
-6
-2
-1
2
7
2
-5
-2
-1
-4
-1
3
-2
-2
-2
-9
-7
-5
-10
-7
-8
-11
-6
-5
-11
-10
-8
-9
-10
-9
-9
-8
-5
-9
-8
-9
-12
-10
-3
-3
-8
-8
-7
-4
-3
-4
-1
3
3
5
5
6
6
6
4
4
4
5
3
3
4
4
11
13
11
13
10
6
3
4
6
7
2
3
11
11
9
12
7
4
8
10
9
5
6
10
9
6
3
4
8
7
3
0
-1
2
3
4
6
3
0
0
-1
-2
-7
-5
-3
-3
0
4
-1
-9
-8
-8
-6
-4
-4
-3
-6
-9
-11
-12
-11
-10
-8
-9
-12
-13
-15
-19
-17
-17
-17
-13
-12
-10
-8
-8
-9
-7
-9
-11
-5
-5
-12
-15
-12
-2
5
2
-5
-7
-5
1
0
-4
-7
-4
1
2
6
11
3
-1
6
11
8
8
9
10
15
17
13
10
11
14
19
18
10
8
14
14
16
24
24
18
16
13
10
11
12
10
10
10
10
7
2
0
-1
-5
-1
4
3
-3
-5
-4
-4
-4
-8
-13
-10
-5
-5
-6
-10
-13
-11
-14
-17
-17
-13
-11
-13
-15
-17
-19
-20
-18
-13
-10
-12
-8
-7
-12
-12
-15
-13
-5
-4
-4
-3
-6
-7
-3
1
-2
-3
-5
1
7
1
-4
-3
0
2
6
10
7
8
6
5
14
17
11
14
14
5
3
7
8
11
16
13
7
3
2
11
12
6
6
3
4
17
16
9
13
19
20
23
17
4
5
11
10
7
1
-6
-3
8
7
0
-3
-7
0
11
9
3
0
-3
-1
3
3
2
3
0
-7
-10
-11
-13
-7
-1
-6
-4
1
0
-1
-3
-6
-7
-6
-6
-4
-2
-6
-7
-4
-4
-8
-13
-19
-21
-18
-19
-17
-11
-12
-10
-7
-10
-14
-11
-13
-11
-5
-6
-10
-2
-2
-6
-1
-1
-3
0
0
-1
2
5
3
7
10
2
4
8
4
7
11
6
5
9
10
15
14
6
10
13
9
8
13
14
12
14
10
7
12
12
13
16
15
14
12
10
7
5
5
8
8
7
9
6
0
-1
2
-3
-1
5
5
3
4
-5
-11
-6
-7
-9
-6
-7
-9
-10
-7
-2
-4
-4
-4
-8
-8
-4
-4
-14
-17
-11
-8
0
4
-2
-11
-12
-8
-9
-12
-11
-9
-10
-5
-2
-4
-7
-7
-11
-11
-7
-9
-9
-5
-5
-11
-13
-4
-8
-12
-4
-5
-9
-4
-1
0
0
-3
-3
2
3
-3
-4
-5
5
12
9
1
-3
5
15
17
14
11
15
16
20
18
10
8
7
7
13
13
10
14
20
20
18
11
3
6
9
8
6
2
-2
0
8
9
3
3
7
8
6
7
-1
-4
-3
-7
-6
-9
-13
-13
-7
-11
-11
-4
-3
-3
-1
-1
-3
-5
-12
-14
-7
-6
-8
-8
-4
-5
-7
-7
-7
-4
-5
-7
-2
-4
-8
-8
-2
-4
-10
-8
-4
-2
-2
-1
-2
-3
-2
-3
-4
-2
-5
-3
7
6
-2
1
4
5
7
4
-4
-2
4
3
3
2
-5
-1
0
-4
4
10
4
4
14
14
7
10
8
6
10
8
7
12
6
3
11
13
9
8
5
0
2
1
-5
5
8
4
13
13
4
2
5
2
0
-2
-10
-3
10
8
4
2
2
8
13
7
-8
-13
-12
6
19
12
2
0
1
2
5
-5
-19
-16
-9
-5
-5
-9
-12
-11
-12
-11
-12
-18
-22
-12
-5
-9
-11
-8
-4
-1
-2
-8
-11
-5
-3
-2
-1
-4
-3
-4
-5
0
7
9
4
7
3
-3
-3
-3
-3
-2
-5
-7
-3
1
4
8
7
4
5
7
4
1
0
-1
-1
3
5
3
7
12
13
8
4
10
14
13
9
6
5
8
12
10
7
1
2
10
11
9
6
0
3
2
3
4
1
-5
-5
-4
-9
-8
-1
-1
-2
1
6
13
8
-3
-8
-2
2
-1
-1
-5
-8
-6
-3
-3
1
-3
-4
-1
-5
-12
-17
-13
-6
-7
-18
-20
-11
-5
-7
-10
-14
-17
-15
-14
-17
-24
-25
-21
-13
-10
-17
-19
-13
-9
-4
-7
-12
-12
-12
-11
-9
-13
-7
0
2
8
7
7
12
12
9
8
10
12
12
9
5
9
9
10
14
11
15
20
22
14
13
17
17
16
13
17
20
19
13
8
9
5
6
13
13
19
25
30
31
20
1
-9
6
30
52
59
19
-31
-47
-8
50
50
-10
-64
-45
17
56
45
-20
-78
-73
-19
20
-13
-83
-109
-63
-8
-10
-48
-78
-64
-19
13
-8
-52
-84
-77
-33
-23
-65
-111
-85
-24
17
0
-43
-42
12
76
67
4
-56
-54
13
61
51
0
-28
8
76
117
83
22
7
61
144
171
129
76
61
91
136
162
142
119
142
205
251
245
220
212
209
182
118
54
53
124
239
321
356
387
427
407
210
-70
-248
-216
-50
52
5
-86
-39
166
366
364
109
-181
-262
-134
-34
-190
-517
-745
-691
-424
-195
-148
-244
-312
-181
94
272
107
-326
-642
-573
-208
76
42
-215
-420
-309
32
305
270
-50
-290
-210
105
289
118
-234
-493
-446
-211
-65
-116
-292
-343
-186
52
173
91
-9
-8
106
189
96
-59
-147
-90
22
54
12
-33
65
256
400
435
295
142
107
163
201
94
-29
-61
37
208
283
260
165
112
222
368
388
224
22
101
625
1297
1308
192
-1198
-1365
25
1439
1206
-299
-1311
-755
806
1927
1616
-80
-1740
-1577
379
1829
726
-1731
-2641
-1192
637
860
-161
-1051
-1097
-275
868
1335
275
-1361
-1501
-49
1069
314
-1166
-1261
-5
1217
1060
-88
-956
-925
180
1144
935
-317
-1377
-841
538
1256
386
-1200
-1551
-493
821
830
-369
-1172
-838
324
936
498
-378
-951
-498
331
622
56
-795
-780
-6
698
570
-107
-344
13
568
615
111
-321
-300
123
356
181
-133
-207
158
523
569
278
-86
-96
223
563
501
55
-208
7
428
481
313
655
1375
1366
-31
-1548
-1336
479
1813
1124
-607
-1403
-523
1227
2329
1683
-586
-2450
-1687
1030
2345
349
-2556
-2902
-659
1285
1092
-318
-1392
-1394
-262
1242
1508
-216
-2045
-1649
425
1437
265
-1165
-1086
37
769
624
99
-505
-709
-139
712
822
-126
-862
-496
299
428
-232
-730
-659
-263
72
45
-227
-498
-363
124
422
238
-263
-496
-324
-44
75
-118
-354
-343
8
392
415
209
91
217
368
324
155
-27
-75
-14
50
46
-16
28
175
318
338
216
126
159
262
251
89
-21
71
337
512
354
79
317
1345
2038
930
-1385
-2295
-442
2057
2253
151
-1666
-1375
494
2358
2684
680
-2267
-2964
-183
2784
1952
-1787
-3783
-1950
967
1768
462
-1167
-1902
-1185
799
2220
1030
-1793
-2732
-526
1865
1430
-800
-1779
-727
647
978
412
-408
-894
-482
651
1199
286
-991
-931
302
951
137
-1099
-1359
-521
374
391
-379
-1030
-797
158
866
586
-376
-1014
-692
156
516
-36
-818
-861
-90
659
665
112
-249
-36
430
611
337
-109
-305
-79
243
261
-31
-238
-33
371
565
350
-13
-60
204
440
318
-21
-114
135
570
716
360
-81
155
1391
2217
1071
-1385
-2485
-634
2044
2472
379
-1701
-1539
434
2552
3015
950
-2145
-3131
-434
2815
2344
-1382
-3902
-2425
625
1789
696
-1106
-2041
-1550
361
2130
1370
-1323
-2798
-1101
1537
1714
-254
-1817
-1381
93
1004
991
135
-706
-745
98
968
661
-281
-695
-208
401
164
-488
-816
-468
66
15
-460
-830
-531
183
522
233
-433
-754
-491
8
255
-92
-570
-644
-187
389
458
109
-197
-102
287
507
371
-7
-193
-14
214
227
53
-6
59
129
222
305
282
103
57
214
252
42
-117
119
544
697
426
74
282
1244
2001
1120
-1168
-2452
-957
1773
2574
718
-1435
-1599
155
2260
3067
1472
-1715
-3321
-1124
2488
2841
-704
-3777
-2960
78
1695
973
-612
-1779
-1802
-223
1900
2023
-543
-2845
-1971
889
2096
486
-1603
-1852
-385
1091
1302
236
-1056
-1200
104
1524
1405
-185
-1385
-849
650
1246
188
-1385
-1752
-478
967
844
-667
-1642
-839
749
1367
545
-823
-1473
-867
397
994
173
-1174
-1479
-258
1202
1289
57
-952
-563
681
1333
692
-462
-737
-100
540
568
200
-185
-380
-267
-24
564
524
-255
-202
479
602
-26
-341
-352
263
349
436
-16
-1757
1379
4466
2234
45
505
1540
1224
1184
829
-1051
-2770
-1127
2928
3410
-1283
-4775
-2610
1776
2745
-304
-2512
-1885
-705
-681
-137
1179
65
-2885
-3155
734
3494
1269
-2223
-1812
1593
2724
1317
491
921
1076
-54
-426
522
198
-1985
-3072
-1102
953
-56
-2144
-2093
129
1545
448
-979
-743
282
212
-168
190
175
-532
-990
-36
1182
653
-1045
-1772
-494
752
147
-1161
-1342
-461
-1
-131
-13
277
-142
-862
-564
376
456
-582
-1176
-417
694
794
1
-241
304
773
509
166
300
163
-288
-636
-238
196
196
112
762
3653
6221
5680
2590
561
1576
2124
427
-1955
-2247
-1183
-2199
-4043
-2527
2048
3192
-729
-2914
377
4013
2662
-695
-844
555
-652
-2735
-1362
2186
1717
-2398
-2739
2134
4736
1024
-2593
-1324
832
-644
-3088
-2409
-444
-798
-2234
-485
2731
2718
-296
-1241
1217
2214
144
-2062
-1750
-972
-1817
-2422
-1269
221
-247
-1220
-504
1364
1876
276
-920
-309
214
-838
-1864
-1600
-955
-1143
-1297
-604
301
369
-346
-254
576
1038
328
-647
-529
122
89
-755
-997
-425
-352
-487
109
833
743
193
231
579
1021
553
-499
-597
10
395
-328
-208
499
817
1267
2874
6654
8590
5962
812
-1031
1392
1520
-2516
-5603
-3600
-1077
-2294
-2973
1017
5243
3466
-1153
-1232
2714
3403
-571
-2934
-694
544
-1984
-2384
1866
4716
1572
-1958
-259
2902
1503
-3144
-4300
-1978
-1745
-3712
-3098
388
1738
1054
1883
3420
2989
529
-1098
-1263
-1455
-2540
-3472
-2473
-1166
-1014
-737
636
1543
884
74
-292
-586
-679
-768
-1289
-1693
-1270
-472
-265
-300
-211
-340
-545
-547
-338
-539
-817
-766
-457
317
853
515
-295
-141
399
-14
-705
-1008
-1008
-938
-218
417
470
504
742
934
963
979
261
-564
-752
-137
15
-482
-452
190
1478
3087
6063
8755
7979
3159
-1332
-784
1111
-1155
-5974
-6126
-1668
344
-980
11
4466
5625
1452
-1669
204
2148
-410
-3506
-2173
857
402
-1188
1122
5132
4421
-98
-1872
108
420
-2821
-4830
-3326
-1667
-2131
-1464
1633
3653
2700
1364
1543
1053
-737
-2220
-2293
-2165
-2481
-1845
-120
1080
614
98
417
168
-1156
-2059
-1996
-2076
-2150
-1145
392
840
571
780
1140
394
-1258
-2289
-2366
-2169
-2176
-1678
-362
687
953
1375
2311
2012
-11
-1543
-1490
-1470
-2189
-2429
-1455
-192
594
1334
2149
2611
1650
113
-394
-198
-503
-1537
-1578
-544
440
710
845
1648
2161
2259
3633
7235
9005
4911
-1465
-3049
176
961
-2768
-5196
-2342
1309
943
-397
1839
4675
2165
-2807
-3132
383
1041
-1561
-1705
1339
2805
1212
767
3195
4051
349
-3620
-3108
-706
-1293
-3431
-2996
-588
339
-109
782
2046
1562
188
392
552
-1260
-2384
-1358
-100
-805
-1262
-13
1266
729
-1247
-1770
-1117
-1354
-2399
-1972
-502
-350
-372
1048
2258
1272
-639
-1444
-1486
-2032
-2698
-2723
-2005
-953
190
1393
1845
1638
1076
504
5
-1019
-2138
-2755
-2357
-1437
-506
610
1129
1164
1377
1875
1606
-128
-1522
-1724
-1382
-1134
-592
710
1422
1472
1540
1639
1438
583
-134
-94
2546
7198
8808
4800
-735
-1193
1889
2024
-2122
-5111
-2799
251
-243
-1053
1878
4351
1174
-2778
-1490
1767
996
-1730
-1089
1743
2295
574
555
2891
3131
-473
-3283
-1906
-90
-1661
-3314
-1677
375
-491
-1433
794
2634
602
-1938
-967
437
-837
-1757
-317
899
-25
-904
-21
1146
103
-2539
-3080
-1471
-1243
-2152
-984
848
373
-402
854
1743
216
-1633
-2022
-1929
-2280
-2135
-1149
-219
312
748
1134
1323
969
-285
-1239
-1004
-887
-1868
-1730
-166
438
303
852
1278
97
-457
-19
-259
-1049
-1168
-550
-130
892
1469
1173
875
931
599
-73
-69
-486
-901
151
3164
7053
9830
8398
2141
-2473
-1106
1133
-1664
-5501
-4026
234
1541
791
2291
4510
2640
-2439
-4382
-1407
851
-973
-2064
1356
4413
2965
1056
2462
3155
-328
-4206
-4025
-1356
-488
-1738
-1516
1196
2104
-247
-1325
666
610
-2579
-3350
-978
169
-293
979
2667
1921
-236
-1284
-739
-837
-2801
-4496
-3135
-607
-11
156
1529
1780
-41
-920
-114
-365
-2181
-2931
-1931
-898
-418
106
576
512
191
-226
-600
-620
-928
-1695
-1098
591
816
-499
-338
679
-130
-1059
-829
-325
-841
-532
208
278
621
624
641
463
789
-4
-571
378
726
361
-154
392
272
685
1723
3273
7200
10029
6693
-1713
-4428
230
2460
-1524
-4809
-1282
2976
2041
-666
829
3652
473
-5706
-5601
693
3475
337
-591
3363
4675
875
-1561
240
1063
-2101
-4546
-2242
2282
2988
-32
-625
1544
524
-3726
-4454
-1637
-1019
-1785
-12
2657
2714
1277
1027
1297
-53
-2944
-4238
-2352
-450
-921
-1220
428
1340
98
-642
-101
-824
-2765
-2780
-650
616
394
223
234
-306
-854
-1092
-1447
-1875
-2175
-1715
20
1613
1231
316
670
476
-1039
-1685
-1418
-1481
-1510
-324
829
1120
833
-78
128
341
-679
-1518
-390
797
60
361
1847
2145
1267
434
-268
-717
-710
-698
202
4734
10514
11000
4862
-2441
-3402
342
1009
-3310
-5232
-80
3949
1619
-452
3057
4791
-1721
-7942
-5124
1636
3045
220
277
3517
3946
90
-2056
505
1508
-2570
-4614
-55
4292
2574
-727
-630
184
-2118
-4747
-3725
-742
-115
-1069
922
4046
3475
-31
-1501
-863
-2027
-3662
-2542
441
1274
71
394
1539
325
-2522
-3090
-1804
-1834
-2325
-824
1750
2815
1758
60
-1120
-2175
-3125
-3012
-1690
-869
-779
399
2349
2725
991
-679
-1135
-1542
-2393
-1913
-390
151
-59
610
1485
558
-470
-704
-828
-946
-788
60
1216
2215
1739
855
1190
831
-915
-1271
-105
-96
-738
413
2260
4834
9881
11461
4628
-4868
-6485
-996
1722
-418
-1881
2036
5235
1783
-2121
431
3521
-2244
-9566
-6533
2921
6140
2499
1269
3467
2345
-2886
-4831
-901
2364
27
-2687
397
5044
3951
-849
-2770
-2140
-3521
-5273
-2970
1571
3253
1002
507
2012
925
-2517
-4017
-2088
-1184
-1051
265
2503
3296
831
-1816
-2619
-2658
-3609
-3182
-334
1204
828
1264
2257
1341
-1188
-3163
-3619
-3345
-2534
-904
1207
2132
1178
443
251
-352
-1361
-1994
-1623
-672
-96
223
1042
1353
-189
-1370
-388
-78
-1169
-1128
603
1399
1024
504
200
635
596
165
-83
816
1191
-110
-395
624
1413
65
381
6824
12421
8547
-2088
-6705
-1892
2235
834
-1296
1685
4453
390
-3869
-866
4087
677
-6730
-6203
654
3937
1794
1385
4277
3127
-3415
-6731
-1890
4137
3440
-879
-1097
2477
3054
-486
-2426
-1234
-2038
-5174
-4344
887
4294
2826
-92
-997
-1208
-1974
-2412
-1238
203
-48
103
1670
2392
399
-2250
-3112
-3274
-3065
-1738
497
1740
1070
404
452
-216
-1954
-3027
-2647
-1982
-1368
-139
1164
1432
498
-812
-1329
-1095
-824
-686
-194
327
159
-47
130
150
-449
-802
-815
-977
-143
904
762
133
133
459
-97
222
1061
850
1156
962
294
-313
114
557
-339
793
2060
5075
10257
10391
2050
-7618
-6204
380
2665
2359
2565
3286
1208
-1844
-3477
-1650
1491
-498
-4343
-2769
2227
3142
1647
2320
1969
-1226
-3823
-3785
-1181
3571
5396
1605
-1764
-446
586
-1777
-2796
-1577
-688
-932
-1250
-460
1683
2948
-474
-4645
-4043
-882
768
1078
1717
1502
276
-1076
-2028
-1423
-641
-1595
-2658
-1183
1091
1161
194
-436
-849
-1100
-1393
-1618
-1058
-214
-561
-1198
-502
306
-339
-1080
-751
-261
-37
-31
-258
-203
84
-311
-1151
-770
425
162
-706
-287
378
74
-185
61
60
144
279
276
815
1759
1449
-176
-382
335
89
-66
679
961
1140
5876
11628
9508
126
-8069
-7171
-123
5316
5348
2891
3253
1837
-4551
-7960
-2828
3501
2263
-1837
-1483
1863
2782
-228
-2107
602
3216
-205
-4906
-1889
4656
4111
-1493
-2260
1839
2447
-1803
-3677
-539
2057
-576
-4626
-3312
1602
3050
-464
-2772
-900
48
-2119
-2800
697
3637
1857
-1455
-2216
-1063
-1224
-2705
-2327
281
1814
364
-1179
-366
458
-959
-2552
-1795
-311
-537
-1587
-1205
131
358
-558
-1094
-382
442
163
-657
-719
-170
-402
-1237
-956
411
750
-1
-187
463
417
-920
-1302
-25
1015
852
293
553
1404
1310
336
-202
171
739
182
-115
498
1768
6310
11183
9296
-523
-9133
-7186
1064
6939
6737
3769
2438
-510
-6615
-9117
-2449
5751
4717
-1089
-1840
1608
1465
-2842
-3816
734
3886
677
-2971
80
4818
2139
-4399
-4258
2005
4456
782
-1343
751
797
-3795
-6707
-3134
2698
3910
688
-1424
-780
-996
-3383
-3257
858
3125
848
-1526
-838
-46
-1376
-2579
-1781
398
1572
372
-1040
-655
-205
-1577
-2534
-1054
410
-258
-1528
-1466
-678
-577
-915
-648
214
501
-196
-645
-511
-459
-479
-1132
-1131
339
1469
1268
200
-113
-837
-1968
-1083
794
1183
672
847
507
664
895
404
184
-245
346
-148
-22
2134
3884
7885
10043
5282
-4416
-9593
-3190
5965
8853
4751
419
-321
-2699
-6911
-6324
1960
7544
2899
-3226
-2377
2015
982
-3886
-3501
2169
4088
-438
-2521
2016
5070
29
-5664
-3056
3718
4916
-67
-1703
934
-703
-5733
-5304
798
4481
2380
-1858
-2955
-755
-164
-2706
-2449
2214
2495
-1718
-2346
-64
109
-1494
-1534
-513
881
1661
-455
-2290
-1080
-220
-1777
-1783
596
911
-989
-2288
-1775
-653
-515
-842
-367
450
-44
-855
-765
-437
-346
-534
-717
-216
1101
1073
-395
-292
154
-1328
-1404
761
1457
830
307
-189
-349
285
1125
1024
969
743
-665
-1141
351
2485
6671
11645
9192
-1793
-10984
-8013
3823
10982
8242
1363
-1545
-2199
-5712
-6678
159
7874
5373
-3389
-5405
358
3497
-1080
-4598
-756
3698
1659
-2283
279
5228
2708
-4877
-6027
1566
6655
2532
-2008
-579
340
-3364
-6127
-2054
4440
4867
-717
-4903
-2667
451
-1290
-2744
162
2159
-156
-2125
-1124
31
-684
-2099
-1775
889
2975
1074
-2117
-2271
-1119
-1282
-1383
25
1000
-289
-2356
-2562
-914
174
-208
-829
-532
-11
-305
-805
-690
-17
213
-849
-1309
398
1637
1059
28
-587
-496
-675
-247
873
1114
965
-367
-1162
-109
1118
1692
318
-675
-378
213
1178
3205
8208
10886
5959
-4409
-10947
-4846
7102
12056
6152
-1595
-3240
-3267
-4743
-3462
2977
7393
2735
-5142
-5808
329
3006
-1155
-3962
117
4185
1468
-2279
-87
3779
1310
-4122
-3045
3323
5558
693
-3303
-1281
940
-1102
-3478
-1214
2726
1749
-2618
-3776
-621
1028
-1481
-2741
-201
1690
234
-1722
-1371
-280
-657
-1768
-1224
1218
2211
-133
-2447
-1618
135
-124
-1167
-866
-309
-1049
-2075
-1718
-269
223
-612
-1252
-691
411
-85
-1197
-1008
90
581
-735
-1102
74
736
475
-170
-71
552
749
-57
-362
146
316
-21
-21
510
762
775
-157
-768
-429
627
2059
5580
11241
9809
-356
-10628
-9780
3239
13416
11090
421
-5245
-3713
-3591
-3915
641
7399
5825
-3406
-7870
-2573
3684
1457
-3904
-2905
2889
3673
-1464
-2563
2120
3398
-2055
-4322
1658
6564
2746
-3890
-3941
250
2122
-327
-2505
-262
1217
-953
-3312
-1250
1489
-829
-3052
-1553
1160
1157
-977
-1927
-1171
256
-242
-1340
-440
1107
504
-1356
-1034
218
46
-1056
-1223
-480
-649
-1526
-1764
-896
-216
-435
-1094
-1285
-380
403
41
-770
-585
-642
-938
-15
894
888
-350
-1123
-944
360
1875
775
-545
-484
702
1260
416
-116
-764
-255
143
-183
586
1132
2084
5622
10152
8475
-1986
-10733
-6747
6351
14042
8302
-2173
-5050
-2595
-2892
-3511
1883
7784
3925
-5237
-7017
-13
4266
-427
-5163
-1533
4770
3130
-3225
-2965
2367
2493
-2535
-2464
4240
6564
-98
-6032
-3373
2371
2333
-953
-732
744
-762
-3752
-2924
1610
3034
-1085
-4895
-2443
1730
1000
-1584
-1397
-196
-731
-1262
-447
611
897
-508
-1910
-796
1234
413
-1998
-1757
-125
-286
-1461
-1416
-633
-646
-1265
-1359
-630
-158
-257
-580
-437
204
-147
-1014
-794
329
1143
25
-818
-346
-77
711
815
1033
558
-633
-270
258
1156
998
-78
-598
-933
-240
181
2137
7728
11649
7518
-4460
-12522
-6254
7845
15004
8245
-2292
-4990
-3316
-3463
-2873
3223
8133
2736
-6350
-6639
1054
4403
-1029
-5275
-895
4716
2375
-3074
-1835
2860
1190
-3982
-2248
5492
7191
-457
-6268
-3160
2080
1549
-477
970
1625
-1802
-5243
-2847
2615
3637
-1340
-5139
-2237
1313
381
-1320
-442
-1
-1603
-1967
-580
970
1202
-566
-2034
-671
1305
-41
-2286
-1605
-32
-425
-1407
-858
-278
-805
-1643
-1782
-620
145
-372
-845
-474
216
-118
-841
-385
369
508
-76
-460
380
563
-487
-385
902
1353
432
-384
-167
489
1024
425
-1079
-1324
-302
1491
6398
11888
9987
-1922
-13080
-9591
5285
15573
10922
-701
-5471
-3792
-2992
-3134
2089
8478
5037
-5241
-8454
-691
4859
335
-5012
-2154
3836
2970
-2236
-1981
2873
2302
-3959
-4441
3533
7939
1948
-5009
-3953
846
1225
-1217
-303
2609
882
-4251
-3863
825
3532
1033
-3663
-3411
-525
513
-648
-484
965
-701
-2611
-1945
207
1290
467
-804
-993
653
604
-1487
-1848
-651
-552
-1189
-967
-345
-538
-1516
-1594
-850
-170
-180
-472
-399
-559
-444
-567
-676
-300
547
858
-441
-223
323
-408
-26
321
372
316
446
850
361
1162
909
-1305
-2347
-1062
1619
4490
10392
12240
3252
-9999
-14062
-1740
13160
15268
4500
-5103
-4797
-2916
-4243
-2175
6562
9456
-256
-8820
-4590
4178
3044
-4222
-4926
2076
5331
-25
-3601
722
4362
-1227
-6569
-572
8131
6056
-3152
-5748
-719
1832
-687
-1051
2529
2884
-3044
-7182
-2237
5106
4613
-1823
-4787
-2101
-110
-1087
-878
1317
1442
-1638
-3473
-1283
1530
968
-1532
-1635
574
1385
-562
-2386
-1454
-225
-954
-1505
-400
202
-1267
-2677
-1855
-85
721
41
-913
-656
-180
-221
-949
-635
824
761
64
-584
-123
397
499
627
-538
-219
201
766
1688
988
35
-1542
-1636
370
1978
4606
10830
12637
1584
-13836
-15129
2684
18223
13989
-924
-6829
-1776
-1553
-6797
-3072
9498
10674
-4057
-11699
-1734
8376
2044
-8774
-5224
6221
6772
-3182
-5133
3903
5962
-4746
-9331
2125
11782
4513
-7157
-5728
2359
2501
-2889
-2078
4001
3548
-4598
-7772
-450
6155
2688
-3695
-3112
796
488
-2458
-1800
1516
1340
-2061
-3235
-127
2452
266
-2809
-1676
1528
1578
-1412
-2601
-843
-194
-1563
-1580
170
534
-1439
-2941
-1977
-70
795
96
-1075
-752
-167
-597
-959
128
1072
48
-816
-534
312
300
33
-103
446
1351
557
-145
-268
682
491
-938
-977
43
1730
5551
13112
12408
-1725
-16469
-14031
6198
19287
12403
-2438
-6292
-1534
-3495
-7767
-635
12024
8900
-6806
-10858
1063
8435
-268
-8876
-3009
7060
4721
-4192
-2323
6693
4622
-7962
-9294
4407
11811
2659
-7041
-3659
2246
273
-4135
-1309
4982
3219
-3504
-6122
-1028
3420
89
-2533
-472
1957
-170
-3194
-1267
1147
688
-1832
-2435
229
2009
258
-2446
-1571
792
424
-1596
-1502
-384
-1142
-2262
-1571
154
222
-1197
-2291
-1820
-179
736
132
-1084
-905
-302
-573
-354
539
547
-516
-946
40
745
439
463
97
29
184
-170
-139
1062
1860
197
-1752
-2040
-109
2507
10481
17542
8517
-11038
-20888
-5999
15620
18427
4177
-6512
-2525
-131
-7041
-7766
5755
13451
484
-12065
-4370
9719
6284
-8253
-10011
2449
8233
-40
-4293
4518
9514
-2667
-13844
-4143
11721
9792
-4158
-6825
1384
2593
-4939
-5771
3905
7997
-236
-8646
-4085
6415
5412
-4129
-6710
-267
3169
-198
-1932
684
1711
-2065
-4803
-1535
3482
2808
-2516
-3728
336
2468
-270
-2786
-1700
-395
-1676
-2821
-1044
928
23
-2427
-2606
-709
589
218
-1019
-586
307
-199
-1571
-1496
462
1199
641
-724
-1513
-287
1062
1199
361
62
257
-41
187
454
622
-305
-1167
9
2288
11455
17971
7517
-12666
-21651
-4284
17606
18035
2009
-7078
-742
532
-8683
-9307
6101
13862
-817
-12734
-2277
12817
6688
-10965
-11945
3292
9229
-836
-4592
7038
11786
-4278
-16665
-4502
12910
9450
-5705
-6181
4068
3343
-6631
-7574
2878
6692
-951
-5431
586
7298
1407
-8419
-6241
3427
5139
-1523
-3052
1101
1507
-2666
-4453
-998
3098
2108
-2374
-2471
1726
1896
-2873
-4081
-187
1150
-1955
-3521
-986
1209
3
-2440
-2716
-942
-5
-485
-739
684
1742
-320
-2914
-1812
328
201
-733
-14
1323
884
257
-705
-622
-64
451
973
779
1490
415
-1699
-1780
-941
6138
18176
17666
-1119
-21134
-16562
7433
18828
8288
-5105
-1802
5541
-2401
-12735
-4740
11094
6535
-10501
-8785
10287
15501
-3028
-16239
-5457
8473
3851
-6029
1222
14840
7675
-12773
-14502
3930
12228
-757
-9262
957
8917
683
-9557
-5007
4619
2859
-4257
-3934
5105
7436
-2132
-8151
-2165
4662
740
-4480
-1478
3584
2341
-3082
-4729
-843
2651
80
-3598
-1048
3171
1048
-3377
-2497
527
-516
-3916
-3530
377
2524
734
-2441
-2918
-1050
-22
-1013
-1114
725
1227
-575
-1338
362
-92
-2050
-1874
156
1800
968
281
304
750
870
-435
-811
265
1378
34
-270
-273
5652
18327
16727
-2216
-21552
-15308
8769
17940
6622
-5968
-392
6769
-2888
-14220
-5468
10825
5281
-10681
-6750
12834
15666
-4318
-16521
-4865
8356
2519
-6718
1904
15843
8023
-11766
-12573
4013
9146
-4306
-9763
2274
10137
1362
-8784
-4799
3992
2254
-6600
-5709
6252
11319
1925
-6774
-3502
1359
-1018
-4375
-1731
3273
3419
-1034
-3666
-774
1682
-2019
-5565
-1710
4057
3408
-621
-1702
-1082
-2541
-4944
-4284
-362
2566
1914
-348
-1271
-580
-1213
-2795
-1985
221
1203
-104
-653
1143
1379
-1615
-4488
-2496
702
1782
1511
755
1965
2258
330
-2661
-2215
573
777
995
766
9144
19692
13316
-6232
-20893
-10828
8440
12740
3164
-2953
4907
6681
-6344
-14313
-3040
9013
1147
-9500
-1153
13876
10725
-6516
-12090
-182
6935
-1298
-7140
4023
15345
5471
-10178
-8056
4104
3059
-7891
-6674
5247
9206
182
-7860
-3991
2011
3
-3255
-608
5995
5470
-2419
-4224
1589
3729
-3364
-7083
-1682
3095
2454
-731
-1518
-125
-141
-3132
-4628
-384
3634
1320
-1920
-537
651
-2444
-5719
-3642
725
1863
400
-1221
-867
-29
-369
-1723
-1955
-74
-119
-868
-812
1082
1650
-2175
-2930
-1115
337
568
485
1631
1576
1340
135
-500
801
401
-779
-2534
5727
20254
16944
-1305
-17058
-11650
4254
7999
1617
-3210
4857
8916
-3163
-12073
-2618
8868
-104
-12627
-4236
12463
11589
-3002
-7366
2686
6748
-3887
-10651
1102
14768
6401
-9613
-6422
7153
5243
-9041
-8815
4627
6755
-4371
-9134
485
8576
3163
-5625
-3896
5140
5208
-3828
-4975
3740
5540
-3494
-7107
-319
3784
-685
-4995
-2279
3047
2797
-2617
-4231
128
2382
-1637
-4121
18
2664
-1255
-5313
-2991
1109
424
-1368
-855
834
858
-1650
-2743
-1275
1118
477
-2428
-1271
1138
-135
-2418
-1490
945
1150
-195
-731
492
1646
2103
817
393
285
224
-117
177
12124
18562
7827
-9053
-14484
-1355
5947
2567
-2778
286
8355
2818
-8071
-6110
6480
6357
-8881
-12266
2486
11547
3993
-3169
2537
8110
-811
-11285
-6076
9047
10614
-4091
-9018
1995
7884
-1903
-8416
361
5520
-3821
-10686
-2812
8179
6740
-2711
-3344
3835
6080
-1128
-5824
913
4759
-1757
-7381
-1886
5594
2280
-4343
-4083
695
1248
-2827
-3001
1760
3540
-633
-4066
-856
2792
-391
-4958
-4088
-127
-228
-2893
-1088
2871
2817
-960
-3011
-988
699
-1223
-3049
-2227
257
519
-1360
-644
664
778
-1322
-1760
1574
2241
974
-354
944
2674
1052
543
-728
6930
16501
10049
-4111
-12736
-3560
4800
834
-2752
-530
6344
3499
-5562
-4613
5287
6953
-5823
-12615
-1705
8583
4202
-1669
3351
9370
1807
-8912
-6156
5147
7349
-4211
-9204
582
8072
2119
-5216
-328
4275
-4170
-11299
-3922
6812
5623
-2711
-1092
7074
7253
-714
-6654
-2580
2227
-753
-4877
-1674
4852
2505
-4011
-2893
2040
1266
-3996
-4733
116
2697
454
-1592
589
2802
-1049
-5481
-3985
112
97
-3192
-2129
1861
2360
-184
-1142
164
-5
-2271
-3562
-2550
-37
649
-821
-644
906
1383
-350
-1294
-569
311
223
776
2388
3138
1201
-792
-930
2096
12872
14594
3519
-8603
-8953
1509
2100
-1666
-1727
3059
4637
-2938
-5115
2943
8851
276
-11245
-7785
3344
4726
14
2600
8774
5027
-5885
-6822
2227
6857
-825
-8967
-3958
4664
3895
-2137
-754
4463
-668
-10000
-6947
3830
5606
-2174
-3047
4491
6826
2997
-425
544
953
-2431
-6065
-4873
1318
2417
-2069
-2839
2026
3337
-942
-2765
-720
341
-1708
-2934
-788
2782
2178
-2274
-3475
-572
150
-3207
-3817
-38
1423
-1134
-1344
1744
2420
-507
-2744
-1891
-1289
-2201
-2061
-747
492
367
-328
543
1712
1814
-44
-835
749
1448
1032
275
1820
561
3919
13466
11853
764
-9554
-5245
1736
-1607
-3581
-433
4948
2472
-3610
-827
7189
6617
-4862
-10370
-3244
2274
-423
313
7251
8761
84
-5041
227
4386
808
-6079
-6387
-1084
1487
633
829
3429
1875
-4526
-6023
31
3049
-1050
-4064
-148
4219
4543
5241
4204
871
-3237
-4749
-3893
-3571
-1630
-534
-541
-238
846
2455
2379
212
-2163
-2558
-1731
-2015
-2237
286
1849
10
-1895
-1056
290
-1731
-3009
-1047
286
-523
-1345
319
2018
617
-1184
-1825
-1701
-1626
-2317
-1422
-342
92
-81
-31
1894
2723
1707
490
891
1665
-198
-639
-623
1484
10803
13155
5144
-4912
-5226
2052
-1062
-5796
-3030
2890
2720
-3723
-1966
7072
8783
-1112
-8200
-2834
2251
-2392
-3906
4963
9792
857
-6519
1307
8987
2813
-7429
-7254
-296
-455
-4426
-1209
5813
4426
-4864
-6253
2481
5481
-907
-4877
-532
3418
1221
744
4358
4174
-1509
-4986
-2026
435
-2524
-4717
-2305
762
813
390
2107
2414
-18
-2170
-1661
-194
-1057
-2293
-1898
-1422
-1452
-997
643
1104
-409
-1281
-720
-577
-1341
-952
255
520
-928
-1701
-447
225
-1033
-1941
-604
276
-918
-1263
1035
2434
1609
1077
1829
2696
696
-167
-612
2263
10726
9843
1958
-5089
-2683
3041
-1795
-5156
-1676
3645
1457
-5231
-2003
7404
8037
-2834
-8303
-612
3777
-2919
-4052
5598
9242
-1139
-7416
2165
9085
2224
-7030
-5588
1044
-534
-5129
-1995
4730
2809
-5421
-4983
4263
6065
-1862
-3997
2200
4186
-929
-1482
3357
2099
-3735
-4352
446
1787
-1884
-3270
-595
1089
-613
-1540
930
1976
-793
-2249
-88
1258
-974
-2406
-1361
-1826
-3206
-2065
751
1368
-537
-909
500
612
-594
-1034
-309
-652
-2029
-1617
280
162
-1241
-1265
-2
668
169
-75
386
1303
1256
791
1061
1229
1733
-200
2600
11480
10313
1153
-6075
-2538
3070
-1929
-5481
-1276
4464
1618
-5034
-1559
7791
7848
-3332
-8512
-1394
2170
-2565
-1482
6566
7027
-2833
-5644
4028
8140
478
-6466
-3871
227
-2597
-4416
959
5427
648
-6520
-3336
4627
2965
-2110
-477
3781
1800
-3389
-765
2966
-26
-4009
-2138
1884
160
-2953
-1594
1487
834
-2060
-1113
1580
639
-1336
-784
630
-364
-2699
-1361
549
-1332
-3626
-2603
180
298
-390
868
1704
-115
-2195
-1057
874
-110
-2071
-2035
-730
36
-749
239
1617
509
-1035
-1108
1321
2234
1179
727
636
745
652
-352
5449
11969
7368
-1127
-4846
1094
1722
-5275
-5022
1380
4781
-1389
-4638
2049
8027
4441
-4247
-4833
116
-958
-3792
1044
6818
3108
-4545
-1590
6539
4562
-2784
-4506
-722
-814
-4477
-3038
2131
3105
-1767
-3521
1931
4957
-184
-3106
1035
2304
-2555
-3678
1537
2074
-2635
-2950
1756
2985
-991
-2476
-466
247
-1441
-2040
288
1160
-1016
-1176
1425
1705
-1452
-2881
-830
-867
-3210
-2908
-350
451
-773
45
1588
914
-792
-1059
147
-283
-1694
-1598
-198
-483
-1457
214
1671
1332
-301
-727
954
1076
505
796
886
1070
686
-205
6206
11160
5318
-1966
-3234
1956
-147
-6045
-3074
3626
3856
-3327
-4283
3130
7823
3465
-3710
-3717
-651
-2341
-2936
2660
5837
650
-4455
755
6641
2754
-2752
-2694
-286
-1938
-3979
-1277
1683
532
-2682
-2074
1973
3600
175
486
3618
-499
-4157
-2204
998
-1317
-4777
-963
3084
1907
-1097
-266
1302
-385
-1953
-1752
-756
-1091
-1747
491
2391
100
-1958
-892
529
-1325
-3734
-2507
-926
-893
-585
1055
1171
-455
-835
302
1091
-456
-1299
-1292
-1377
-1033
-314
1599
1513
261
-201
111
1434
1976
930
-150
-741
310
581
20
6721
9794
4570
-1048
-2009
2206
-1311
-5632
-1805
3556
2175
-4513
-3044
5038
8171
2300
-4281
-3181
-482
-2207
-1314
3312
3022
-2680
-4506
2926
7229
2443
-2191
-2260
-1126
-2449
-2309
280
788
-1616
-3063
-593
3443
3607
965
477
-436
-2326
-2674
-907
-150
-2608
-2821
444
2552
1029
-370
823
632
-1309
-2202
-1587
-981
-1479
-969
1092
1206
-151
-421
305
172
-1729
-2744
-2265
-1629
-1166
-248
969
980
330
-172
134
58
-345
-617
-1892
-2519
-1567
524
1042
1029
1462
1811
1565
406
974
1185
167
-1567
-833
-276
2492
7916
6334
3285
10
-558
-915
-4243
-1798
2625
2381
-3064
-4570
1353
6622
5734
359
-2698
-2101
-1861
-1352
1921
2368
-1757
-4677
-654
5566
4538
330
-1122
-435
-1364
-2599
-980
137
-1112
-2798
-1868
2299
4538
2457
67
-621
-1300
-2690
-2225
-588
-906
-2201
-1479
1037
1846
997
834
620
-539
-1636
-1998
-1941
-1745
-1082
-67
331
-74
0
622
505
-619
-1349
-1257
-1523
-1800
-1394
-207
284
-346
26
1105
928
197
-457
-1370
-1988
-1977
-409
422
438
779
1171
1902
1570
1593
1453
124
-746
-443
-1023
1819
5857
4384
2701
772
299
-1138
-3009
625
3484
534
-5240
-4554
1769
5901
5050
529
-2030
-1574
-1165
385
2623
861
-3429
-4925
-297
4626
3422
526
-242
120
-941
-1040
707
287
-1994
-3801
-1595
2251
2908
2089
762
-483
-1549
-1974
-758
-940
-2600
-2671
-637
1682
1830
923
193
-394
-400
-548
-810
-1693
-2596
-1702
-118
522
68
-241
177
201
-265
-763
-1078
-1380
-1613
-951
-196
-287
-74
622
689
282
-134
-349
-449
-724
-870
-418
-526
-679
591
1195
1521
2044
1782
1223
140
332
-312
734
3887
2934
2212
931
-161
-1294
-2775
1253
4395
1124
-4560
-4519
973
4557
4286
958
-2087
-2348
-1313
1466
4131
1690
-3149
-4863
-1203
2915
1959
-187
46
368
-1303
-1191
1865
2473
-600
-3312
-2322
1015
1952
826
269
-776
-1689
-1312
304
734
-1433
-2799
-1558
929
1627
375
-506
-610
92
502
-236
-1250
-1840
-1537
-524
-164
-445
-371
258
690
278
-312
-824
-1144
-1337
-969
-245
-279
-368
-38
607
1220
854
192
-280
-654
-702
-1020
-974
-140
492
658
851
1528
2707
1917
634
81
-163
2362
2585
2146
2517
-45
-2766
-4292
-253
5303
3964
-2191
-5332
-1581
2747
3563
1873
-1068
-2794
-2646
22
4366
4089
-935
-4542
-2935
1472
2079
-68
-618
217
-550
-1859
223
2790
1533
-1608
-2650
-464
1904
1199
-491
-1590
-1484
-14
776
331
-1160
-1853
-1123
613
1760
487
-1153
-1621
-251
1575
1061
-890
-2107
-1569
87
791
-90
-1175
-1074
-72
477
369
-27
-316
-625
-1090
-709
-238
-49
156
2
280
853
893
349
-304
-546
-232
-105
-145
168
336
34
-38
1355
2014
1558
194
-612
1882
2716
2891
2497
-916
-3943
-4357
694
5493
2850
-3382
-5297
-1229
3047
4065
1951
-1527
-3217
-2541
656
4071
2508
-2148
-4374
-1511
2424
2080
35
-167
-58
-1931
-2457
892
2934
576
-2423
-2049
1442
2758
486
-1400
-2034
-1582
-100
1289
1106
-928
-2042
-266
1907
1333
-936
-2065
-1348
233
955
147
-1059
-1448
-468
906
1138
194
-748
-611
109
143
-303
-311
-188
-622
-693
87
863
732
-201
-536
-95
597
855
426
-173
-337
205
533
722
628
56
-311
60
971
1071
197
-512
856
2404
2999
3149
389
-3310
-4778
-1584
3889
4021
-1320
-5214
-3177
1666
3971
2401
-855
-2948
-3296
-1251
2636
3437
-135
-3744
-3118
863
2502
969
-226
-464
-1567
-2186
62
2602
1830
-1537
-2718
-542
1381
1257
-368
-1628
-1563
-300
1269
1212
-277
-1328
-676
977
1413
-5
-1438
-954
600
1033
127
-927
-1021
-203
465
585
17
-587
-103
962
1414
886
-68
-762
-866
-347
177
210
14
-226
-300
83
793
1561
1359
-81
-880
-403
522
735
-23
-667
-657
310
1256
1532
824
-188
66
590
2154
3111
243
-4083
-5313
-313
5458
4209
-2012
-5457
-2753
1750
3364
1451
-1499
-3205
-3351
-330
3653
3361
-966
-4630
-2929
1135
1876
533
-104
-262
-1406
-1466
1160
3143
1624
-1945
-2773
-593
1055
879
-810
-1760
-1105
501
1878
1156
-692
-1372
77
1664
951
-965
-1728
-437
984
909
146
-738
-915
-282
724
1328
211
-1147
-953
395
1238
699
-57
-365
-212
115
371
602
337
-225
-725
-720
571
1606
942
-417
-836
377
1516
1134
-61
-825
-699
-9
912
1103
260
-416
-159
2265
4791
2588
-3048
-6274
-2850
3816
5046
-446
-5160
-4132
263
3798
3638
682
-2576
-4718
-2706
2279
4116
614
-4373
-4736
-418
2673
2067
389
-791
-2168
-2248
361
3360
2763
-1430
-3620
-1257
2108
2559
-132
-2575
-2332
-290
1284
956
-557
-1373
-394
1337
1845
478
-1279
-1203
150
765
81
-1089
-1188
-57
1200
1617
852
-150
-331
280
799
625
-221
-1243
-1312
-259
1064
1564
600
-567
-754
-3
1250
1647
407
-1185
-1396
197
1816
1495
165
-518
-392
126
774
1089
579
-185
-555
930
3386
2262
-2072
-4926
-2641
3001
4221
-249
-3937
-3494
-138
2762
2883
903
-2039
-4013
-1996
2726
4350
675
-4308
-4939
-789
2423
2075
463
-1076
-2276
-1968
653
3346
2236
-1910
-3550
-997
1916
1929
-433
-1920
-1069
549
1191
288
-982
-1041
-68
773
669
-329
-1053
-538
557
757
-271
-1310
-1121
35
1004
1081
242
-484
-16
1054
1556
1101
32
-886
-1302
-629
787
1043
-90
-1236
-1018
491
1671
1516
331
-738
-455
842
1250
330
-755
-788
126
624
843
1003
587
219
307
1869
3353
746
-3692
-5057
-1303
3995
3583
-1451
-4381
-2902
861
3218
2633
108
-3150
-4621
-1315
4109
4799
-93
-4800
-4063
711
2997
1640
-93
-1563
-2408
-1230
1691
3574
1193
-3140
-3416
-114
2096
1260
-1147
-1921
-795
526
1284
702
-620
-992
13
1163
880
-575
-1321
-492
362
101
-566
-881
-504
81
599
910
194
-690
-308
979
1586
521
-779
-907
-274
529
963
691
-147
-901
-575
732
1482
779
-439
-880
57
1301
1145
78
-543
-301
210
427
609
609
297
53
1259
3434
2349
-2008
-4788
-2660
2694
4151
-135
-4057
-3908
-561
2727
3178
1055
-2224
-4510
-2707
2460
4896
1317
-4188
-5229
-688
3237
2686
323
-1599
-2200
-1007
1686
3925
1863
-2871
-4343
-1496
2167
2458
-323
-2028
-1463
335
1703
1193
-323
-1298
-944
474
1406
609
-830
-1024
-54
779
420
-539
-896
-658
349
1418
1123
-126
-882
-2
1408
1124
-268
-1329
-1359
-49
1023
786
-112
-971
-626
959
1893
1353
68
-1117
-709
962
1383
388
-713
-905
-43
626
640
482
179
-93
1432
3333
1515
-2614
-4748
-1782
3465
3587
-882
-4084
-3348
137
2875
2776
243
-3057
-4601
-1630
3639
4631
-8
-4979
-4395
560
3208
1947
-469
-2031
-1936
8
3028
3331
-599
-4093
-3063
970
2945
1014
-1647
-2134
-450
1561
2224
912
-1237
-1982
-577
1702
2075
-308
-2346
-1681
401
1232
294
-723
-792
-80
1061
1837
1065
-629
-968
597
1828
907
-971
-1717
-633
1000
1297
116
-1205
-1218
106
1432
1493
446
-549
-737
443
1632
1104
-342
-1242
-593
801
1281
686
-178
-416
927
3082
2373
-1660
-4759
-3333
1543
3588
499
-3185
-3764
-981
2568
3813
1730
-2441
-5231
-3102
2369
4682
919
-4586
-5391
-621
3644
3331
203
-2567
-2721
-83
3036
3294
-396
-4300
-3630
663
3327
1910
-1477
-2908
-1038
1753
2737
932
-1720
-2314
-452
1891
2192
205
-1682
-1460
353
1443
650
-953
-1493
-345
1384
1956
622
-992
-830
943
2149
1096
-1022
-1746
-562
981
1327
443
-505
-739
-93
1015
1342
507
-681
-845
432
1341
724
-528
-822
121
905
817
340
222
569
1631
2653
1129
-2574
-4673
-2019
2896
3646
-500
-4303
-3781
56
3276
3420
316
-3657
-4837
-1510
3686
4833
69
-5343
-5110
366
3985
2203
-1457
-3019
-1597
935
2537
1888
-1185
-3370
-1951
1268
2648
659
-1985
-2042
265
2274
1724
-553
-1837
-885
1035
1656
293
-1582
-1939
-431
1229
1402
48
-1183
-643
1236
2527
1730
-490
-1638
-611
1163
1526
69
-1201
-953
184
1008
825
213
-245
-255
383
877
599
-125
-337
405
1100
791
-207
-599
27
755
868
218
-364
-49
1327
2871
1935
-1611
-4114
-2524
1855
3623
694
-3269
-4294
-1526
2244
3676
1598
-2574
-4937
-2582
2515
4698
1150
-4182
-5155
-940
3060
2958
132
-2216
-2023
-63
1843
1978
-561
-3101
-2690
20
1956
851
-1464
-1663
415
2263
1790
-346
-1619
-933
576
1303
350
-1455
-1936
-468
1318
1579
113
-1247
-981
622
2083
1723
-187
-1420
-658
1240
2027
747
-825
-1000
41
1030
888
-10
-806
-876
106
1157
1147
258
-412
-15
922
1244
585
-391
-816
-274
676
923
536
426
1362
2579
1690
-1211
-3280
-2316
806
2240
350
-2453
-3306
-1200
2011
3355
1562
-2132
-4330
-2323
2013
3658
546
-3949
-4535
-641
2832
2728
215
-1746
-1465
-111
1143
1306
-437
-2308
-2239
-291
1357
652
-966
-1041
280
1212
649
-591
-972
-280
484
521
-271
-1070
-794
266
1028
713
-439
-934
-232
866
1425
778
-366
-711
76
1328
1501
149
-1150
-1149
-66
837
573
-158
-344
119
911
1317
928
216
-338
-357
149
466
309
-147
-467
6
810
1020
804
963
1811
1980
16
-2556
-2846
-370
2170
1823
-920
-2917
-2245
453
2900
2760
-291
-3803
-4181
-437
3583
3218
-1168
-4478
-3051
967
3033
1791
-689
-2075
-1651
105
1774
1412
-946
-2648
-1579
895
1595
58
-1298
-914
341
806
204
-521
-679
-121
712
816
-238
-1469
-1444
-82
1017
640
-469
-889
-173
1043
1744
1388
206
-782
-501
616
1060
332
-639
-780
-109
494
652
499
111
-136
47
419
549
190
-205
-68
342
601
509
167
99
367
583
579
620
1125
1399
179
-1915
-2541
-607
1920
2063
-372
-2636
-2522
-397
1736
2003
32
-2624
-3276
-592
2937
3212
-348
-3754
-3200
200
2393
1712
-248
-1429
-1206
-15
1297
1316
-416
-2030
-1547
367
1201
127
-912
-370
803
943
25
-627
-347
261
429
52
-552
-934
-695
109
781
558
-300
-628
129
1181
1336
419
-546
-615
100
726
663
163
-148
-15
361
617
523
136
-285
-386
-73
303
360
140
27
240
546
510
71
-299
-200
119
167
68
476
1346
1481
122
-1580
-1688
22
1585
1129
-988
-2727
-2476
-375
1850
2131
-97
-2760
-2848
72
2843
2225
-1155
-3590
-2739
22
1871
1657
219
-1064
-1189
29
1453
1377
-390
-1961
-1637
-31
926
554
-133
-199
192
470
467
306
51
-237
-402
-400
-358
-333
-208
66
280
237
89
121
406
720
722
311
-136
-89
444
825
575
-25
-372
-269
71
437
625
391
-157
-377
114
800
907
390
-108
-129
179
428
413
181
-113
-284
-92
651
1626
1801
438
-1608
-2303
-793
1252
1438
-520
-2538
-2577
-637
1538
2048
301
-2236
-2983
-885
1947
2230
-568
-3338
-3096
-436
1743
1801
441
-891
-1271
-425
919
1219
-170
-1828
-1892
-471
705
745
317
135
108
54
144
345
269
-136
-423
-366
-259
-296
-202
180
401
143
-127
120
636
841
659
380
101
-124
27
629
1018
552
-345
-642
-89
595
794
538
136
-114
64
655
1094
757
-136
-644
-298
355
582
314
-32
-72
415
1272
1690
809
-1005
-2050
-1154
687
1366
145
-1605
-2072
-819
971
1633
435
-1691
-2703
-1439
853
1663
58
-2178
-2658
-1074
856
1513
691
-715
-1478
-790
802
1536
349
-1577
-2105
-750
888
1223
338
-627
-802
-119
812
1115
376
-738
-1066
-311
529
407
-410
-818
-351
421
739
490
139
125
459
740
589
94
-224
41
651
889
361
-467
-673
11
847
948
350
-116
84
649
969
776
224
-315
-434
41
689
814
344
96
717
1524
1236
-270
-1553
-1262
183
1117
499
-1076
-2088
-1511
311
1752
1294
-845
-2564
-1988
284
1741
805
-1415
-2561
-1628
272
1454
1206
39
-945
-983
-168
528
296
-540
-1030
-757
-255
-12
65
227
306
-24
-493
-569
-117
375
379
-112
-674
-804
-403
167
350
-77
-665
-667
128
1045
1254
627
-166
-354
201
904
1000
307
-577
-838
-309
470
835
600
107
-124
214
854
1152
756
64
-261
-105
170
270
290
416
704
1075
1135
549
-398
-782
-110
853
928
-132
-1271
-1393
-443
680
871
-131
-1445
-1703
-467
1036
1184
-257
-1816
-1987
-754
629
967
192
-840
-1121
-377
690
1079
383
-744
-1324
-916
65
737
561
-244
-845
-615
227
817
521
-372
-1028
-885
-169
398
333
-220
-683
-614
-75
517
746
515
91
-126
42
407
627
527
194
-122
-235
-128
106
303
343
240
132
171
374
583
609
404
109
-116
-178
-77
91
257
415
627
744
520
-23
-502
-395
184
615
392
-339
-886
-767
-69
548
456
-334
-1124
-1108
-306
458
412
-369
-1112
-1179
-467
460
852
343
-685
-1207
-657
475
1081
617
-399
-1002
-613
375
1030
685
-351
-1035
-694
278
831
453
-411
-903
-619
66
457
179
-451
-707
-210
589
884
408
-300
-511
-52
629
914
561
-84
-412
-113
486
724
338
-225
-372
55
657
911
666
179
-114
0
336
484
185
-301
-438
50
836
1167
653
-328
-890
-476
498
1044
516
-679
-1428
-1023
154
912
456
-800
-1633
-1203
60
888
440
-869
-1748
-1326
29
1036
722
-579
-1556
-1175
249
1315
995
-351
-1348
-993
332
1285
902
-411
-1304
-859
470
1292
739
-654
-1503
-1003
277
1066
669
-407
-1009
-520
546
1144
780
-56
-507
-215
418
746
535
73
-176
-13
353
539
388
111
8
158
363
421
331
218
177
206
277
334
338
249
81
-80
-102
132
527
749
522
-24
-403
-225
338
677
355
-425
-968
-759
-3
541
295
-536
-1139
-908
-87
470
171
-705
-1299
-1072
-324
165
-70
-698
-970
-551
157
449
90
-460
-574
-140
371
444
40
-371
-344
73
424
309
-193
-615
-568
-131
288
350
82
-169
-127
150
384
336
31
-237
-207
109
434
498
289
62
83
333
535
440
81
-252
-284
-4
322
441
299
94
81
270
412
318
55
-140
-108
71
191
193
194
292
451
486
290
12
-88
71
284
272
-23
-335
-341
-35
269
253
-84
-418
-437
-168
68
-11
-374
-707
-721
-440
-159
-149
-397
-617
-540
-202
103
124
-119
-356
-350
-112
140
187
8
-211
-254
-74
159
234
104
-67
-84
60
207
216
110
9
-8
52
98
78
1
-71
-69
-6
67
105
111
121
104
51
-27
-113
-173
-190
-187
-179
-141
-47
112
251
244
89
-57
-57
78
213
195
41
-88
-35
179
405
453
273
64
16
150
313
321
161
-26
-75
49
244
355
291
93
-91
-153
-87
2
7
-69
-179
-233
-194
-87
2
-13
-115
-211
-193
-52
97
119
-20
-202
-270
-172
-13
76
41
-79
-156
-117
-17
47
-4
-126
-193
-141
-8
93
89
4
-65
-53
3
34
-12
-100
-145
-119
-56
-26
-55
-121
-167
-158
-107
-68
-86
-128
-139
-111
-59
1
40
51
54
64
91
128
130
97
67
69
109
177
235
249
220
180
163
186
210
190
139
98
102
163
231
260
224
146
78
58
65
39
-5
-19
16
86
144
167
152
98
24
-35
-70
-96
-120
-139
-145
-132
-122
-109
-76
-43
-24
-26
-53
-79
-98
-114
-127
-146
-165
-163
-128
-76
-37
-23
-31
-52
-73
-80
-72
-56
-53
-66
-74
-82
-100
-129
-160
-177
-175
-159
-128
-87
-58
-48
-45
-37
-33
-49
-71
-73
-62
-53
-36
9
66
109
115
99
87
78
53
25
10
9
20
55
106
160
194
189
171
162
152
125
81
35
6
2
5
6
6
9
19
36
58
75
71
44
22
28
46
53
46
34
30
24
13
2
0
-6
-22
-32
-30
-23
-16
-10
-10
-10
-12
-18
-24
-23
-13
-6
-6
-2
0
-9
-30
-54
-67
-77
-90
-109
-130
-144
-146
-132
-103
-63
-35
-24
-19
-18
-27
-50
-85
-110
-110
-91
-68
-60
-56
-44
-24
-9
-4
-12
-19
-25
-39
-50
-60
-73
-79
-74
-47
-13
12
23
20
7
-19
-48
-60
-57
-41
-25
-21
-23
-25
-36
-50
-57
-52
-49
-46
-30
-11
-1
-7
-33
-66
-94
-107
-109
-110
-103
-72
-16
52
113
152
154
116
53
-1
-32
-58
-84
-93
-66
-11
42
78
100
104
83
51
24
-3
-35
-61
-68
-42
-8
17
37
57
70
71
58
38
18
-1
-9
-6
-1
-5
-11
-3
6
7
1
-5
-10
-6
9
19
19
7
0
10
26
21
-7
-41
-63
-63
-47
-23
-1
5
6
16
20
16
-1
-31
-58
-72
-80
-79
-61
-29
-1
16
18
5
-10
-17
-19
-29
-63
-111
-135
-120
-75
-24
14
36
51
67
83
83
43
-35
-108
-142
-134
-96
-52
-12
30
66
95
119
118
75
3
-73
-121
-129
-104
-66
-23
15
41
75
117
145
139
98
46
1
-35
-48
-33
-12
1
8
19
40
71
101
132
139
112
70
35
14
2
-9
-28
-44
-45
-17
40
108
162
181
168
129
73
16
-27
-53
-62
-54
-27
16
48
79
105
105
80
45
17
-5
-20
-31
-30
-17
-13
-15
-15
-10
-1
9
23
28
11
-20
-40
-45
-40
-37
-38
-32
-19
-2
23
53
68
54
34
22
12
-3
-23
-30
-28
-22
-7
18
36
35
23
22
29
32
30
35
46
50
42
34
24
7
-14
-24
-15
3
22
58
102
115
106
82
51
12
-28
-54
-65
-56
-30
10
63
103
111
98
83
59
22
-12
-34
-46
-53
-43
-20
13
44
68
81
71
47
10
-25
-41
-38
-32
-34
-28
-17
1
20
29
26
19
10
7
11
9
0
-17
-39
-49
-45
-35
-33
-34
-25
-7
19
39
44
35
19
13
11
0
-22
-49
-62
-48
-25
-12
-4
5
19
29
36
34
20
1
-16
-20
-8
8
20
24
37
58
66
59
46
31
19
11
10
8
10
14
21
35
54
70
80
88
89
77
60
43
27
13
8
16
28
34
44
59
58
44
31
22
19
18
13
10
14
20
25
29
26
12
-3
-11
-6
5
6
-3
-9
-4
4
-2
-13
-28
-35
-33
-29
-19
-9
3
6
3
-3
-15
-28
-36
-32
-27
-31
-39
-38
-24
3
23
25
20
17
16
17
15
7
-9
-21
-18
-2
10
17
20
17
17
24
27
24
14
1
-3
-3
-9
-6
7
21
25
19
19
24
27
25
20
21
20
19
24
33
34
24
12
8
9
3
0
4
3
3
12
19
18
14
13
12
13
22
36
41
39
41
46
46
44
31
14
1
-14
-28
-26
-15
-8
-7
-7
-3
3
0
-6
-9
-10
-15
-22
-20
-24
-29
-27
-17
-3
5
2
-1
9
13
10
5
-3
-8
-9
-8
-4
2
8
19
22
13
0
-12
-23
-28
-24
-19
-18
-19
-20
-13
7
20
9
-9
-17
-17
-11
-5
4
-2
-13
-11
0
12
18
8
-7
-14
-11
-4
5
8
1
0
7
15
18
19
12
0
-10
-8
2
10
12
6
0
-3
0
2
-2
-5
-7
-6
6
11
7
-2
-5
-1
1
-3
-10
-13
-16
-10
-2
-1
3
13
19
20
17
11
0
-15
-22
-17
-11
-9
-10
-4
3
6
9
15
22
22
18
9
-5
-10
-7
-7
-10
-17
-19
-15
-6
11
25
23
10
4
4
5
-4
-17
-34
-45
-42
-28
-9
0
-3
-11
-8
3
-3
-17
-28
-36
-41
-36
-30
-25
-22
-12
5
21
28
29
23
12
-5
-19
-25
-32
-39
-35
-25
-7
9
16
14
5
-7
-9
-4
-4
-8
-17
-19
-13
-8
-4
4
5
0
-1
7
15
10
-3
-14
-11
3
13
13
7
3
8
21
36
45
41
31
24
22
20
8
-11
-15
-12
-7
5
15
16
18
18
14
7
-3
-21
-31
-29
-25
-22
-19
-18
-8
3
3
-4
-13
-21
-18
-14
-12
-9
-12
-18
-16
-6
-1
-5
-8
-12
-12
-13
-16
-17
-19
-22
-18
-10
-7
-13
-20
-21
-23
-25
-20
-13
-11
-10
-9
-8
-8
-6
-7
-11
-15
-21
-13
-4
-5
-9
-11
-7
-6
-2
4
4
-6
-16
-18
-8
0
-1
-8
-9
-1
9
8
5
3
-5
-5
5
12
11
2
-7
-5
2
0
0
4
7
5
1
2
6
8
6
4
3
-3
-5
-4
-3
-5
-3
0
-1
-1
1
1
5
9
11
6
0
-4
-9
-9
-6
-4
-5
-9
-17
-13
-7
-12
-17
-19
-18
-20
-15
-11
-19
-27
-26
-25
-18
-13
-14
-18
-22
-25
-27
-26
-30
-37
-24
-7
-6
-14
-24
-22
-14
-8
-11
-12
-14
-15
-14
-8
-2
-2
-8
-6
1
8
15
10
4
5
5
6
4
4
10
9
3
0
3
7
10
16
21
16
5
-1
7
15
18
19
23
22
16
9
8
11
9
4
4
5
4
6
5
4
5
-1
-4
-2
-2
-4
-7
-11
-13
-10
-6
-3
-5
-16
-22
-22
-20
-17
-18
-21
-20
-19
-17
-13
-9
-12
-19
-28
-27
-20
-19
-25
-30
-29
-28
-25
-20
-16
-16
-17
-18
-16
-7
-6
-4
0
1
-9
-15
-9
-4
2
3
1
0
2
8
14
11
2
-5
-3
1
1
0
1
-3
-5
5
14
16
12
9
9
10
11
13
13
11
8
14
19
19
21
25
29
30
28
24
22
19
13
12
12
11
10
8
10
15
15
13
16
16
13
9
1
-8
-11
-11
-2
4
1
2
3
-1
4
5
0
-4
-7
-7
-2
4
-1
-6
-2
6
8
9
9
4
-4
-4
-2
3
2
-2
-6
-5
4
10
9
8
10
13
17
16
12
9
6
-1
-6
1
7
7
8
6
-1
-3
3
7
8
1
-9
-6
2
5
9
13
14
16
17
15
20
23
23
16
15
17
16
16
18
19
14
8
13
19
18
17
15
12
12
17
18
17
13
12
16
21
23
25
26
24
20
22
26
25
15
13
26
32
23
20
20
21
23
23
25
27
25
18
19
21
20
17
13
11
15
19
19
19
14
10
15
22
26
26
23
19
14
11
4
1
6
9
8
3
1
4
5
4
6
3
-3
1
10
15
17
11
3
1
-4
-10
-15
-15
-12
-3
11
17
14
6
4
2
2
4
3
4
2
1
7
10
11
13
19
21
16
7
-3
-2
9
26
28
18
8
-6
-6
16
38
40
17
-1
-19
7
46
52
68
66
41
36
46
18
-16
2
4
19
53
43
70
-8
-43
8
-51
-67
8
22
-49
-89
84
163
243
137
698
2747
1393
-2599
-2841
-611
-928
-1943
451
1938
212
654
2524
879
-2302
-2241
-113
-800
-1522
1019
1985
-363
-809
1551
1415
-1371
-1133
775
-275
-1592
-96
1328
294
-376
757
1001
-660
-1148
-254
-158
-815
-571
586
697
159
239
445
-244
-937
-707
-76
-90
-160
391
656
305
12
121
257
-78
-337
7
241
337
70
34
309
1112
602
-962
-501
124
-582
-775
582
778
-243
229
1143
218
-835
-178
297
-728
-913
616
745
-576
-1
1112
114
-779
52
378
-651
-448
356
81
-216
222
513
46
-278
10
-21
-592
-483
217
64
-186
460
426
-519
-196
565
-330
161
1842
844
-1662
-1156
269
-1191
-1787
172
982
-255
616
2076
569
-1773
-1102
152
-1177
-1591
474
1474
-180
-189
1640
977
-1522
-946
972
-253
-1635
244
1459
-275
-459
1271
886
-866
-756
326
6
-959
-252
760
384
-84
475
828
-109
-873
-333
1
-339
-402
340
880
97
-99
548
316
-609
-337
461
89
-443
277
809
-15
-197
300
194
-408
-295
98
-162
46
394
240
125
338
-23
-375
-43
-35
-292
-408
151
282
21
270
145
102
-203
-195
-10
-326
-258
45
-88
-325
15
324
159
-323
182
335
-393
-519
3
271
-259
-260
444
178
-416
96
353
-293
-489
258
376
-469
-321
456
-45
-374
-95
332
18
-425
172
198
-225
-96
214
228
-353
-343
259
-180
-362
129
593
157
-278
134
319
-396
-512
117
162
-7
-83
567
357
-293
36
185
-148
-552
-46
451
-75
-22
461
308
-185
-49
122
-332
-370
127
147
-197
245
338
14
-70
130
-114
-435
56
173
-66
124
381
3
-92
60
3
-383
-470
209
213
-63
-30
408
545
-343
-458
227
-31
-592
-369
581
408
-267
230
503
30
-705
-180
216
-401
-309
335
543
46
-84
273
-58
-377
-220
-193
6
-31
-23
161
243
225
-151
-22
153
-264
-203
10
45
-227
-26
322
-76
-210
144
242
-212
-141
114
47
-232
-151
238
111
-128
-224
168
203
-332
-254
443
327
-351
4
590
-54
-777
20
500
-370
-481
664
703
-365
-293
515
-4
-864
-259
562
-71
-538
358
835
-115
-501
442
463
-504
-695
322
273
-563
-257
584
482
-370
28
574
96
-616
-202
391
-296
-445
244
610
-143
-195
500
195
-413
-224
314
-196
-415
126
258
-310
-141
442
50
-292
284
586
-278
-356
360
10
-735
-173
495
-159
-454
549
689
-343
-301
486
53
-799
-294
429
-102
-461
325
505
-76
-246
243
173
-348
-166
230
36
-283
24
227
-167
-287
197
177
-218
-5
339
44
-291
-66
217
-139
-243
30
182
-42
-229
138
246
-14
-159
262
216
-261
-244
199
-28
-465
27
404
6
-207
436
424
-293
-262
243
-109
-602
-54
395
5
-109
449
364
-171
-123
115
-188
-385
17
115
-88
146
428
144
-53
132
78
-328
-230
18
-165
-217
280
396
-11
35
285
-44
-482
-77
105
-220
-165
306
160
-122
137
234
-152
-154
225
-110
-351
-35
106
-289
-154
306
111
-173
68
228
-194
-228
38
77
-108
-11
166
34
-104
-176
-9
-24
-109
-17
334
240
-135
23
221
-182
-528
1
198
-188
-156
476
336
-149
77
286
-122
-420
-33
-27
-191
-20
248
136
45
219
48
-172
-89
94
-167
-229
168
216
-137
-79
333
86
-251
-12
232
-109
-238
117
146
-118
-96
150
9
-139
-15
91
-27
-66
116
123
-3
-66
23
-13
-128
-105
13
100
-2
8
77
47
-88
-103
7
-56
-35
45
39
-22
9
12
-139
-22
79
-49
-107
112
128
-154
-22
125
-61
-180
94
116
-106
17
139
-38
-118
77
-3
-170
-32
111
-38
-15
168
78
-125
-68
12
-133
-90
67
122
21
60
89
-12
-62
-73
-22
-73
29
60
43
49
51
23
-105
-17
-9
-19
2
86
77
-28
63
11
-104
-116
0
-12
-53
145
154
45
51
106
-78
-194
12
27
-98
-7
196
59
-84
59
74
-133
-153
30
-9
-80
78
178
12
-43
80
-14
-195
-61
72
-60
-85
150
150
-93
-46
115
-6
-180
0
102
-90
-144
47
62
-122
-68
60
-15
-140
-20
62
-15
-15
88
83
-31
-30
-42
-75
-77
-13
17
64
136
83
-7
-19
6
-88
-111
23
86
8
8
88
5
-114
-80
-14
-61
-62
50
101
57
50
83
18
-55
-40
-20
-40
-31
43
65
38
47
52
-7
-42
-2
1
-27
0
31
2
-13
26
30
-1
15
39
3
-22
8
21
3
21
51
30
-2
-5
-23
-43
-34
-15
5
37
59
51
50
43
-1
-36
-43
-55
-66
-34
17
30
37
47
41
22
-3
-27
-40
-41
-37
-29
0
22
1
-17
1
0
-31
-27
3
-2
-21
-13
-7
-32
-46
-33
-26
-18
14
42
36
31
25
-17
-69
-84
-72
-62
-20
38
66
69
69
48
-1
-45
-64
-69
-61
-31
11
44
66
75
45
9
-9
-37
-62
-46
-19
-17
0
37
46
30
36
45
26
2
-6
-15
-24
-25
-11
15
32
33
30
27
14
-12
-12
12
23
25
28
28
15
3
6
11
6
9
16
12
8
5
11
10
4
3
-2
-13
-22
-23
-13
2
14
19
14
2
-21
-44
-50
-41
-19
4
18
20
16
4
-20
-27
-18
-12
-8
2
6
-1
-9
-17
-21
-22
-14
3
13
10
-6
-26
-40
-47
-42
-23
4
24
27
20
2
-27
-57
-71
-56
-33
-8
22
51
57
35
14
0
-19
-35
-33
-15
2
7
16
37
45
38
35
36
27
9
-9
-19
-24
-25
-6
22
38
51
63
67
50
14
-13
-34
-48
-45
-18
18
40
50
53
40
14
-11
-27
-35
-34
-25
-15
-2
7
11
13
12
5
-5
-2
3
4
4
-1
-7
-15
-19
-22
-26
-26
-19
1
20
29
36
32
10
-28
-60
-74
-72
-59
-26
19
53
65
62
44
13
-31
-61
-68
-75
-66
-28
15
46
57
59
46
14
-17
-31
-36
-35
-31
-15
16
44
55
56
49
25
-8
-31
-35
-38
-37
-23
-3
18
29
34
37
29
11
-4
-9
-10
-11
-6
15
32
39
42
43
31
8
-19
-34
-42
-40
-19
13
46
67
69
57
36
0
-34
-52
-57
-46
-25
7
38
47
36
28
13
-7
-21
-19
-6
2
1
3
7
-3
-11
-11
-10
-8
0
7
9
9
6
2
-7
-19
-30
-34
-38
-39
-28
-11
3
15
25
26
16
0
-16
-31
-48
-50
-32
-6
17
34
41
39
25
3
-18
-40
-54
-49
-27
4
32
49
53
42
23
2
-10
-19
-25
-26
-14
9
26
31
30
25
12
-1
-11
-13
-7
4
15
26
38
43
33
21
8
-12
-25
-16
-2
6
16
26
31
28
12
2
1
-6
-11
-5
-2
-1
1
0
-4
-9
-11
-5
-2
-1
0
-2
-6
-10
-15
-16
-17
-15
-10
-7
-1
3
3
0
4
1
-8
-16
-22
-25
-22
-26
-23
-16
-9
4
11
6
4
3
-9
-19
-21
-22
-22
-21
-12
0
5
8
9
8
0
-7
-4
-5
-6
-4
-4
3
5
6
8
5
-1
0
1
7
9
5
4
7
12
14
14
11
12
13
12
15
18
16
7
1
4
11
19
19
15
16
8
-1
-1
-1
0
2
4
8
10
8
8
7
2
-5
-3
-2
-1
-5
-6
-3
-6
-11
-10
-10
-14
-12
-4
-5
-10
-13
-14
-18
-19
-14
-8
-3
4
3
1
0
-6
-10
-15
-16
-11
-12
-13
-9
-7
-8
-10
-14
-8
-5
-10
-7
-1
-1
-3
-2
-1
-3
-5
-8
-8
-3
-2
-1
3
5
5
3
1
0
-2
-2
2
7
7
8
11
11
10
12
13
7
6
9
8
16
17
8
6
5
4
3
0
5
11
8
9
12
6
-1
-7
-2
3
-1
14
24
9
2
6
3
-12
-13
-5
0
8
14
13
5
-1
-6
2
7
-3
-3
11
11
1
-2
-5
-8
-9
-8
-1
3
1
-3
-6
-7
-12
-15
-5
-4
-8
-6
-8
-5
1
3
5
3
-6
-15
-12
-8
-14
-16
-10
-7
-9
-13
-12
-13
-17
-15
-9
-5
-3
-7
-8
-13
-17
-14
-10
-13
-8
0
1
-6
-9
-6
0
4
4
8
8
6
7
11
8
3
5
6
7
5
1
6
10
9
14
14
8
6
9
12
12
12
13
15
17
14
13
19
14
6
6
9
9
-2
-3
3
6
10
12
10
11
10
5
0
-3
-6
-7
-8
-8
-6
-6
-7
-7
-11
-12
-6
-4
-2
-4
-9
-11
-14
-15
-9
-8
-11
-5
-1
-2
-9
-15
-17
-16
-16
-14
-9
-12
-20
-20
-18
-17
-17
-20
-16
-18
-19
-17
-13
-10
-10
-6
1
5
3
4
8
4
-4
-3
-1
-3
-2
4
9
7
1
2
5
4
2
1
2
7
9
11
14
10
5
11
16
15
19
18
13
10
9
9
8
7
5
10
11
13
16
16
12
7
4
8
9
4
4
8
9
9
8
5
4
-1
-2
0
2
1
0
0
-2
-3
-2
-5
-9
-11
-10
-7
-6
-8
-9
-6
-8
-8
-7
-10
-12
-13
-16
-11
-10
-12
-9
-11
-16
-17
-20
-15
-13
-14
-14
-14
-8
-10
-18
-16
-14
-9
-7
-6
-5
-3
-3
1
3
-1
1
4
5
4
5
7
6
6
6
4
2
4
7
10
15
18
15
16
15
12
9
7
7
6
4
0
5
11
10
10
15
12
6
8
9
8
5
4
8
6
0
4
9
5
6
8
9
9
6
7
11
7
6
9
6
2
1
3
7
5
5
5
1
-1
-6
-7
1
-3
-8
-6
-4
-5
-4
-7
-10
-13
-16
-10
-14
-17
-13
-9
-5
-7
-6
-5
-7
-7
-10
-9
-5
-9
-4
0
-4
-5
-6
-6
-4
-4
-2
2
1
-4
-1
3
-2
-6
-6
-3
-1
0
-3
-2
1
0
0
7
9
5
4
8
7
3
3
6
7
2
4
8
4
1
3
6
4
-1
3
5
1
-1
1
3
6
3
5
9
7
3
3
4
3
5
4
7
8
5
6
5
4
4
1
-1
-1
-5
-10
-6
-2
-3
-1
1
2
3
3
2
-5
-9
-8
-4
-2
0
-2
2
4
-2
-3
1
-1
-6
-6
-5
-6
-5
-1
-1
-1
-1
-4
-5
-9
-16
-19
-17
-12
-9
-6
-2
-1
-6
-5
0
-1
-3
-3
-4
-4
-2
1
0
-1
-4
-6
-6
-5
-4
-1
-2
-5
-3
-2
-2
-1
1
5
6
7
6
7
9
6
4
7
7
6
7
12
11
10
13
12
9
14
11
4
0
4
9
11
10
3
2
0
-5
-6
-2
0
-4
-6
-7
-5
-6
-8
-3
1
-4
-10
-11
-13
-14
-12
-11
-7
-2
-2
0
-1
-7
-7
-3
-7
-10
-9
-4
-5
-7
-6
-2
-3
-7
-7
-9
-8
-5
-1
2
1
0
0
0
-3
-1
-1
0
1
-1
-1
-1
3
7
1
0
3
0
-2
-4
4
7
5
10
10
5
3
2
1
-3
-4
2
6
4
11
16
11
7
1
-3
-2
-2
-2
-2
1
6
8
7
7
3
0
0
-3
-7
-11
-13
-6
0
4
12
15
12
10
1
0
2
-1
-3
3
11
17
16
19
17
10
6
1
-3
1
0
-2
3
6
5
3
-1
-2
-1
0
4
2
-2
-2
-5
-4
0
-5
-7
-4
-7
-7
-4
-10
-12
-9
-9
-9
-12
-13
-14
-17
-19
-17
-16
-15
-13
-11
-12
-12
-9
-8
-10
-9
-7
-9
-8
-6
-8
-6
-5
-4
2
4
3
1
1
-1
-3
-1
1
3
3
6
7
6
7
10
12
13
14
16
15
15
17
18
13
9
11
13
10
11
13
16
13
7
4
3
3
6
9
8
7
9
11
11
8
8
8
6
3
1
2
0
0
-3
-3
4
1
-3
-5
-3
0
-6
-7
-3
-5
-3
1
-2
-3
-6
-11
-12
-12
-12
-11
-9
-8
-6
-6
-6
-8
-11
-9
-9
-10
-10
-10
-11
-9
-11
-14
-14
-15
-13
-10
-9
-9
-9
-9
-10
-10
-7
-6
-10
-8
-7
-5
-2
-2
-2
-1
0
0
-2
-2
4
5
5
3
4
10
13
11
10
10
8
7
6
6
7
10
12
15
18
17
19
22
19
16
14
10
7
7
8
7
5
2
-1
-1
0
3
6
8
7
7
6
3
-1
0
3
-3
-6
-3
-2
0
2
1
-3
-7
-8
-7
-7
-5
-1
-3
-5
-7
-4
-3
-5
-5
-8
-7
-6
-9
-10
-10
-13
-10
-10
-12
-16
-18
-17
-14
-10
-6
-3
-2
-2
-1
-3
-1
0
0
1
4
6
12
10
7
10
9
5
3
5
3
5
6
4
4
4
-1
0
-1
-6
-4
1
3
2
1
4
0
0
9
11
8
9
7
7
8
8
9
9
13
14
16
18
18
16
9
8
9
3
1
2
4
5
4
4
10
12
10
6
4
0
-4
-2
0
0
0
3
2
1
-1
-1
-3
-9
-5
-4
-11
-11
-12
-11
-14
-15
-12
-7
-8
-10
-8
-7
-8
-8
-7
-7
-6
-4
-1
-2
-8
-10
-5
-5
-4
-6
-5
2
2
-1
-3
-3
-7
-9
-5
-2
1
3
1
0
3
5
9
10
2
5
11
8
3
7
9
6
5
4
3
6
5
3
8
11
9
8
8
9
8
10
10
9
9
11
8
4
6
8
3
-1
-1
-3
-8
-6
-3
2
6
3
-1
3
-1
-5
-2
2
4
1
-1
-2
-4
-5
-2
-1
-4
-3
-2
0
1
1
0
-1
-4
1
3
2
2
3
4
-1
-4
-2
0
1
-1
-1
1
3
1
-2
-4
-8
-13
-11
-9
-12
-8
-3
-4
-4
-2
-6
-8
-10
-13
-12
-8
-6
-10
-10
-4
-5
-5
-7
-9
-7
-7
-11
-13
-8
-4
-5
0
7
8
9
6
6
10
15
12
10
12
11
13
17
14
14
12
8
8
10
6
3
5
6
7
5
5
2
1
0
7
13
11
12
10
6
6
2
0
4
4
1
0
5
6
4
5
0
-1
-3
-2
-4
-7
-3
-3
-6
-4
-6
-8
-5
-4
-2
-1
-2
-2
-6
-9
-11
-8
-6
-7
-4
0
4
1
-5
-4
-1
-2
-3
-1
0
1
-4
-6
-5
-5
-6
-8
-9
-9
-7
-4
0
0
-1
-3
0
4
-1
-3
-3
-5
-5
-2
0
-1
0
-2
-2
-1
1
7
4
4
7
6
4
3
4
7
6
7
10
10
10
9
11
12
12
10
10
14
10
9
8
10
11
12
11
10
10
6
2
5
10
11
7
6
4
1
2
3
2
2
0
-3
-3
-3
-3
0
4
1
0
-4
-5
-7
-12
-11
-10
-14
-10
-9
-14
-15
-15
-15
-13
-13
-15
-15
-14
-8
-6
-6
-7
-15
-17
-15
-16
-20
-17
-6
-2
-4
0
1
-1
-2
0
3
5
0
-3
1
4
6
7
9
9
8
12
14
10
4
1
-2
0
5
7
7
6
9
12
14
15
12
10
7
4
6
9
12
12
10
9
6
7
7
5
6
7
11
13
6
3
4
-1
-4
-5
-5
-3
-4
-4
-6
-5
-5
-8
-10
-8
-9
-7
-9
-14
-16
-12
-10
-4
-1
-1
1
-1
-5
-6
-6
-7
-10
-10
-10
-9
-7
-8
-9
-8
-7
-7
-6
-5
-5
-6
-9
-6
-2
-4
-4
-4
-4
1
0
-8
-8
-5
-4
-3
-2
-4
-6
-7
-5
-3
-3
-3
-2
0
1
4
1
-1
2
2
2
6
12
11
5
2
7
13
9
8
10
12
11
9
6
10
8
2
5
8
12
13
9
10
12
11
7
6
7
5
4
5
1
-3
-2
-2
-5
-5
-2
-1
-2
-3
-5
-5
-6
-8
-9
-10
-9
-3
-2
-3
-1
-3
-6
-5
-6
-4
-5
-7
-8
-10
-10
-12
-16
-17
-22
-22
-16
-14
-8
-6
-6
-4
-5
-10
-11
-10
-10
-9
-4
-2
0
3
4
4
4
0
-2
-4
-3
0
3
6
7
7
4
8
13
14
12
8
7
9
8
7
9
9
8
9
9
4
5
7
5
9
12
10
11
9
6
7
8
7
6
7
8
8
8
5
5
3
4
8
7
2
-1
1
2
6
6
4
3
2
1
2
4
5
6
8
1
-2
1
1
-3
-6
-7
-6
-3
-1
-2
-2
-4
-1
0
-2
-4
-9
-10
-10
-8
-7
-6
-7
-9
-10
-10
-14
-14
-12
-14
-19
-18
-21
-20
-14
-12
-9
-11
-6
-2
-4
-9
-10
-8
-8
-7
-7
-3
-2
0
3
6
8
5
1
0
6
8
9
10
9
4
4
11
12
10
10
11
15
17
14
14
18
16
13
12
11
11
11
9
5
9
11
8
12
16
15
15
12
11
11
6
4
6
4
2
-1
-2
-3
0
