-3
-4
-4
-6
-7
-4
-1
0
-2
-6
-9
-8
-8
-6
-5
-7
-6
-4
-4
-10
-9
-9
-16
-17
-11
-7
-8
-8
-7
-9
-4
-3
-7
-8
-4
-2
-2
-4
-3
-1
-2
-3
-4
-1
0
-2
0
5
4
0
-3
0
1
0
2
1
0
0
7
9
6
10
11
5
3
-1
-4
2
4
2
6
11
10
6
6
9
9
9
6
9
13
12
12
16
12
5
8
12
12
13
11
8
9
10
8
8
3
-3
-1
2
3
3
6
2
0
0
-2
-2
-1
-2
-1
0
-2
-2
-1
-3
-5
-4
-4
-4
-6
-9
-13
-15
-17
-15
-11
-8
-8
-11
-14
-15
-13
-13
-12
-9
-6
-6
-4
-3
-5
-8
-7
-6
-6
-5
-2
-1
-5
-5
-4
-5
-2
-2
-4
-4
2
4
3
3
2
4
6
5
2
6
10
6
7
5
4
8
12
12
10
11
14
10
9
10
8
7
6
10
12
12
12
12
13
13
13
12
11
10
9
7
5
2
-1
-1
0
-1
-1
1
0
-1
1
2
1
-1
-4
-8
-10
-7
-9
-12
-10
-11
-11
-11
-11
-12
-12
-12
-10
-8
-9
-6
-8
-8
-2
-4
-9
-5
-5
-7
-3
-3
-9
-11
-8
-9
-10
-7
-10
-8
-7
-2
1
0
-4
-1
-1
-7
-8
-6
-6
-6
-6
-4
-7
-6
-3
-1
-2
-4
0
4
5
2
4
5
3
0
2
3
5
8
12
10
9
9
9
6
6
10
13
12
8
7
14
13
8
5
4
7
6
6
5
3
2
3
6
4
4
10
12
8
12
14
13
12
9
8
9
4
-4
-9
-9
-10
-11
-8
-5
-9
-10
-7
-8
-12
-13
-10
-12
-14
-11
-10
-12
-13
-10
-8
-6
-7
-11
-11
-9
-11
-9
-8
-7
-10
-12
-12
-12
-10
-9
-6
-5
-7
-1
3
-3
-5
-4
-1
-3
-2
1
0
-3
0
2
-1
-3
-1
1
4
6
5
6
7
5
4
5
7
7
5
4
10
13
10
9
9
9
12
11
8
8
8
8
10
8
7
6
7
9
10
11
12
10
10
10
9
8
7
6
4
3
4
4
4
6
10
11
7
5
3
4
6
4
5
8
6
5
5
6
4
4
0
-5
-4
-5
-8
-9
-13
-16
-15
-13
-13
-18
-20
-15
-18
-24
-21
-19
-20
-18
-17
-14
-12
-11
-13
-14
-14
-14
-10
-9
-9
-9
-7
-5
-8
-9
-6
-3
-3
-4
-2
-1
0
3
3
2
5
5
6
9
10
10
10
12
8
5
8
1
-2
3
5
4
6
6
11
13
9
11
15
17
13
13
11
14
20
22
17
15
16
16
12
9
6
6
5
3
3
4
5
4
3
-1
-5
-5
-5
-8
-10
-4
0
-2
-2
-7
-8
-8
-11
-9
-6
-3
-2
-2
-3
3
3
-4
-7
-6
-6
-9
-11
-12
-11
-6
-2
-9
-13
-12
-13
-12
-10
-12
-11
-12
-14
-14
-7
-1
-3
-7
-6
-4
-4
-7
-11
-15
-14
-10
-4
-3
-3
-1
-1
-3
1
1
0
-1
3
8
7
7
2
1
3
3
4
8
11
13
12
9
10
16
12
8
8
7
12
13
12
13
13
12
10
9
4
6
11
15
11
6
7
1
-3
-1
-1
-1
-2
-7
-2
0
-6
-8
-5
-3
-2
-2
0
-2
-3
-2
-6
-6
-6
-5
-5
-8
-5
-4
-6
-8
-9
-11
-9
-5
-2
-2
-2
-3
-5
-7
-6
-3
-4
-6
-3
-3
-3
-3
-6
-2
-7
-13
-9
-6
-2
-4
-5
-4
-5
-5
-3
-3
-2
-4
0
3
-1
-1
2
-1
-1
2
7
16
15
12
8
7
6
5
3
3
1
2
9
12
9
10
13
11
6
8
10
7
4
3
5
10
11
5
2
0
-3
3
7
5
8
10
11
11
7
4
1
-6
-5
2
3
-2
-4
0
4
1
-2
-5
-5
-5
-2
-1
-2
-4
-2
-2
-3
-2
-5
-7
-6
-9
-11
-9
-10
-15
-15
-12
-11
-10
-7
-5
-8
-12
-10
-11
-10
-9
-6
-8
-14
-11
-7
-6
-1
1
0
5
3
1
-2
-4
-3
-5
-2
0
-3
1
7
7
10
12
8
8
8
4
4
6
3
5
5
3
4
-1
-2
3
8
9
9
11
12
14
12
8
9
11
7
3
3
2
-1
3
6
3
1
-2
-3
-1
5
7
2
2
4
2
4
5
2
2
5
6
5
3
1
-2
-3
-3
-9
-11
-6
-8
-9
-2
4
4
4
-2
-1
1
-1
-3
-6
-7
-7
-5
-2
-5
-7
-9
-9
-7
-10
-12
-6
-5
-11
-10
-10
-12
-11
-7
-6
-10
-11
-11
-11
-9
-11
-13
-10
-11
-11
-7
-6
-6
-5
-4
-5
-4
-6
-6
0
4
4
4
3
0
3
8
8
10
12
10
13
15
11
11
14
13
13
15
12
8
11
14
11
8
8
9
10
11
9
7
8
11
12
9
5
4
3
6
9
12
11
7
6
8
2
-4
-2
-1
-2
-9
-5
-1
-2
-2
-4
-8
-10
-11
-7
-3
-7
-10
-9
-9
-14
-15
-17
-16
-12
-6
-4
-8
-8
-12
-15
-6
-2
-8
-8
-5
-6
0
-3
-6
-4
-6
-5
-4
-3
3
0
2
6
5
7
5
4
9
8
10
11
12
13
10
6
7
8
10
13
9
9
7
1
2
-1
-2
0
-2
-2
6
6
2
1
1
0
4
5
0
1
6
4
7
9
3
4
3
2
2
4
5
5
5
6
6
7
6
6
9
2
-3
1
-1
-1
3
5
5
5
3
5
8
0
-5
-3
-3
-6
-4
-3
-1
-2
-8
-4
-4
-11
-13
-13
-7
-1
-3
-2
1
-4
-2
-3
-11
-13
-11
-8
-1
2
2
1
-1
0
0
1
1
-5
-6
-4
-5
-2
-2
-3
-3
-5
-3
5
4
2
5
5
6
5
3
1
-3
-1
2
2
5
6
8
5
4
5
4
7
8
4
4
6
6
2
4
6
4
7
7
3
3
3
4
9
12
7
6
7
7
8
4
-1
-6
-4
-3
-1
-2
-3
-2
-2
-2
-3
-7
-10
-5
-4
-5
-2
-4
-4
-3
-6
-3
-1
0
1
-1
-1
-3
-6
-5
-4
-10
-12
-12
-12
-10
-11
-8
-6
-8
-6
-4
-7
-7
-14
-22
-15
-9
-8
-7
-6
-8
-9
-4
-3
-5
-6
-6
-5
-3
0
-2
-6
-4
-2
-3
0
0
-1
0
8
14
13
16
17
12
13
15
11
11
9
9
14
12
8
8
11
12
6
5
11
6
6
11
11
11
10
9
10
8
4
4
3
0
1
4
2
3
5
4
-3
-7
-5
-1
-2
-4
-6
-7
-1
-1
-8
-10
-16
-15
-7
-7
-9
-6
-7
-9
-7
-11
-15
-14
-12
-8
-8
-6
-4
-9
-5
-6
-10
-10
-9
-6
-1
-3
-9
-8
-9
-5
-4
-12
-18
-13
-8
-9
-4
-2
-2
6
7
4
6
5
1
7
9
9
11
5
-2
4
10
11
9
8
8
9
9
9
7
4
2
4
8
11
6
8
10
4
2
4
5
8
11
13
9
8
12
14
9
4
4
6
7
8
7
7
6
4
-1
1
3
-3
-3
0
2
7
9
6
5
5
3
-2
-5
-9
-8
-5
-1
-2
-2
-1
-5
0
4
-5
-8
-11
-17
-13
-7
-6
-5
-5
-4
-6
-6
-8
-14
-13
-9
-11
-10
-12
-13
-7
-5
-4
-7
-11
-8
-1
3
-1
-8
-13
-11
-9
-6
-5
-7
-8
-6
-4
1
2
-1
2
1
2
2
1
0
-2
2
5
6
7
2
-1
3
13
16
18
16
13
17
21
20
13
10
10
17
24
22
14
10
12
15
12
4
3
5
6
6
5
0
0
-2
-2
2
-5
-4
-2
-8
-6
1
-5
-9
-7
-5
-6
-3
-3
-7
-8
-5
-3
-5
-2
-4
-4
1
-4
-9
-9
-14
-12
-11
-11
-11
-17
-17
-12
-10
-12
-14
-10
-9
-13
-9
-10
-13
-9
-5
-8
-6
-6
-7
-4
-3
-3
-3
-9
-9
-4
4
7
2
-2
-1
-1
-1
-1
-6
-6
0
4
8
7
0
3
10
11
13
18
13
8
17
20
13
9
8
11
16
15
12
12
12
12
19
22
16
8
4
6
8
5
2
-1
-2
-4
-6
-5
-4
-4
0
-2
-2
2
-7
-14
-9
-7
-4
-3
-8
-11
-9
-3
1
-1
-1
-1
-2
-2
-9
-18
-14
-10
-7
-6
-6
-8
-13
-13
-9
-12
-12
-11
-9
-3
-3
-6
-4
-4
-3
-2
-5
-6
-6
-6
0
4
3
4
5
4
4
2
-1
3
8
12
13
9
0
1
3
3
4
4
5
7
6
2
0
2
3
6
5
1
0
3
0
-3
1
1
0
3
4
3
6
5
3
3
3
8
8
3
0
9
14
14
11
6
8
6
1
0
5
7
8
8
4
4
8
9
7
5
3
1
0
-2
-4
-6
-4
-1
4
8
3
-6
-8
-3
1
-1
-3
-9
-10
-6
-11
-12
-12
-13
-11
-7
-8
-8
-7
-9
-10
-7
-6
-9
-13
-14
-12
-3
-3
-7
-6
-4
-12
-12
-4
-2
-2
-2
-5
-8
-2
1
-1
1
2
-1
0
3
6
7
5
4
5
9
9
10
5
-6
-4
3
9
7
7
12
13
12
10
4
3
5
2
5
10
6
6
12
10
9
11
7
3
2
2
3
5
5
4
8
9
3
2
7
6
8
11
5
-1
-3
-1
1
2
1
1
-3
-5
-5
-2
-1
-4
-10
-12
-11
-6
-6
-13
-19
-21
-22
-18
-16
-16
-14
-14
-17
-16
-9
-9
-12
-14
-14
-10
-4
-2
-3
-9
-17
-14
-3
-1
0
2
8
13
18
18
13
8
-1
5
19
44
67
49
14
-36
-73
-55
-19
19
45
70
95
96
55
-12
-35
-1
51
57
1
-77
-111
-36
71
109
24
-88
-75
45
144
98
-38
-155
-189
-120
-31
-10
-71
-133
-101
11
96
72
-17
-79
-64
17
61
7
-95
-144
-84
11
29
-53
-136
-129
-46
40
66
24
-46
-79
-29
51
65
3
-78
-115
-104
-62
26
135
199
175
92
38
81
185
227
133
-38
-143
-92
86
329
517
416
23
-187
252
912
739
-445
-1383
-941
358
1055
634
-175
-605
-473
142
867
884
-208
-1418
-1309
-22
798
250
-749
-964
-405
183
442
384
3
-451
-425
154
532
132
-556
-660
-138
318
307
29
-171
-143
84
338
367
129
-106
-120
-59
-124
-207
-82
212
364
200
-124
-319
-203
167
466
362
-71
-335
-82
437
650
282
-336
-626
-376
107
368
235
-105
-309
-177
154
331
142
-224
-369
-155
147
190
-22
-215
-198
-16
132
121
-17
-138
-78
164
378
344
85
-173
-268
-99
226
389
246
172
626
1069
447
-1085
-1865
-781
971
1430
347
-803
-860
-90
871
1436
890
-785
-2117
-1430
565
1365
67
-1518
-1487
-292
547
603
364
35
-364
-324
334
717
80
-859
-834
21
490
128
-333
-244
176
487
533
255
-229
-461
-88
504
593
109
-323
-251
131
408
349
-86
-641
-822
-319
499
849
475
-59
-97
317
628
502
0
-591
-871
-563
80
357
-44
-593
-554
91
621
551
118
-201
-233
-118
-16
-61
-261
-424
-311
82
374
254
-57
-97
197
414
266
-81
-271
-124
199
398
278
-97
-362
-136
449
751
436
20
156
551
293
-657
-1202
-555
610
1032
437
-373
-653
-318
380
950
643
-632
-1650
-1095
474
1098
43
-1277
-1370
-503
189
339
247
0
-337
-275
364
782
277
-552
-621
-4
306
2
-284
-150
106
218
272
250
43
-87
219
673
630
54
-417
-404
-213
-202
-299
-297
-143
104
373
503
347
85
68
317
407
36
-506
-729
-541
-229
-45
-58
-194
-256
-37
408
674
439
-80
-363
-230
-34
-90
-275
-311
-139
96
270
321
200
-3
-52
133
316
251
12
-126
-44
132
251
231
76
-50
98
465
614
367
190
437
554
-128
-1100
-1116
9
1011
897
70
-487
-400
102
749
1047
369
-991
-1603
-634
743
770
-508
-1448
-1122
-247
253
312
192
-86
-354
-162
418
588
-48
-760
-702
-127
117
-133
-338
-192
90
287
370
308
123
41
240
492
409
-29
-485
-695
-642
-382
-6
239
139
-106
-82
283
646
712
455
-2
-428
-524
-223
54
-115
-546
-679
-314
198
489
487
334
191
139
167
150
-16
-250
-364
-254
-45
66
43
-2
56
170
227
182
93
46
67
129
159
117
33
-10
28
124
274
403
411
372
527
795
522
-525
-1365
-860
600
1378
726
-405
-776
-233
587
1129
921
-210
-1469
-1490
-91
1047
491
-1047
-1758
-1106
-131
297
255
40
-284
-460
-91
548
648
1
-633
-583
-141
48
-73
-131
-5
93
98
155
270
309
275
327
451
397
37
-408
-639
-567
-313
-57
22
-110
-192
46
486
732
570
171
-187
-358
-319
-212
-256
-508
-704
-554
-127
225
299
239
260
368
402
259
-6
-264
-392
-317
-104
70
47
-101
-107
147
429
444
203
-42
-80
55
191
221
138
-15
-146
-99
178
460
473
317
384
766
859
87
-1041
-1295
-242
1034
1194
249
-661
-687
61
940
1257
546
-844
-1646
-935
517
978
-73
-1378
-1615
-864
-42
349
322
-25
-458
-462
177
805
642
-134
-631
-476
-151
-84
-119
-45
23
3
69
272
411
419
470
559
389
-117
-564
-588
-292
-43
-42
-209
-352
-261
121
544
627
303
-69
-136
27
92
-74
-368
-625
-685
-465
-63
233
226
47
0
196
419
408
147
-163
-325
-272
-71
116
145
21
-103
-82
94
255
213
-11
-188
-133
58
141
67
-14
-22
34
189
396
405
150
93
653
1286
866
-677
-1834
-1232
589
1737
1188
-247
-1071
-635
605
1683
1625
158
-1605
-1915
-397
1198
1036
-581
-1822
-1669
-706
152
585
495
-150
-817
-659
299
952
533
-400
-836
-610
-248
-21
132
168
3
-135
77
517
747
605
315
103
-37
-166
-245
-242
-167
-59
16
-11
-129
-175
17
346
480
284
-22
-177
-149
-80
-91
-243
-493
-614
-395
36
303
220
11
-7
174
317
246
22
-177
-220
-95
73
126
31
-92
-114
-34
56
83
56
37
71
123
117
31
-28
7
85
150
198
190
90
133
661
1364
1216
-200
-1701
-1641
27
1566
1537
281
-845
-916
64
1379
1909
876
-1080
-2129
-1228
512
1122
98
-1282
-1768
-1318
-476
365
803
418
-501
-904
-238
692
779
56
-567
-623
-419
-221
25
244
180
-86
-122
226
602
656
465
284
160
-16
-195
-266
-264
-268
-233
-103
21
35
21
80
139
97
41
63
16
-196
-401
-415
-335
-335
-330
-184
3
78
128
274
392
314
111
-38
-104
-156
-136
22
175
157
33
-9
56
114
122
105
73
20
-5
20
44
17
-37
-39
77
290
409
216
-105
70
950
1632
984
-769
-1942
-1270
585
1792
1361
-60
-1085
-821
580
2023
2128
486
-1555
-2052
-656
944
1023
-314
-1668
-2026
-1358
-156
884
988
-3
-1117
-1096
57
1008
753
-263
-959
-939
-559
-173
103
156
-55
-255
-70
428
770
686
387
161
30
-75
-145
-194
-267
-333
-284
-119
23
87
142
172
149
146
175
97
-147
-352
-329
-248
-349
-499
-409
-128
62
100
137
242
310
273
186
92
-47
-207
-249
-114
76
138
74
38
100
161
145
105
103
110
77
38
37
28
-39
-21
245
577
515
-50
-407
220
1499
1976
714
-1349
-2184
-882
1266
2204
1277
-393
-1268
-670
956
2318
2035
4
-2049
-2156
-370
1232
1031
-508
-1865
-2161
-1410
-42
1090
1015
-275
-1409
-1092
241
1019
541
-435
-955
-918
-654
-271
164
352
137
-135
-36
379
697
689
464
176
-117
-310
-316
-182
-61
-46
-85
-80
-11
90
176
181
115
77
85
8
-175
-282
-245
-244
-365
-401
-197
51
108
61
115
234
245
134
41
6
-43
-108
-119
-48
72
160
132
17
-58
-8
103
144
109
51
-37
-151
-188
-62
99
132
183
439
634
337
-210
-174
740
1629
1279
-299
-1700
-1515
149
1744
1920
695
-728
-1060
12
1607
2310
1309
-854
-2358
-1625
728
2098
841
-1577
-2790
-2294
-926
428
947
128
-1196
-1424
-295
759
620
-191
-594
-504
-499
-532
40
1162
1663
937
53
144
834
1068
656
146
-170
-399
-586
-569
-290
-42
-164
-555
-759
-546
-156
85
117
17
-139
-210
-69
165
191
-93
-434
-509
-252
78
191
41
-174
-238
-231
-304
-391
-394
-411
-616
-811
-678
-335
-196
-443
-747
-821
-677
-463
-332
-254
-283
-333
-292
-150
239
779
1414
1964
2025
1452
664
1205
3407
5094
4030
695
-1595
-1266
67
345
-544
-985
-1087
-2000
-2988
-1912
1327
3102
1259
-1689
-2269
-183
1890
2284
1287
-317
-1686
-1912
-189
2241
2679
652
-1226
-757
586
587
-130
-202
-339
-1872
-3513
-2858
-449
793
-279
-1404
-457
1445
2038
1375
1217
1825
1662
220
-1018
-1014
-646
-962
-1495
-1311
-655
-252
-159
12
254
233
39
-67
-133
-505
-1182
-1406
-866
-338
-570
-1023
-632
253
497
15
-280
29
207
-244
-831
-950
-620
-414
-517
-492
-131
220
-13
-663
-963
-807
-503
-269
-101
-63
-275
-114
406
671
807
1374
2536
3115
2369
885
436
2912
6297
6275
2049
-1962
-2083
-548
-556
-1850
-2240
-1305
-1160
-2360
-2411
692
4193
3722
355
-1431
-469
770
1118
1433
1171
-483
-2115
-1343
1641
3411
2039
-410
-1106
-554
-1184
-2335
-1797
-615
-1663
-4160
-3854
-174
2592
1937
399
1000
2450
2238
806
350
1039
614
-1440
-2957
-2402
-1117
-975
-1354
-1008
-368
-363
-369
543
1329
752
-433
-604
57
-17
-935
-1399
-835
-386
-984
-1574
-926
255
351
-515
-715
-1
371
-162
-791
-795
-563
-628
-880
-885
-595
-475
-656
-668
-310
0
-16
-49
107
227
354
529
586
526
696
1563
2744
3002
1505
119
2393
7218
8557
3705
-2178
-3242
-1116
-734
-2703
-3464
-1496
14
-1255
-2171
1057
5453
5043
683
-1805
-987
-208
-365
575
1891
925
-1595
-1717
1817
4699
2983
-972
-2302
-1314
-2050
-4055
-3234
-239
6
-2856
-3420
513
4286
3774
1029
51
623
152
-991
-410
1356
1164
-1355
-2806
-1397
356
-82
-1485
-1691
-1321
-1747
-1859
-256
1537
1263
-299
-625
541
1127
108
-1229
-1598
-1551
-2049
-2348
-1226
506
934
45
-299
448
902
214
-883
-1499
-1711
-1937
-1941
-1171
-93
238
-181
-153
666
705
-124
-771
-610
107
251
187
186
753
2201
3545
3621
2382
746
1806
6411
8583
4394
-2428
-4533
-1627
-301
-2292
-3051
-897
1056
98
-1799
267
4288
4052
-177
-2844
-1387
185
-483
604
3610
3716
163
-2016
801
4255
2516
-2361
-4208
-2389
-1651
-3479
-3155
704
2356
-727
-3113
-341
3664
3039
-800
-2063
-440
267
-502
70
2632
3349
624
-1978
-1749
-576
-1332
-3311
-3556
-2205
-1661
-1575
203
2946
3330
901
-936
-378
243
-1022
-2785
-2939
-1797
-1179
-1122
-103
1619
2055
681
-671
-527
-294
-1177
-2146
-2052
-1216
-933
-845
-100
592
397
-447
-661
-367
-789
-1311
-1107
-112
967
1170
919
859
1212
2429
3816
4009
2072
21
3085
8989
8845
1105
-5329
-3805
376
-343
-3674
-2792
1319
2131
-1639
-3031
2147
5819
1395
-4069
-2772
1512
1156
-1137
1970
6599
4493
-2099
-3652
2063
5364
-49
-6444
-5093
-179
-563
-3939
-1905
3565
3061
-3031
-4763
514
4317
1106
-3265
-2151
1324
1651
637
2624
5300
2927
-2909
-5160
-2559
-768
-2881
-4690
-2377
742
818
138
1976
3959
1755
-2739
-4042
-1811
-295
-1319
-2278
-1055
721
799
53
628
1429
-60
-2582
-2787
-741
358
-459
-1082
-463
284
-138
-1006
-709
-3
-726
-2379
-2267
-453
248
-125
-236
324
1268
1168
801
1311
1372
700
357
1836
3615
3482
5717
10861
10509
1537
-7105
-6477
-644
497
-3659
-4881
-105
3898
1563
-1584
2259
6321
606
-7758
-6478
1548
4080
436
957
6309
7041
737
-3929
-157
4857
523
-8381
-8709
-463
3461
-541
-2227
2091
3756
-1592
-5971
-3135
1457
724
-3176
-2260
3579
6199
3300
1049
2766
2723
-2283
-6213
-4848
-1812
-2019
-3686
-1938
2184
3527
992
-852
211
493
-1990
-3864
-2263
328
473
-585
-151
1414
1382
-846
-2376
-1808
-1060
-1652
-1920
-101
1773
1247
-324
-528
19
-579
-2181
-2982
-2377
-1370
-570
122
1242
2032
1221
-237
-1119
-1024
-500
-184
865
1856
1656
912
503
1756
2737
4491
10294
13703
7279
-5174
-10612
-4453
2632
1578
-3396
-2697
2469
3663
-779
-1861
4023
4195
-5698
-11424
-3723
7202
7211
1426
2267
6425
3982
-3910
-5911
1378
5406
-1857
-9684
-5192
5658
7198
-52
-2985
-91
-1408
-7338
-7074
618
5232
1341
-3497
-662
5563
6497
1842
-1107
243
-702
-5302
-6228
-954
3228
564
-3510
-2235
1455
1639
-1160
-2437
-1331
-801
-1741
-1300
1678
3484
1188
-2481
-3006
-790
-289
-2113
-2573
-788
644
266
58
1291
1635
-299
-2519
-2920
-1612
-719
-1368
-1625
-464
839
542
-383
499
1419
403
-1944
-2429
-58
1735
2087
1095
831
1570
1874
1125
-296
-576
4834
14819
15547
3277
-10220
-10068
379
4365
-1083
-4175
1751
5732
74
-6312
-872
7997
2080
-11023
-10884
3464
11566
4351
-1435
4267
7994
-914
-10630
-5696
7169
7255
-4831
-8766
1437
8969
2254
-5804
-2766
2090
-3480
-10365
-5314
5663
7753
-293
-4480
1151
6746
3696
-2612
-2906
375
-1263
-5300
-3033
3265
4201
-1336
-4734
-2079
761
-574
-2841
-1942
775
1310
-406
-386
1738
1603
-2077
-4939
-3333
-164
484
-351
-152
1044
996
-427
-1068
-629
-360
-1226
-2225
-1800
164
1217
-330
-1686
-1081
-241
-242
-825
-309
519
-294
-233
819
2144
2379
1062
389
-41
143
98
-375
-770
424
8679
18143
15351
-618
-14330
-10729
938
4226
-729
-1454
6068
7745
-2037
-9180
-2359
6460
44
-11605
-8003
7388
13357
4635
-1264
3204
4210
-6020
-13836
-5003
10030
10623
-1148
-5377
3133
6918
-2694
-10172
-4950
1277
-2504
-7121
-926
9336
9625
144
-6771
-4118
1118
-391
-3187
949
6368
3797
-2984
-3772
52
584
-3482
-5971
-2921
1590
2418
195
-14
1789
478
-3432
-4597
-1495
1468
618
-1258
-558
1045
225
-2425
-2972
-954
478
81
-573
387
1663
614
-1735
-2416
-1431
-1031
-1654
-1637
101
2221
1605
-1310
-2392
-1165
284
425
414
1164
1830
2083
1334
738
536
1103
75
-2300
-2903
3150
16600
21020
7785
-11285
-16227
-4844
4154
1952
-1284
5089
10944
3142
-9947
-9527
2893
5090
-6256
-10425
1845
13489
8691
-1833
-872
5089
-468
-12652
-12036
4174
14576
6862
-3282
-507
5749
-408
-11968
-10969
611
5218
-411
-2843
3500
7807
1075
-8093
-7358
17
2250
-1638
-1218
5678
8425
1659
-6113
-6136
-2174
-1713
-3577
-1642
3447
4587
154
-3810
-2694
278
-388
-3033
-2308
1294
2230
-711
-2462
-796
95
-2134
-4014
-1760
2617
3720
1239
-904
-680
-729
-2741
-3834
-2055
1443
2704
1146
-120
-294
-557
-2353
-2936
-1083
1036
1959
1424
1849
2390
1845
428
-1437
-1046
251
579
278
2717
12196
18285
10009
-7053
-16048
-8454
2293
4449
2052
4597
9631
4950
-7661
-12668
-3855
4141
-798
-6431
685
11679
10126
-1261
-5168
-78
-70
-7449
-8951
2560
13803
9978
-1250
-4012
1074
265
-8225
-10178
-1184
5842
3088
-435
2505
4939
-949
-9686
-9579
-992
5121
3941
1366
3033
4428
-382
-6701
-6650
-1557
915
-547
-265
3007
3911
-131
-4590
-4970
-2432
-721
-586
632
2984
2669
-1501
-5141
-4409
-1652
-646
-656
795
2952
2797
312
-1647
-1939
-1646
-1818
-2071
-746
1304
1874
1110
-134
-728
-1077
-1850
-1951
-441
1159
1284
1022
1216
2137
1845
164
-1039
-1176
107
487
217
2327
10333
17033
10600
-4822
-14495
-8827
1151
3954
3103
5692
9547
4252
-7699
-12650
-4701
3492
610
-4558
587
9861
8072
-1680
-4671
137
-429
-7558
-7982
3231
13254
9899
-91
-3651
-663
-1711
-7508
-6889
2265
7486
2691
-3119
-1606
1663
-1473
-6501
-5783
373
4117
2394
805
2196
2546
-2080
-7018
-5743
-80
3136
2303
1456
1628
-153
-4083
-5898
-3260
827
2093
958
283
563
-402
-3231
-4589
-3012
-734
-74
18
1405
2547
1697
-860
-2665
-2206
-1096
-275
118
1012
1780
649
-1167
-1994
-1079
-572
-466
125
804
1420
436
72
600
1353
1602
-47
-763
-465
245
690
3788
12026
15527
6766
-8138
-13648
-5575
3005
4357
3541
6608
7995
85
-10404
-10306
-529
4357
-1094
-4279
2771
8900
4225
-3224
-2058
1882
-2309
-9079
-5591
6684
12718
6614
-1252
-2285
-1179
-4756
-7992
-2619
6262
7145
202
-3740
-1393
-281
-3232
-4542
-910
2594
1577
-893
-346
1885
903
-3141
-5185
-2810
445
1399
1804
2955
2371
-1658
-5649
-5350
-1774
1151
1694
1195
704
-666
-2898
-3938
-2418
-220
-38
-1283
-1301
196
1282
797
-284
-590
-938
-1427
-1386
379
2409
1786
-346
-2160
-1738
-757
-35
1155
1883
1779
-255
-2047
-1491
978
2493
1470
45
-258
188
3078
10373
14897
8337
-5713
-12666
-6608
2214
5257
5063
6927
6764
-984
-10656
-10587
-447
5630
992
-3581
715
5895
2341
-3321
-1113
2719
-1343
-7676
-4613
6269
11275
5466
-1992
-3109
-1660
-4066
-6251
-926
6733
6034
-1882
-5355
-1166
1977
328
-2867
-2623
-566
-620
-655
995
3442
2171
-2981
-6056
-4423
-680
1552
2397
3010
2010
-955
-3309
-2956
-736
391
-290
-1363
-1450
-587
-500
-734
-507
-653
-1510
-2496
-1634
179
757
232
-723
-816
-403
-44
244
351
321
-339
-1178
-845
106
754
1011
415
-501
-1142
-594
608
1208
962
-283
-795
-307
547
457
1732
9256
15405
9834
-4843
-13140
-6214
3964
6000
3434
4391
6517
1216
-8685
-10285
-799
5706
248
-5571
-112
7494
4087
-4341
-3824
1811
-112
-6339
-4009
7092
12246
4562
-4646
-4721
-622
-1291
-4378
-386
6760
5290
-1850
-5085
-1463
238
-3508
-4588
-313
4069
2803
-901
-1274
447
-644
-4053
-3966
268
2979
1645
-416
-555
-470
-2166
-2896
-939
1621
2204
104
-1620
-1705
-1793
-2549
-2623
-698
1227
780
-851
-1375
-1057
-1030
-1444
-1480
-289
824
1130
257
-463
-59
-309
-947
-1032
705
1767
869
-861
-1702
-219
678
1150
1159
971
895
-621
-1024
-233
447
868
5528
13483
12436
-229
-12531
-9224
3268
7974
3950
1717
5089
3826
-5529
-10832
-3281
5857
2672
-5805
-3379
6563
6761
-3094
-6636
-358
1624
-4277
-4933
5365
12919
6036
-5745
-7585
-884
1758
-1298
96
6124
5139
-4271
-8484
-1679
4202
657
-3825
-2131
1587
1100
-1713
-1198
1016
476
-3074
-3716
526
3533
1179
-2527
-2103
-368
-1061
-1658
552
2598
1055
-2078
-2948
-1487
-384
-719
-1555
-1142
-265
-611
-1555
-1403
244
494
-1097
-1213
-449
44
-331
-625
155
164
408
96
-29
251
312
546
-472
-519
173
341
453
649
1522
987
-30
-568
-612
-333
1962
10362
14665
6044
-9320
-14498
-2608
9163
9026
3000
2011
3566
-1757
-9324
-6932
4170
7306
-2123
-7173
1248
8506
2099
-7092
-4831
1405
-829
-4669
1101
10784
9206
-3134
-9740
-3974
3191
2116
-722
2966
6213
-168
-8133
-5420
2944
3694
-2214
-3862
-27
2043
-240
-2031
-702
413
-1277
-2972
-580
3127
2222
-2164
-3470
-812
520
-605
-515
1242
1020
-1453
-2685
-1416
131
-63
-1164
-1400
-595
-355
-1479
-2280
-1287
-26
176
-61
510
667
-704
-1581
-1270
-549
-261
162
1033
1624
957
-252
-729
-498
582
890
286
-62
639
958
192
-313
-319
752
537
5390
13728
11204
-2700
-15388
-9948
5418
10723
5357
1319
3589
2216
-6209
-10417
-1735
7843
3309
-6342
-3121
7751
7065
-4731
-8556
-799
1702
-3666
-3149
6903
12091
2482
-9241
-8146
997
4344
-19
-553
5870
4824
-5033
-8811
-1834
4399
462
-3059
516
3427
839
-3423
-3077
-291
539
-1118
-1497
1700
2831
-1096
-4340
-2352
911
231
-1187
1123
2393
-96
-2784
-2839
-1043
-742
-1050
-589
420
1086
-634
-2924
-3065
-1469
-400
-525
897
2218
930
-1187
-2037
-1030
-905
-323
1175
1225
541
-491
-560
553
954
589
-149
-692
495
1552
1375
845
306
-934
-1165
258
5949
13741
11085
-1867
-13811
-10475
3224
9290
5830
2437
3529
1125
-6308
-9046
-1296
6653
2571
-5519
-3023
6317
6787
-2684
-6661
-1031
584
-4131
-2784
6921
11544
2223
-8865
-7920
260
3320
507
847
5382
3743
-5062
-7824
-1162
4395
932
-3830
-1798
1884
1917
-529
-1173
-386
-1448
-3230
-1759
2643
4048
58
-3730
-3065
-598
106
4
1306
1613
-466
-2297
-2100
-573
-381
-1573
-1827
-795
319
136
-802
-1123
-1432
-2073
-1542
252
2013
1483
-420
-1156
-1613
-1122
-59
1293
1370
-178
-993
-635
787
1063
386
-256
-589
55
900
930
1648
1210
113
-305
787
8303
12740
6495
-6322
-12856
-4203
6003
7384
3456
2442
3204
-1730
-8309
-6785
2567
6323
-754
-5423
829
6992
2432
-5529
-4085
1635
-291
-4027
356
8899
8379
-2264
-8426
-4003
2064
1353
-1205
1640
5460
2166
-5268
-5852
-446
2071
-236
-1751
964
2744
492
-1859
-1648
-971
-1712
-2230
19
2872
2272
-948
-2688
-1817
-705
-571
-282
1148
1604
-148
-1705
-1654
-1124
-1536
-2186
-1366
141
280
-490
-1242
-1638
-1487
-1188
-328
720
991
584
-270
-788
-726
-1010
-657
720
1436
788
-273
-120
475
572
329
-168
-191
93
866
1382
577
480
84
2269
9879
12442
3962
-9471
-11992
-833
6859
5395
2380
3539
3254
-3643
-9401
-5178
4253
5143
-3110
-5461
2921
7736
740
-5769
-1534
2289
-2836
-5878
1822
11067
7886
-3376
-7679
-2857
1539
-273
-1704
2978
5352
-1008
-6081
-1992
3328
748
-4573
-2889
2152
3069
416
-994
150
353
-1942
-3367
-558
2660
1182
-2289
-1972
691
582
-1269
-895
806
451
-1165
-1653
-576
249
-644
-2100
-2062
-259
468
-784
-1358
-594
-942
-2146
-1482
741
1424
362
-544
-563
-444
-539
137
216
281
-242
-617
296
939
1718
462
-347
-12
120
507
748
1264
729
-553
792
8441
13026
6574
-6338
-12352
-4134
4830
5893
3000
3584
4701
-1087
-8746
-7599
1962
5287
-1518
-5511
946
7030
2558
-4275
-2350
1856
-1615
-5857
-1091
9007
9856
-258
-7099
-4197
682
-211
-2378
1447
5161
450
-4134
-2188
1797
404
-4806
-3641
1494
4252
2697
-189
-455
-496
-2689
-4203
-1156
3274
2845
-993
-2153
-673
-237
-1572
-1502
313
866
178
-975
-840
98
-738
-2544
-2975
-801
1408
907
-453
-794
-1643
-2676
-2254
-130
2073
1506
-39
-1146
-1591
-519
245
301
-52
-106
577
845
907
828
266
-628
-478
560
1675
1187
846
282
782
7936
12046
6387
-6584
-12357
-3545
4880
5656
2837
3606
4406
-1243
-8376
-7339
2007
6155
-840
-6036
118
6882
3015
-4229
-2168
2359
-1623
-6464
-1665
8760
10045
651
-6069
-4009
196
-988
-3237
838
5394
1283
-5688
-4445
2876
5020
-993
-5000
-2208
1120
1482
403
1750
3462
530
-4002
-4429
-556
1723
-30
-1663
-431
1104
155
-1252
-816
175
-421
-2314
-2251
328
1393
-212
-2107
-2141
-1066
-1056
-1017
333
1136
370
-1283
-1937
-330
607
-22
-793
-664
483
12
-1155
-1076
-27
1085
213
-235
441
1058
1189
614
1138
912
-64
-334
875
1828
4633
9936
9593
1241
-9209
-9303
-546
5086
4097
1703
3049
2976
-2460
-7850
-4257
3536
2740
-4357
-4158
4522
7586
652
-4078
-580
947
-3575
-5221
1760
9503
6868
-2095
-5566
-1372
818
-3214
-4483
1139
4399
-520
-4233
401
4818
1038
-5222
-5045
479
3217
1322
86
2224
3292
-664
-4874
-3609
588
1108
-1253
-914
1751
1972
-1161
-3059
-1725
-223
-650
-1304
-42
1777
977
-1990
-3441
-2246
-848
-937
-928
493
1450
494
-932
-1137
-368
-171
-1037
-1066
278
1187
470
-1002
-888
16
-196
-1159
-736
955
1839
1791
1501
1543
1045
-545
-605
359
1882
7410
11234
7747
-2954
-10879
-5920
2415
4402
1003
638
4270
2832
-4245
-7184
-869
3963
-1258
-6783
-1307
8052
7164
-1272
-3115
1253
232
-5477
-4888
4409
9552
3472
-3887
-3177
1443
-95
-5743
-4963
1248
2699
-1888
-2121
3788
4896
-1884
-6499
-1719
3990
3017
-1418
-1925
1936
2739
-972
-3852
-1810
645
-959
-3005
-617
3134
2210
-1739
-3157
-1104
150
-823
-1435
-111
931
-384
-2428
-2361
-187
630
-710
-1812
-928
461
152
-480
38
590
-359
-1886
-1472
422
1301
396
-1105
-1251
-585
2
457
1145
1881
1845
1470
298
-36
-413
-29
697
2655
9019
11454
5665
-5272
-9847
-3532
2348
2155
-505
1665
5567
2944
-3791
-5369
-507
967
-4627
-6263
2207
9718
6546
-1019
-1674
881
-1953
-6238
-3586
4789
7584
1988
-2524
-404
2371
-1366
-6798
-5465
-243
602
-1211
984
5319
4043
-2841
-5729
-1619
2996
2433
-864
-500
2322
2695
-466
-2890
-2272
-1994
-3038
-2632
819
3747
2398
-976
-2327
-1510
-980
-1730
-1672
-198
490
-290
-1388
-926
359
114
-1310
-2183
-1375
-109
19
92
781
745
-284
-1523
-1550
-454
-97
-180
-722
-457
676
789
784
873
1127
1634
1284
1030
590
-112
190
566
4520
9832
9429
1702
-7679
-7287
-809
2352
795
-281
3257
4574
183
-4280
-2975
931
-782
-5872
-3890
4640
8601
3785
-1108
159
630
-3349
-5671
-1196
4934
4332
-253
-1278
1826
2263
-2839
-6727
-4620
-1042
-802
-394
3483
6546
3165
-3186
-4586
-1548
939
-357
-1728
678
3570
3685
810
-1461
-2299
-3986
-5211
-3656
714
4110
3333
673
-887
-1146
-1705
-3013
-2923
-1408
-159
146
31
852
1508
465
-1844
-3432
-2948
-1210
317
1275
1865
1431
3
-1500
-2015
-1572
-1304
-1319
-94
1201
1776
1257
213
737
1625
1892
952
-133
388
1077
1416
5723
10768
9003
-819
-9755
-7246
-343
2000
200
732
4952
4614
-1643
-5707
-1813
2829
-915
-7056
-4109
5007
7935
2956
572
3173
1611
-5072
-7839
-1802
4823
3462
-717
-167
3436
2356
-4119
-6939
-3296
-342
-2068
-2503
2707
6608
3539
-1676
-1144
2173
1137
-3474
-5666
-1241
3728
3929
1089
-635
-502
-2628
-5579
-4689
-298
2679
1634
13
859
1823
355
-2362
-3472
-2618
-2146
-2192
-1176
1362
3302
2026
-706
-2249
-2334
-1995
-1741
-287
1159
1483
968
98
-128
-799
-1939
-2412
-1748
232
1768
1897
2038
2269
2182
1225
2
-509
-377
-210
3020
9065
10633
5237
-3926
-7015
-3556
-1253
-1388
-918
3287
5555
1536
-3339
-2146
2210
887
-5150
-6244
-142
4613
3336
1801
4263
4522
-1033
-6193
-4314
1432
2245
-1043
-1393
2059
3197
-785
-4001
-2532
-646
-2322
-4020
-994
3262
4287
2485
1236
1680
-5
-2319
-2910
-1276
1345
864
-555
-762
-369
-453
-1802
-1803
-613
-475
-1007
-931
598
2050
1455
-399
-2051
-2533
-2238
-1852
-1027
-80
562
511
-201
-269
-340
-738
-1119
-1551
-658
18
-78
228
-229
-276
-71
-495
-139
-793
-489
627
861
2105
2658
2823
1789
-319
-799
-818
1810
7008
8463
4965
-1759
-4412
-2255
-1477
-1064
-404
1743
2789
257
-1456
131
2895
1913
-3174
-5092
-1696
1427
1550
1700
4125
3925
-809
-3822
-1901
1285
815
-1643
-1367
641
895
-915
-1783
-56
403
-1432
-1919
-182
1913
658
-1216
-297
1304
1947
259
-788
127
463
-297
-1327
-1385
-1201
-1990
-2196
-955
441
1075
482
-165
-489
-634
-658
-1083
-1173
-1200
-1441
-1605
-1323
-304
620
548
-33
-816
-987
-651
-380
-219
-496
-316
-680
-956
-623
-239
260
-52
-561
-219
211
530
1065
1755
2719
2399
1083
368
229
745
4166
7359
6198
900
-4499
-3916
-1486
-564
-198
1015
2893
1632
-1527
-1983
1477
3672
690
-3575
-3356
64
1590
1161
2041
3493
1705
-1742
-2486
48
1568
-316
-2189
-1848
-527
-247
-971
-718
709
663
-492
-1525
-413
2368
1615
-530
-1620
-337
1187
425
561
1066
1127
-764
-3377
-3736
-2106
-230
124
-139
338
892
323
-521
-791
-516
-1115
-2249
-2118
-1331
-552
-538
-721
-205
-15
-152
-658
-1091
-554
-76
116
-50
-332
-314
-514
-1030
-1320
-770
258
407
-79
-166
51
909
1524
1846
2240
1550
1117
436
458
4587
7518
5979
510
-4355
-3476
-2080
-1236
222
2124
3284
738
-2331
-1669
2063
3862
358
-3898
-3306
-153
1407
1556
2852
3865
1073
-2472
-2334
928
2573
172
-2488
-2428
-1100
-860
-1312
-122
1768
1217
-861
-1635
-245
1054
302
-733
-435
748
723
-237
115
1308
1058
-1191
-2703
-2207
-1305
-991
-687
96
799
624
-215
-622
-498
-443
-1123
-1726
-1477
-1285
-1606
-1659
-620
647
809
49
-739
-1129
-788
-509
-124
58
-53
-41
-486
-294
-297
-191
-71
-706
-594
-37
805
1553
1692
1553
1476
920
507
155
1395
5276
6463
3853
-1054
-3406
-1976
-1308
-775
80
1577
1622
-689
-1589
921
3948
2970
-1637
-4238
-2364
-37
650
1312
3170
3168
-74
-2101
-511
2056
1274
-1761
-2693
-1210
-158
-721
-542
1458
2398
340
-2180
-1912
110
444
-1052
-1235
593
1404
294
-439
761
1835
380
-1679
-2089
-1263
-1003
-1624
-1163
365
1261
751
-181
-66
231
-598
-1838
-2026
-1366
-1316
-1857
-1361
22
751
229
-493
-314
-109
-566
-1041
-859
-327
-113
-442
-285
332
748
702
-247
-512
-298
-350
41
951
1734
1740
814
338
520
1031
4006
5805
4543
883
-2664
-2439
-1852
-1051
76
1183
1787
158
-1187
119
2969
3332
-192
-3345
-2657
-665
-148
109
1807
2839
922
-987
-131
1805
1336
-1404
-2608
-1435
-397
-805
-915
617
1816
858
-506
93
897
-238
-2550
-2979
-739
926
927
327
597
922
-6
-571
-42
103
-1402
-3084
-2518
-293
1231
1230
555
182
-186
-673
-846
-721
-859
-1871
-2671
-1934
-258
938
745
162
-110
-563
-609
-379
233
239
-605
-782
-698
-47
534
486
698
563
529
541
564
600
26
-151
-327
323
719
2416
5495
5498
3299
-830
-2702
-2303
-2485
-1293
436
2047
1462
-619
-403
2425
4104
1556
-2452
-3570
-2058
-1121
-695
984
2734
1512
-903
-446
1997
2529
-227
-2503
-2011
-1016
-1014
-653
889
2069
901
-775
-517
355
-19
-1635
-1771
-285
395
-409
-892
237
1007
381
-271
267
382
-1031
-2117
-1296
127
105
-578
-399
630
824
64
-267
-215
-589
-1805
-2187
-1216
-521
-757
-1116
-22
1307
1142
191
-465
-323
-730
-1289
-952
-157
419
-106
108
1143
1761
1486
349
392
318
-92
-107
-82
541
194
1831
4274
4286
2548
-760
-1756
-2099
-2093
-464
820
1149
-626
-1621
427
3688
4416
1358
-1894
-2586
-1902
-1300
-19
1396
885
-1424
-1671
1180
3380
2353
-376
-1701
-1751
-1642
-1177
50
1031
472
-563
-117
1305
1409
-132
-1291
-1017
-921
-1346
-1176
-29
748
299
87
357
272
-777
-1570
-793
208
59
-870
-995
-207
229
218
459
627
107
-772
-1017
-459
-492
-868
-1140
-945
-312
-85
559
1057
1003
476
-356
-687
-830
-1023
-756
-154
480
888
892
1437
1723
1414
804
281
9
-575
-1022
316
3133
3891
2876
669
-792
-1380
-2405
-1189
559
1071
-724
-2719
-1183
2147
4098
2560
-276
-1762
-2043
-1422
132
1714
1038
-1806
-3084
-736
2290
2713
771
-744
-1047
-1096
-403
676
1024
-437
-2328
-2051
-100
1457
1349
547
13
-366
-836
-1067
-729
-442
-422
-468
-54
537
617
272
-222
-536
-783
-946
-931
-845
-552
-45
430
589
465
429
352
-245
-1013
-1237
-1002
-572
-373
-69
644
696
467
395
449
536
-214
-840
-635
-389
-231
-11
396
965
1230
938
977
1295
905
274
-619
280
2502
2756
2182
494
-913
-1815
-2455
-297
1846
1693
-939
-3029
-1537
1325
3071
2198
4
-1737
-2313
-887
1380
2215
408
-2472
-2976
-616
1600
1947
827
-364
-990
-1232
48
1467
976
-1009
-2677
-1862
-211
793
1139
766
109
-938
-1212
-436
242
147
-604
-1060
-847
-371
229
620
479
-50
-687
-837
-642
-425
-251
-314
-381
-274
110
613
700
253
-122
-489
-849
-912
-816
-95
452
423
493
543
682
625
208
-153
-537
-765
-523
-8
681
1026
1022
848
714
898
909
419
667
1560
1769
1862
820
-643
-2008
-2712
-466
1858
1806
-364
-2240
-1618
331
2152
2055
266
-1762
-2542
-870
1497
2488
1101
-1608
-2482
-925
782
1284
727
-235
-948
-1186
100
1526
756
-885
-1861
-1177
-235
87
571
304
-156
-479
-198
412
73
-388
-600
-417
-146
-91
87
-158
-642
-752
-416
104
115
-218
-282
-185
-104
-240
-355
-207
-66
-128
-275
-185
-175
-348
-366
-12
498
218
-252
-70
380
1077
957
401
80
-508
-343
-6
487
871
422
370
149
724
1093
653
1600
1397
1715
1836
-63
-958
-2481
-1704
1168
1927
1014
-1396
-2448
-1170
1032
2489
1842
-210
-2580
-2566
-201
1799
2000
-260
-2257
-1571
9
1401
1701
656
-439
-1715
-1551
162
1102
530
-1123
-1487
-558
320
681
305
-303
-1066
-1129
-350
511
622
-75
-612
-637
-184
192
-113
-794
-957
-537
-66
109
103
64
-250
-380
36
593
617
-29
-440
-477
-364
-168
-322
-234
-59
239
664
476
545
377
238
363
95
148
-68
-84
544
1024
1178
729
436
391
413
539
451
898
715
994
1791
932
-312
-2151
-1930
498
1506
1120
-825
-2238
-1541
191
1820
1889
213
-2008
-2596
-1064
1139
1884
89
-1644
-1599
-632
601
1045
721
70
-1238
-1004
435
1045
742
-1005
-1799
-1322
-498
496
222
-330
-565
-191
430
578
375
-271
-673
-748
-252
294
3
-473
-669
-282
303
227
-171
-377
-270
200
420
325
189
103
210
259
246
-3
-474
-716
-422
340
778
612
231
10
305
596
654
538
161
85
102
136
200
166
213
194
399
629
937
853
626
1282
1425
412
-1630
-2877
-1407
939
2007
993
-880
-1816
-1157
510
1742
1451
-686
-2677
-2351
-96
1965
1650
-397
-1809
-1838
-813
414
1011
720
-361
-1123
-462
1057
1623
634
-941
-1711
-1077
-106
323
-16
-673
-653
42
828
1036
435
-318
-651
-296
371
445
-267
-1106
-1109
-185
678
744
193
-212
-166
155
507
590
249
-367
-688
-320
305
437
-11
-297
22
510
490
45
-249
-228
41
288
547
680
396
79
-85
74
372
298
63
108
413
580
328
94
887
1930
1504
-410
-2426
-2429
-460
1304
1602
219
-1652
-2272
-1017
1354
2652
1448
-1188
-2711
-1729
364
1344
440
-970
-1520
-1153
-51
1032
1388
584
-817
-1095
-114
863
770
-236
-836
-640
-126
252
201
-79
-370
-457
-139
284
331
-12
-232
13
447
456
12
-482
-748
-591
-198
211
368
216
220
506
775
767
488
161
-132
-388
-445
-340
-322
-329
-146
204
379
150
-82
160
578
695
400
39
15
8
19
150
242
276
-128
-333
58
463
579
148
283
1104
1135
-6
-1729
-2066
-695
642
963
-19
-1181
-1570
-928
616
1657
1254
-455
-1889
-1395
295
1367
661
-959
-1755
-1481
-515
537
1122
970
-58
-808
-408
427
734
60
-652
-582
-217
53
57
120
384
356
114
-113
-99
110
134
163
219
142
-137
-511
-473
-70
257
155
-235
-270
121
600
754
597
473
326
199
171
295
384
39
-446
-522
-161
116
-12
-200
-53
322
568
609
452
191
-69
-248
-136
61
185
129
-90
41
383
658
599
327
569
824
380
-828
-1939
-1648
-407
649
636
-440
-1493
-1735
-722
786
1366
464
-1234
-1887
-871
687
1264
337
-918
-1585
-1280
-245
824
1319
588
-532
-888
-155
844
680
-249
-1100
-1150
-359
277
572
256
-279
-368
-6
768
1048
591
-114
-489
-20
500
447
-203
-893
-816
-226
478
797
578
216
-98
69
636
1069
931
200
-399
-393
-12
308
398
362
255
18
-160
41
416
612
438
138
97
83
3
-107
-101
65
16
-105
-88
149
414
360
339
653
1124
1086
107
-1139
-1712
-1182
-129
421
54
-969
-1706
-1368
-104
1085
1040
-227
-1549
-1738
-689
506
795
6
-1119
-1636
-1100
124
1071
1072
216
-571
-552
65
605
450
-173
-701
-860
-611
-222
169
378
282
74
-31
103
330
468
463
258
-74
-367
-411
-231
-59
12
-1
20
144
375
666
813
699
438
252
241
272
181
-31
-232
-251
-24
290
515
539
386
254
249
367
503
529
432
214
-56
-261
-254
-37
179
237
162
101
94
114
255
635
1086
1111
437
-628
-1376
-1283
-523
197
206
-524
-1310
-1376
-557
476
832
225
-826
-1422
-1131
-326
245
93
-576
-1134
-1075
-407
394
842
659
2
-614
-729
-242
355
439
-82
-706
-830
-346
347
758
635
133
-309
-291
173
569
444
-103
-553
-564
-245
121
342
342
139
-55
40
396
671
625
410
334
414
447
332
95
-207
-447
-426
-82
335
517
465
408
473
535
485
405
351
271
142
54
73
97
55
16
62
144
182
181
164
158
228
433
663
583
-18
-840
-1212
-768
96
571
209
-679
-1321
-1179
-384
366
409
-250
-959
-1069
-513
171
390
-2
-694
-1162
-1027
-335
466
844
593
-22
-544
-661
-382
-13
88
-220
-697
-884
-518
247
911
1025
564
-64
-353
-156
229
377
101
-419
-816
-773
-317
179
342
182
31
133
423
676
724
565
332
180
185
261
257
123
-41
-69
79
270
365
337
272
265
316
402
491
518
391
125
-102
-135
-17
83
122
175
268
349
397
454
518
519
470
421
254
-219
-875
-1178
-783
-25
389
147
-440
-872
-862
-449
44
167
-305
-1021
-1303
-852
-67
375
183
-347
-707
-588
-79
430
531
91
-559
-860
-575
13
398
296
-162
-605
-670
-271
304
603
384
-94
-315
-56
430
698
509
-21
-542
-730
-506
-64
258
292
169
116
246
485
680
719
555
247
-39
-140
-48
93
189
256
290
276
235
257
361
389
268
142
150
206
157
43
18
97
132
67
24
72
140
165
183
228
241
196
203
372
610
637
302
-233
-622
-623
-289
75
132
-203
-642
-764
-434
48
235
-49
-598
-999
-932
-436
88
198
-150
-546
-564
-175
285
440
176
-336
-740
-690
-183
364
475
57
-478
-612
-195
427
744
523
-25
-466
-488
-124
289
366
23
-413
-503
-160
268
410
209
-111
-270
-147
158
422
478
356
231
224
260
197
33
-130
-200
-132
49
273
403
371
318
411
569
520
190
-143
-250
-174
-86
7
159
286
251
116
105
240
292
149
-21
-41
16
50
181
483
652
322
-329
-675
-418
64
253
31
-386
-739
-786
-394
181
373
-72
-686
-796
-332
174
259
-56
-471
-689
-516
-5
456
422
-95
-561
-535
-148
157
124
-139
-343
-266
117
582
756
442
-129
-495
-434
-147
23
-71
-271
-327
-150
137
343
343
153
-74
-148
5
246
335
226
73
8
27
81
162
228
192
43
-80
-65
35
126
195
250
245
169
133
218
290
171
-88
-279
-314
-259
-137
72
266
283
160
118
207
212
4
-254
-324
-162
136
442
558
297
-230
-570
-381
106
329
25
-531
-868
-731
-221
290
422
93
-387
-568
-298
110
211
-114
-581
-811
-630
-169
269
407
195
-131
-257
-81
225
373
236
-44
-222
-148
131
409
468
240
-136
-399
-377
-128
111
154
38
-61
-31
129
336
456
405
214
19
-56
-26
20
37
34
50
104
187
249
240
161
69
5
-45
-99
-105
-4
159
264
260
182
66
-50
-108
-72
6
1
-125
-248
-231
-87
54
107
105
62
-34
-144
-188
-123
9
125
174
137
16
-150
-263
-237
-96
-6
-127
-387
-508
-334
-43
96
51
-32
-92
-185
-286
-299
-252
-274
-379
-401
-269
-118
-51
13
170
287
186
-14
-60
75
179
155
116
118
104
90
187
367
411
238
37
-19
13
23
67
182
237
154
85
191
350
339
169
22
-41
-65
-22
133
293
281
114
-3
46
142
137
43
-62
-139
-189
-180
-116
-46
8
52
87
94
56
-55
-227
-359
-372
-265
-137
-74
-68
-74
-77
-73
-49
-43
-92
-188
-256
-208
-57
68
85
18
-62
-113
-102
-49
-4
-1
-36
-73
-85
-56
-2
25
5
-29
-36
-35
-55
-69
-55
-30
-19
-4
48
127
192
203
177
143
106
69
43
37
42
14
-40
-44
61
200
233
127
-17
-115
-168
-163
-54
121
215
133
8
36
190
278
203
62
-54
-153
-221
-184
-24
108
58
-71
-80
39
122
78
-24
-92
-135
-183
-176
-58
95
144
62
-31
-44
-34
-65
-96
-53
15
-8
-102
-128
-45
37
28
-46
-110
-148
-189
-215
-170
-72
-18
-24
-14
61
143
144
69
-33
-130
-191
-175
-62
84
163
129
44
-5
-1
25
35
-2
-60
-87
-65
3
85
136
138
114
101
110
120
99
34
-32
-43
2
51
52
20
8
31
67
95
91
40
-47
-129
-138
-57
40
73
36
-10
-21
-11
-12
-6
4
-19
-68
-98
-66
7
70
84
46
-30
-107
-135
-110
-56
-17
-24
-78
-124
-99
5
114
160
128
36
-58
-115
-115
-68
-22
-30
-83
-116
-94
-43
-25
-59
-111
-153
-189
-191
-103
44
134
108
33
-13
-23
-32
-30
17
53
19
-23
5
95
155
130
72
24
-43
-112
-118
-59
-14
-22
-34
20
118
184
175
107
13
-85
-128
-103
-43
13
17
-8
4
57
116
128
88
30
-22
-62
-83
-86
-81
-82
-76
-42
24
82
105
106
104
97
74
37
7
-6
3
32
67
88
69
28
-5
-18
-18
-23
-24
-6
7
7
29
79
100
44
-54
-122
-133
-112
-76
-25
20
25
5
4
35
50
-2
-84
-125
-101
-58
-39
-46
-57
-50
-28
27
98
101
6
-102
-107
-16
56
38
-26
-70
-96
-85
-7
98
117
5
-100
-74
35
104
81
19
-38
-88
-99
-20
107
159
88
-16
-56
-29
11
29
37
41
24
-6
-2
33
43
-4
-72
-104
-63
21
96
135
123
77
29
10
22
38
32
-6
-42
-34
20
71
79
45
-1
-15
2
30
51
53
42
19
2
10
24
18
-22
-61
-62
-45
-53
-87
-95
-65
-21
11
52
89
71
-9
-90
-116
-100
-83
-53
14
98
145
143
119
83
20
-57
-109
-117
-115
-111
-76
-5
74
115
103
54
-1
-43
-67
-70
-76
-99
-104
-85
-59
-28
-4
10
3
-4
23
70
85
35
-45
-115
-154
-169
-141
-74
-13
11
20
50
86
87
55
19
-2
-7
14
69
133
153
113
47
-6
-34
-31
-9
17
34
41
69
110
132
124
80
14
-39
-56
-28
23
49
31
2
0
26
47
47
24
-20
-80
-115
-82
-6
38
31
19
23
19
0
-17
-23
-27
-41
-53
-30
24
73
89
70
46
17
-43
-97
-94
-49
-19
-26
-29
2
38
43
17
-28
-83
-129
-127
-73
-2
44
47
23
18
46
88
102
60
-4
-56
-80
-79
-70
-53
-48
-57
-49
-3
60
92
71
37
21
12
7
6
23
49
44
15
19
54
52
-10
-71
-71
-48
-43
-36
3
58
83
72
69
83
61
-15
-85
-99
-73
-43
-9
31
65
70
41
12
3
-7
-32
-49
-45
-23
2
40
93
132
133
87
21
-30
-68
-88
-85
-60
-35
-14
17
57
84
78
45
8
-20
-35
-29
0
26
21
-3
-29
-51
-76
-98
-106
-88
-56
-26
0
23
26
7
-16
-33
-49
-64
-79
-78
-61
-42
-27
-19
-9
12
27
35
40
35
13
0
1
9
18
13
7
16
36
52
55
45
17
-13
-34
-47
-53
-54
-52
-31
-2
26
50
59
48
21
-11
-32
-41
-35
-17
0
14
23
24
25
21
22
22
20
15
23
44
66
69
53
30
8
-2
15
47
54
43
27
13
5
-4
-4
5
7
3
7
23
35
17
-27
-61
-70
-65
-43
-13
20
42
42
23
-3
-19
-32
-53
-69
-66
-41
-10
20
42
42
13
-30
-58
-54
-35
-27
-30
-24
-20
-24
-23
-11
1
0
-18
-23
-6
9
5
-5
-17
-23
-24
-22
-11
-4
-15
-31
-33
-34
-37
-36
-36
-40
-44
-38
-24
-6
6
8
8
5
-2
-6
-5
10
26
35
44
52
55
47
41
36
30
25
26
34
51
72
89
92
82
59
33
16
6
-1
-11
-23
-28
-19
5
26
39
39
29
16
6
8
16
12
5
13
29
37
33
22
3
-36
-84
-113
-111
-88
-57
-20
28
68
82
81
60
27
-14
-64
-91
-81
-62
-40
-13
19
44
43
18
-13
-39
-59
-74
-75
-51
-13
26
60
81
79
57
33
14
-2
-18
-36
-56
-79
-90
-87
-67
-40
-23
-11
-5
-6
-10
-17
-17
-9
-5
-8
-1
20
47
61
54
34
8
-18
-34
-24
4
34
55
82
108
113
92
57
13
-27
-43
-23
20
57
79
77
65
46
19
-5
-17
-21
-18
-3
23
50
48
28
7
-14
-22
-22
-15
5
24
31
28
16
4
1
4
2
6
16
24
35
44
50
48
29
13
5
-1
-2
-10
-31
-54
-80
-95
-92
-74
-44
-14
8
25
25
6
-23
-60
-98
-137
-160
-145
-111
-72
-39
-23
-17
-15
-20
-24
-37
-56
-75
-79
-57
-16
23
47
59
57
43
27
20
21
14
0
-8
4
21
33
46
55
55
38
18
21
32
31
13
-1
3
22
43
63
84
93
81
53
29
14
-4
-26
-40
-38
-25
2
31
49
52
36
16
8
6
11
14
18
33
47
49
43
33
17
-4
-24
-38
-36
-36
-37
-35
-33
-27
-16
-10
-6
-7
-17
-29
-35
-33
-23
-12
-12
-22
-33
-39
-50
-64
-72
-88
-103
-103
-88
-62
-33
-6
14
20
7
-12
-28
-52
-73
-80
-66
-28
15
53
78
83
63
34
4
-21
-33
-40
-44
-38
-28
-13
5
22
31
25
10
-6
-16
-14
-2
13
28
39
54
76
96
102
90
67
47
35
35
44
54
69
77
77
86
90
88
81
57
29
18
17
25
41
56
68
74
68
61
43
14
-19
-56
-80
-80
-70
-50
-26
-11
-8
-10
-17
-25
-35
-52
-73
-89
-97
-89
-71
-57
-51
-47
-54
-62
-63
-63
-66
-78
-93
-101
-92
-83
-72
-52
-33
-24
-30
-31
-24
-31
-47
-54
-51
-45
-37
-17
14
32
29
9
-7
-15
-16
-4
22
48
60
60
62
65
62
46
19
-8
-18
-11
8
37
69
84
73
56
45
40
29
14
6
8
13
22
40
64
77
61
31
9
-2
-3
5
15
27
31
27
29
26
15
4
-10
-15
-10
-8
-2
8
16
9
-3
-6
-6
-9
-13
-8
-7
-11
-12
-18
-20
-23
-31
-28
-22
-17
-3
8
10
9
6
-2
-11
-24
-31
-24
-14
-11
-14
-20
-24
-26
-35
-43
-47
-57
-59
-51
-45
-45
-35
-26
-18
-9
-7
-6
1
5
1
2
10
13
12
6
4
6
5
5
4
5
6
5
6
13
22
22
18
19
20
21
24
24
20
22
26
25
26
23
25
25
18
15
15
13
13
16
16
11
6
2
1
3
0
-3
8
14
13
13
9
4
3
4
2
0
-3
-8
-6
-9
-13
-10
-11
-15
-13
-9
-3
-4
-8
-15
-14
-14
-16
-13
-7
-8
-6
-5
-8
-10
-17
-22
-18
-14
-14
-17
-22
-23
-20
-18
-11
-6
-10
-14
-10
-6
-5
-5
-6
-9
-11
-3
5
12
14
7
-4
-4
0
2
11
13
5
-1
-6
-3
6
14
13
12
9
5
7
10
11
13
8
1
4
12
20
22
14
3
-2
1
4
9
18
20
11
11
17
18
22
19
9
5
7
16
28
27
15
3
-1
2
3
-1
-8
-10
-10
-9
0
4
0
-9
-17
-21
-18
-10
-6
-7
-11
-19
-24
-24
-28
-27
-27
-28
-27
-27
-22
-15
-15
-19
-22
-21
-20
-24
-14
-4
-1
-1
-8
-13
-12
-10
-16
-23
-26
-23
-11
-3
-3
-3
-7
-11
-7
-2
4
8
12
13
13
14
14
11
10
9
4
9
9
8
8
7
7
6
8
8
10
15
15
12
12
18
20
18
16
22
22
15
10
13
19
26
20
12
12
15
19
23
24
27
22
18
14
7
5
8
12
11
7
10
13
10
8
7
6
6
4
-4
-4
-6
-8
-4
-5
-5
-2
-4
-5
-5
-6
-8
-8
-6
-3
-3
-2
-5
-3
1
-1
-5
-13
-17
-17
-18
-18
-17
-18
-20
-22
-17
-12
-13
-15
-14
-14
-15
-17
-18
-14
-9
-10
-8
-3
-1
0
-4
-3
-2
-2
-2
0
2
4
0
-8
-5
-1
-2
2
4
5
2
2
1
3
8
7
2
4
8
9
7
9
12
12
15
17
15
10
7
4
3
6
13
20
21
17
9
11
13
4
1
3
5
11
14
12
10
4
0
-1
-4
-5
-3
-5
-6
-5
-1
2
0
3
2
-2
-2
-4
-7
-9
-11
-8
-7
-9
-9
-9
-4
0
-2
-5
-4
-1
0
1
-1
-6
-12
-15
-17
-12
-8
-10
-10
-12
-18
-14
-11
-13
-15
-16
-13
-11
-14
-15
-12
-12
-9
-8
-11
-10
-8
-7
-6
-3
-3
-5
-9
-9
-7
2
7
8
10
8
4
2
3
3
3
9
11
15
16
15
15
15
13
14
8
2
4
7
11
15
14
15
19
12
9
15
16
10
5
3
5
7
5
6
8
8
7
8
10
11
7
-3
-4
-1
-4
-4
-3
-9
-14
-13
-11
-7
-6
-8
-8
-6
-10
-11
-13
-10
-8
-14
-15
-14
-14
-7
-3
-5
-11
-16
-15
-16
-13
-7
0
0
-3
-9
-9
-8
-10
-12
-8
-8
-14
-10
-3
0
0
-6
-5
-2
0
0
-1
0
4
8
9
5
5
5
7
11
16
18
14
11
9
8
8
9
12
14
17
15
9
5
5
7
9
7
4
-1
-1
3
7
9
10
10
10
8
9
13
12
8
5
1
0
4
9
14
14
6
-1
-1
2
2
0
0
3
3
1
3
3
-2
-11
-24
-26
-21
-14
-2
5
4
0
-4
-2
4
7
7
2
-7
-15
-24
-21
-15
-11
-12
-16
-18
-14
-15
-13
-6
-5
-11
-12
-6
3
3
3
5
-3
-21
-29
-17
-6
-4
0
-1
-7
-16
-16
-10
-12
-13
2
27
13
-9
-1
-3
-29
-19
26
38
32
54
66
49
46
40
16
12
30
19
33
82
97
81
78
65
34
32
-20
-9
130
80
-2
912
1984
1072
-884
-1045
-212
-869
-1621
-560
368
-110
334
1795
1433
-319
-473
120
-967
-2047
-1049
-91
-606
-399
1148
1421
207
28
713
149
-993
-807
-191
-607
-851
241
1009
426
49
612
525
-407
-634
-100
-245
-785
-444
272
253
2
376
703
295
-245
-288
-265
-522
-575
-119
226
186
246
573
599
281
98
44
-200
-474
-447
-309
-172
-9
295
488
508
383
274
145
-65
-293
-398
-365
-317
-177
-7
195
316
380
263
94
-15
-81
-268
-395
-247
-42
-38
-25
229
387
285
167
225
112
-141
-257
-194
-234
-219
39
242
163
110
312
308
-21
-267
-181
-206
-353
-229
104
117
-34
109
309
196
-14
-1
-101
-364
-389
-92
-12
-123
1
248
160
15
161
227
-42
-150
61
40
-212
-160
46
-44
-141
24
120
-4
62
165
-14
-175
-35
22
-137
-69
69
-30
-137
81
164
-41
-102
34
2
-162
-35
63
29
-1
168
133
22
-4
-14
-115
-108
79
101
67
61
129
-22
-62
-12
1
-150
-134
-14
-10
-36
45
147
40
-18
1
51
-52
-54
18
83
-11
-58
30
64
-78
-88
153
148
-74
-1
315
183
-105
-6
120
-168
-191
194
135
-282
-96
366
144
-269
-31
249
-41
-189
101
121
-217
-135
206
118
-259
-172
127
92
-68
61
220
-11
-157
13
157
-104
-214
-78
-5
-99
-19
190
139
6
-11
78
-52
-125
-173
-166
-172
26
178
217
155
59
-35
-91
-78
-170
-157
-51
74
-23
49
209
185
-140
-136
88
-22
-259
-7
258
-146
-328
158
326
-220
-165
396
203
-382
-28
442
-98
-487
133
382
-246
-235
377
210
-390
-62
394
1
-354
114
327
-134
-189
254
192
-261
-32
313
6
-340
55
248
-148
-202
270
215
-219
-33
263
-82
-365
50
167
-226
-168
344
163
-274
-4
322
-86
-336
76
183
-212
-197
182
103
-175
-13
243
72
-112
28
140
-49
-145
-36
1
-123
-89
65
72
1
77
163
-2
-136
-66
-16
-144
-152
0
79
70
104
128
64
7
-40
-121
-171
-110
-58
-71
-19
141
199
83
-18
47
73
-69
-213
-129
27
17
-39
54
171
53
-59
15
98
-71
-161
18
155
0
-108
60
122
-47
-134
54
98
-43
-55
138
135
-85
-97
89
69
-151
-98
129
69
-120
10
211
33
-143
53
157
-136
-219
87
94
-179
-84
245
101
-130
65
205
-91
-186
120
102
-169
-85
161
-15
-169
22
119
-74
-38
175
64
-138
-26
70
-148
-204
23
77
-70
12
197
88
-102
-23
56
-109
-225
-38
81
-47
-84
123
175
-30
-70
98
71
-166
-138
44
3
-134
6
170
64
-65
54
145
-15
-115
-8
62
-41
-85
-17
39
-3
-26
16
81
87
32
26
78
54
-87
-102
1
-21
-136
-49
146
119
-24
40
169
63
-105
-76
8
-60
-97
7
77
25
28
101
88
-1
-45
-34
-50
-64
-49
-7
32
87
124
97
41
12
-3
-56
-108
-101
-45
-2
37
92
117
85
67
53
-26
-115
-110
-73
-103
-107
-18
66
80
82
91
63
1
-65
-112
-144
-157
-150
-100
-16
39
49
84
129
78
-21
-45
-36
-102
-160
-92
11
16
3
92
175
115
6
1
16
-78
-169
-116
-30
-42
-44
52
132
89
21
29
30
-41
-106
-87
-28
1
9
43
104
121
62
8
20
18
-52
-84
-16
37
26
44
102
106
51
27
34
5
-36
-27
-6
-18
-8
32
39
28
43
51
8
-32
-25
-25
-57
-64
-31
-9
-3
25
55
45
22
11
-14
-47
-53
-36
-26
-11
18
40
41
28
23
9
-22
-44
-34
-34
-54
-46
-11
1
-11
2
24
11
-17
-19
-10
-30
-53
-43
-18
-16
-27
-18
2
4
-14
-18
10
22
-3
-9
20
25
-16
-41
-20
-11
-36
-34
15
47
35
28
40
35
8
-15
-17
-9
-3
6
23
34
33
21
15
11
-2
-12
-7
11
17
9
19
36
30
15
18
26
8
-13
-5
12
-3
-20
-9
10
8
-4
4
16
3
-20
-28
-15
-8
-26
-28
-2
13
6
2
16
20
4
-9
-3
-7
-29
-38
-20
-8
-14
-6
21
28
12
4
7
-7
-33
-42
-35
-33
-38
-26
0
16
14
9
11
6
-19
-35
-29
-12
-8
-10
6
26
21
8
10
17
5
-9
-2
15
15
3
1
7
13
9
8
21
32
30
30
32
24
7
-5
-2
0
-7
-6
5
20
26
20
17
14
3
-9
-9
-3
-6
-13
-6
2
3
1
0
3
5
2
7
15
16
11
7
11
13
11
7
7
8
4
-2
-3
-1
-4
0
2
2
1
0
-4
-8
-13
-15
-10
-1
1
3
5
2
-7
-12
-15
-19
-18
-15
-8
-6
-10
-11
-11
-15
-20
-19
-14
-9
-5
-6
-7
-6
-5
-9
-8
-6
-9
-10
-5
-2
0
3
10
16
13
7
0
-8
-12
-11
-5
5
11
18
26
27
19
13
3
-6
-14
-16
-13
-8
-3
9
18
20
27
26
20
15
8
1
-3
1
1
2
7
15
18
20
21
17
11
7
5
2
-1
-2
-3
-3
0
4
7
13
9
5
4
1
-12
-17
-10
-9
-9
-7
-6
-3
-6
-11
-8
-5
-7
-4
-2
-2
-7
-4
1
-10
-27
-22
-6
-6
-15
-21
-17
-7
1
8
14
-1
-18
-14
-4
0
-1
-10
-16
-8
-1
6
11
9
3
-1
-5
-4
-6
-8
-12
-18
-16
-11
-3
9
14
11
6
-2
-13
-20
-23
-21
-11
1
11
20
30
32
28
19
6
-6
-9
-14
-9
3
11
23
31
29
23
17
12
7
6
5
7
8
12
19
28
29
23
17
9
3
-3
-8
-9
-5
-3
2
4
8
7
3
-3
-6
-7
-6
-5
-10
-16
-15
-10
-9
-7
-5
-5
-8
-11
-13
-14
-16
-21
-16
-8
-6
-3
-4
-8
-10
-13
-10
-8
-11
-15
-13
-12
-10
-3
-1
-1
-2
-3
-9
-7
0
4
2
1
-3
-7
-6
0
6
13
14
13
14
10
8
5
7
6
2
-2
2
8
10
11
15
15
17
9
0
-1
5
7
2
3
10
16
18
13
7
6
7
0
-2
2
5
7
6
8
12
12
14
15
13
4
0
6
8
7
12
14
16
16
11
5
3
1
-2
-1
1
-1
-4
-6
-8
-10
-7
-3
-3
-4
-6
-7
-5
-1
-1
-5
-6
-11
-13
-12
-11
-9
-13
-17
-16
-16
-13
-11
-14
-16
-16
-14
-8
-10
-16
-12
-8
-1
-2
-9
-11
-9
-12
-11
-7
-4
3
4
7
5
3
4
2
3
4
3
8
10
8
7
9
12
14
14
11
12
8
5
5
4
4
5
9
12
13
10
5
7
10
5
2
1
0
5
9
8
5
8
12
10
6
6
6
4
1
3
5
-1
-4
2
3
1
1
3
2
-1
-4
-6
-4
-7
-9
-5
-6
-10
-8
-4
-6
-7
-3
-3
-2
-4
-8
-9
-6
-6
-2
-2
-8
-8
-6
-5
-8
-13
-14
-11
-12
-15
-11
-9
-8
-8
-4
-7
-11
-11
-13
-15
-15
-14
-11
-9
-8
-9
-10
-9
-7
-8
-10
-6
-1
-1
2
8
6
4
5
6
8
11
10
8
7
4
6
11
16
16
15
17
21
20
13
9
8
7
5
6
11
10
7
11
12
7
2
0
0
0
1
4
5
2
5
12
11
5
2
2
3
-3
-9
-13
-14
-12
-13
-15
-16
-14
-9
-5
-4
-4
-5
-7
-9
-10
-12
-11
-13
-13
-8
-10
-11
-4
1
2
-1
-5
-7
-7
-10
-15
-14
-10
-9
-9
-7
-5
-4
-2
-6
-7
-5
2
2
-2
-3
-2
-4
-8
-4
2
-2
-3
2
7
8
11
19
18
13
9
5
4
10
11
13
14
14
15
15
13
10
6
8
9
10
13
15
15
13
11
8
10
7
4
2
4
13
11
6
6
9
9
5
-2
-6
-5
-3
-3
-2
4
5
4
5
2
2
0
-4
-6
-8
-12
-11
-8
-7
-3
3
2
-1
-5
-9
-14
-16
-14
-13
-12
-14
-7
1
4
1
-1
-4
-7
-9
-12
-16
-18
-11
-8
-9
-3
0
-4
-6
-8
-13
-17
-14
-12
-11
-9
-5
-1
0
-1
-1
-1
-1
1
1
0
3
8
11
11
13
16
15
10
5
6
6
6
10
12
13
13
16
19
20
19
13
13
15
10
10
5
3
11
13
11
9
9
7
5
4
6
10
8
0
0
0
-2
-2
-1
-5
-1
3
2
6
5
-4
-5
-2
-2
-5
-8
-6
-10
-11
-11
-9
-9
-9
-7
-8
-6
-2
-4
-7
-5
-6
-5
-5
-8
-8
-1
1
-6
-10
-10
-11
-9
-10
-11
-7
-4
-2
-1
-3
-1
2
-1
-2
1
-2
-6
-6
-2
-2
-2
-2
-3
-5
-8
-8
-6
-12
-14
-9
-5
-4
-1
2
4
4
2
1
0
-1
-1
-1
-4
-2
7
11
10
10
10
11
13
9
10
9
5
8
12
12
12
15
14
8
4
6
8
4
-2
-1
11
16
15
17
13
7
9
6
2
1
-2
-4
-2
-3
2
8
5
1
-3
-3
-3
-6
-9
-10
-8
-10
-11
-5
-3
-3
-1
-7
-11
-8
-10
-11
-11
-12
-9
-6
-8
-7
-6
-8
-8
-9
-17
-16
-12
-17
-14
-8
-6
-2
1
-1
-1
2
5
2
-4
-4
2
5
3
9
13
13
13
15
13
8
8
7
3
-1
0
1
1
2
7
10
7
3
3
2
3
7
6
6
6
6
8
6
4
2
4
5
7
9
12
12
8
6
4
3
2
1
0
-3
-4
-7
-7
-9
-3
2
4
6
3
2
3
3
3
2
-1
-1
0
-2
0
0
1
-2
-5
-7
-7
-2
-1
-5
-9
-9
-11
-13
-7
-4
-6
-8
-9
-10
-12
-13
-11
-10
-7
0
2
1
0
-3
-4
-4
-4
-5
-2
0
2
6
3
-1
3
6
-1
-2
-2
-2
3
6
9
14
15
10
6
6
2
0
-3
-7
-3
0
4
12
13
12
12
7
2
2
4
1
1
2
2
4
9
7
4
5
4
5
2
-1
4
10
8
6
8
5
3
5
3
0
0
-8
-9
-10
-10
-5
-3
-1
1
3
3
-3
-7
-7
-8
-7
-7
-6
0
1
0
3
3
-2
-5
-11
-12
-12
-12
-7
-4
-5
-3
0
-1
-6
-11
-9
-7
-5
-8
-12
-11
-9
-7
-6
-9
-6
-4
-5
-6
-7
-7
-3
1
-2
1
4
4
1
-5
-9
-5
-1
-1
2
5
6
5
6
6
4
2
5
9
9
12
12
10
12
13
15
12
8
12
16
16
19
22
22
18
16
12
6
-1
-4
3
10
8
6
8
11
8
4
0
-1
0
0
-3
-4
-7
-7
-6
-7
-9
-7
-8
-11
-9
-10
-15
-16
-16
-13
-6
-8
-9
-5
-8
-13
-16
-20
-17
-13
-14
-15
-16
-14
-8
-5
-4
-5
-4
-6
-5
-2
-2
0
0
-1
0
-3
-2
5
6
7
11
7
4
6
7
4
5
6
8
10
13
15
13
12
13
14
13
10
8
9
9
3
1
0
5
8
4
0
2
4
2
3
2
-1
-2
-3
-1
-4
-6
-2
3
1
-2
-1
-1
-2
-4
-1
3
4
5
8
6
4
6
10
10
12
10
5
3
3
4
8
5
3
4
4
2
-2
-6
-5
1
4
6
7
5
2
0
0
-3
-7
-7
-7
-8
-8
-8
-6
-11
-13
-13
-9
-7
-8
-11
-11
-13
-18
-19
-15
-10
-8
-7
-6
-4
-8
-11
-10
-8
