-2
-5
-1
-6
-4
-5
-7
-5
-2
-4
-3
1
-2
2
-5
0
4
3
4
4
5
7
3
4
6
3
6
4
6
10
9
9
15
13
11
12
9
10
9
5
8
4
1
4
4
3
6
12
10
8
9
7
8
8
8
9
9
11
6
7
5
0
2
0
1
-1
-5
-5
0
-5
-6
-4
-4
-7
-6
-6
-9
-11
-12
-14
-14
-20
-19
-19
-18
-21
-21
-19
-23
-20
-21
-21
-14
-12
-12
-8
-8
-13
-16
-15
-12
-16
-16
-12
-14
-16
-11
-12
-8
-5
-6
-3
-4
0
2
4
2
2
0
0
2
3
5
7
10
11
8
10
12
11
14
16
16
19
18
13
17
14
9
5
9
7
7
10
4
2
4
0
-2
-1
-2
-2
4
0
1
5
5
4
2
2
1
7
3
6
6
0
3
-1
1
2
5
6
6
9
8
8
10
7
11
9
7
7
7
11
12
11
12
14
8
10
7
11
11
8
10
12
9
6
7
6
-2
1
0
-2
4
1
2
1
0
-2
-1
-3
-3
-1
-7
-7
-10
-12
-15
-14
-12
-13
-11
-15
-12
-12
-17
-9
-9
-13
-10
-12
-10
-12
-14
-14
-13
-10
-11
-13
-5
-7
-9
-6
-7
-11
-13
-15
-10
-8
-7
-6
-10
-8
-4
-5
-5
-2
-3
-5
-5
0
-4
2
-1
1
-2
0
1
-2
-1
2
4
6
9
6
7
1
3
5
5
2
1
4
-1
6
11
10
11
15
10
9
11
6
5
11
2
0
3
0
1
2
-1
1
1
1
0
-2
3
3
2
0
3
-1
-2
-5
-2
0
-1
-1
-2
-2
-5
-5
-8
-6
-3
-4
-3
0
0
0
4
1
3
5
4
4
9
0
-1
2
3
1
6
6
8
7
10
15
9
11
11
15
12
12
14
16
14
17
17
16
17
15
16
13
13
10
9
7
7
2
1
1
-2
0
1
0
-2
-1
-6
-6
-4
-7
-7
-5
-9
-10
-8
-13
-13
-17
-11
-6
-11
-8
-4
-1
-6
-5
-7
-12
-11
-12
-10
-13
-9
-11
-15
-10
-10
-8
-8
-8
-6
-5
-6
-8
-11
-10
-9
-11
-10
-6
-11
-13
-14
-13
-10
-7
-7
-6
-8
-5
-4
-4
-4
-3
-3
-3
-1
-1
-4
4
2
-2
1
3
-3
0
-1
-2
0
-3
0
5
2
0
7
4
3
6
3
1
1
0
0
3
3
3
4
7
7
3
6
5
6
6
6
10
8
8
8
6
8
6
6
8
2
4
6
4
8
8
9
10
11
11
14
13
9
9
9
7
7
5
2
2
1
3
4
4
3
3
6
5
8
5
6
7
3
4
2
-3
0
0
2
3
7
5
8
8
5
9
6
5
2
-1
-5
-2
-3
-2
-3
-2
0
1
2
5
-3
1
1
-3
-4
-6
-6
-12
-9
-8
-7
-7
-6
-11
-7
-11
-18
-14
-15
-19
-14
-15
-15
-10
-13
-11
-13
-10
-9
-8
-10
-9
-9
-10
-6
-8
-4
-2
-1
-5
-3
-2
-3
0
1
4
4
3
3
4
3
5
11
7
6
9
4
8
12
11
11
15
12
11
9
9
12
11
11
9
5
4
5
5
8
5
4
3
-2
-2
-3
-3
-3
-6
-7
-5
-5
-9
-7
-8
-7
-5
-7
-7
-4
-8
-8
-7
-8
-8
-4
-5
-2
-3
-3
2
-4
-5
-5
-5
-8
-6
-5
-6
-3
-5
-8
-5
-5
-7
0
-1
2
5
4
4
6
7
7
6
3
7
6
5
10
13
11
8
9
7
5
6
7
5
5
4
7
6
5
3
3
0
-5
-5
-7
-5
-5
-1
0
0
-3
-6
-5
2
0
-3
-4
-2
-5
-2
-1
-5
-3
-6
-9
-9
-8
-6
-6
-6
-5
-4
-3
-2
-4
-4
1
0
2
0
-3
-1
1
2
4
4
4
2
2
5
9
6
9
13
11
9
12
12
11
10
11
8
7
8
6
9
12
8
10
13
12
11
13
8
12
9
8
8
5
6
7
5
8
7
8
9
5
9
7
4
8
7
1
-2
-5
-7
-8
-11
-11
-13
-15
-14
-13
-15
-13
-15
-13
-10
-7
-6
-7
-10
-11
-10
-10
-9
-12
-10
-11
-15
-16
-17
-17
-16
-17
-12
-10
-10
-13
-9
-9
-11
-6
-5
-6
-6
-3
-5
-3
-4
0
-1
-1
1
-1
-1
1
3
2
6
2
3
3
-1
0
-1
-1
-4
-5
-6
-8
-7
-10
-8
-12
-13
-13
-10
-9
-8
-8
-6
-4
-7
0
2
0
0
2
3
1
1
1
2
0
2
6
2
6
9
14
16
16
18
23
17
16
17
18
18
18
15
17
18
19
20
23
23
23
22
18
22
20
20
20
22
17
13
14
11
12
17
19
20
13
13
8
7
6
4
2
4
-2
-9
-4
-5
-6
-7
-8
-6
-2
-7
-3
-3
-11
-12
-13
-13
-13
-14
-16
-14
-14
-15
-13
-15
-15
-10
-13
-11
-12
-10
-13
-15
-13
-17
-16
-15
-13
-20
-15
-17
-16
-16
-15
-16
-12
-11
-14
-8
-9
-7
-6
-6
-10
-7
-3
-6
-4
-2
-5
-3
-4
-2
-2
1
2
4
6
7
8
8
7
4
9
7
5
11
10
7
4
7
7
5
7
7
8
4
1
6
3
-1
0
2
-5
-2
-2
-2
-2
0
-2
-2
1
1
1
2
-3
-4
-1
-1
0
-3
0
-1
2
-2
2
6
3
5
4
4
0
-1
-3
-1
-2
-2
-5
-6
-5
-5
-4
-3
0
1
1
-1
-3
-3
-2
-1
5
3
4
8
9
9
9
6
8
8
5
7
6
6
6
6
14
17
16
15
17
13
10
12
8
5
3
7
7
9
6
6
5
6
5
9
10
7
4
4
4
1
1
5
4
2
1
2
-2
0
0
-2
0
1
1
0
2
3
5
2
2
1
-1
-5
-1
-6
-6
-3
-3
-6
-2
-3
-6
-7
-11
-10
-12
-14
-13
-8
-10
-5
-5
-9
-8
-4
-9
-7
-8
-9
-8
-11
-8
-9
-8
-11
-13
-12
-10
-12
-9
-8
-12
-12
-14
-13
-12
-15
-16
-15
-18
-20
-19
-16
-17
-16
-12
-10
-11
-7
-4
-6
-4
-7
-7
-6
-9
-1
0
0
1
4
3
1
3
7
6
6
7
7
6
8
10
9
8
6
9
5
8
10
7
10
13
18
14
16
19
20
20
22
25
26
24
24
23
22
22
20
21
19
20
16
16
14
13
9
11
10
7
7
8
7
5
6
2
7
5
1
2
-2
-4
-6
-5
-4
-4
-2
-1
-2
-1
-5
-6
-1
-3
-3
-2
-10
-4
-3
-7
-6
-2
-6
-2
-1
-3
-5
-4
-3
-3
-2
-5
0
-1
-2
6
1
0
-1
-8
-7
-8
-8
-8
-9
-12
-15
-16
-16
-14
-13
-15
-11
-12
-14
-11
-17
-20
-13
-17
-16
-17
-14
-12
-12
-9
-6
-7
-8
0
-2
2
3
0
1
0
-1
-3
-3
-6
-6
0
0
2
2
2
1
2
3
3
1
-3
-1
-3
-1
-2
-1
-3
-2
-1
-2
-2
-1
3
-3
-4
-5
-7
-10
-8
-7
-8
-8
-9
-5
0
-2
-1
2
2
0
2
6
8
9
10
8
6
10
9
11
16
17
19
20
18
18
18
17
17
19
16
17
21
14
16
19
19
20
23
22
18
13
8
7
12
9
9
14
7
9
7
5
4
6
4
6
8
5
5
6
5
3
6
4
6
4
5
7
1
0
-1
-1
-5
-3
-5
-7
-10
-12
-14
-13
-15
-13
-8
-14
-14
-15
-19
-23
-21
-28
-23
-26
-27
-25
-27
-31
-28
-25
-24
-19
-19
-19
-22
-20
-21
-23
-21
-18
-16
-17
-14
-12
-14
-9
-8
-7
-6
-7
-5
1
1
4
8
6
8
9
8
8
10
7
9
8
4
7
7
7
4
3
4
7
10
13
11
13
10
9
8
13
10
10
13
10
7
8
11
9
10
12
13
16
17
14
13
19
15
14
20
14
13
14
14
10
13
9
7
9
8
9
11
7
5
8
5
3
5
6
5
6
6
3
4
2
4
3
-2
-4
-2
-6
-8
-5
-8
-5
-11
-9
-8
-9
-12
-13
-15
-17
-14
-15
-12
-13
-10
-8
-12
-10
-8
-10
-8
-7
-9
-8
-8
-13
-11
-14
-11
-8
-8
-7
-6
-5
-9
-10
-11
-10
-11
-12
-12
-12
-11
-6
-2
-1
3
-1
-1
4
0
1
4
4
5
5
8
9
8
8
11
9
10
10
9
11
11
13
17
15
14
12
9
13
10
13
13
9
10
14
10
6
9
6
4
4
5
-1
-1
0
0
-3
4
2
-2
0
-2
-1
-2
-2
-3
-2
0
0
1
2
2
2
-1
2
1
-4
-5
-9
-7
-8
-10
-5
-7
-4
-1
-6
-4
-2
-7
-8
-7
-12
-13
-12
-12
-16
-13
-14
-17
-13
-13
-10
-11
-10
-10
-8
-7
-4
-6
-8
-8
-11
-14
-11
-12
-11
-13
-10
-6
-7
-1
3
4
8
10
8
10
12
12
15
17
19
17
19
16
16
19
22
23
23
27
24
19
20
16
17
17
13
12
14
13
13
10
6
7
2
0
0
-3
-4
-2
-8
-8
-7
-7
-6
-3
-5
-7
-7
-9
-9
-10
-10
-15
-16
-13
-14
-14
-12
-8
-8
-5
-4
-3
-2
-5
-4
-3
-5
-2
-4
-4
-3
-2
-5
-2
-3
-3
-1
0
0
1
4
4
-1
-2
-1
-2
2
3
-2
-2
-3
-7
-5
-4
-3
-3
-6
-6
-4
0
-3
-2
-1
-3
-1
0
0
4
1
-1
0
-5
-2
0
0
0
1
-2
3
2
1
3
2
2
4
5
5
5
4
3
6
7
10
7
9
6
4
6
6
3
6
7
6
4
5
3
1
0
2
3
3
6
7
2
1
6
6
3
5
-1
-4
-1
0
-1
-4
-2
-3
-2
-3
1
2
0
0
1
2
0
0
0
1
-1
2
-5
-3
-2
-1
4
2
-1
-3
-1
-2
1
0
2
0
1
-1
-3
-6
-7
-9
-10
-10
-13
-6
-6
-7
-4
-6
-3
-8
-8
-4
-5
-5
-7
-6
-8
-8
-12
-5
-4
-2
-2
-2
0
-2
-2
-1
-1
0
-2
0
3
2
5
5
6
5
4
3
3
3
3
1
1
2
1
1
1
0
0
2
3
7
5
5
4
3
4
8
9
7
9
11
9
12
9
8
7
5
4
4
3
5
3
4
5
3
1
2
2
1
-2
-1
1
1
-2
1
-1
-5
-1
-3
-2
-4
-3
-5
-2
-2
-5
-6
-4
-3
-3
-3
-3
-1
-2
3
6
3
2
1
3
1
3
2
4
4
1
1
1
0
2
0
-3
-2
-4
-2
-7
-8
-8
-9
-9
-4
-2
-2
-1
-4
-1
0
0
0
-5
-9
-14
-14
-15
-13
-13
-12
-11
-8
-5
-5
-5
-5
-7
-8
-4
-5
-4
-4
-7
-5
-3
-6
-1
4
1
4
5
5
0
-5
-3
-3
-4
-4
-3
0
-1
-3
-2
-2
0
1
0
-1
3
2
3
1
5
3
4
4
3
5
9
8
5
9
9
11
11
15
19
19
20
19
20
21
23
22
22
20
18
18
15
15
16
17
16
15
14
12
12
11
12
8
7
9
9
5
2
2
-2
-3
-6
-7
-9
-17
-17
-15
-12
-11
-14
-13
-15
-16
-17
-16
-14
-16
-19
-16
-20
-18
-18
-19
-15
-18
-10
-10
-13
-11
-15
-15
-9
-10
-14
-11
-9
-9
-8
-5
-4
-5
-1
-5
-5
-8
-10
-9
-9
-11
-6
-5
-8
-5
-2
-1
0
6
6
5
9
5
2
7
7
8
3
5
2
1
2
4
5
5
4
7
12
10
12
11
8
5
6
1
0
-5
-3
-3
-3
-2
-3
-4
-5
-8
-4
-4
-5
-3
-6
-5
-6
-6
-2
0
-1
1
1
1
3
7
7
11
12
9
11
11
9
14
13
12
16
19
18
19
20
20
21
24
21
24
21
19
19
21
16
20
21
16
19
18
19
11
11
9
9
7
6
7
4
6
6
3
1
-1
-9
-5
-9
-11
-12
-16
-17
-21
-23
-23
-22
-28
-28
-26
-27
-25
-28
-25
-26
-29
-32
-26
-27
-28
-26
-23
-23
-23
-21
-24
-22
-17
-17
-17
-11
-15
-13
-12
-14
-8
-6
-5
-3
0
1
3
5
9
7
7
8
9
13
9
12
11
15
14
16
17
18
15
19
17
13
17
13
11
8
8
3
5
7
9
8
4
8
5
5
6
6
6
-2
-9
-3
-9
-10
-9
-13
-3
-5
-4
-3
-3
-6
-4
-6
-7
-6
-3
-6
-5
-4
-2
-3
0
3
1
4
4
6
4
8
8
7
13
12
13
14
16
15
20
16
17
23
24
26
27
19
21
21
16
13
17
16
16
11
9
8
2
7
6
10
8
2
2
-1
-4
-6
-10
-10
-13
-18
-14
-15
-15
-14
-17
-15
-18
-18
-20
-18
-19
-18
-21
-22
-20
-20
-19
-18
-18
-14
-10
-9
-13
-10
-8
-10
-6
-6
-5
-5
-5
-5
-4
-4
-1
-2
0
2
3
2
5
0
2
4
-2
-2
-3
-1
-2
3
3
3
6
8
6
7
2
0
-1
-4
0
0
-2
-2
-3
-3
-2
-1
-1
3
1
0
0
0
1
2
4
4
6
6
7
10
7
6
5
1
-4
1
5
1
7
9
7
7
7
5
8
11
8
8
6
5
4
2
8
8
10
9
6
7
9
9
6
9
6
8
10
9
9
8
7
5
3
4
3
0
8
7
5
8
4
4
2
-3
-7
-5
-6
-10
-10
-11
-12
-15
-15
-14
-14
-12
-14
-15
-14
-13
-16
-18
-18
-20
-16
-17
-19
-16
-17
-16
-16
-13
-6
-8
-7
-1
-2
1
2
1
-1
-4
-3
-2
-2
0
-1
-1
4
2
2
0
1
4
1
3
5
5
6
6
9
7
7
6
3
5
5
4
5
8
9
9
12
10
11
14
13
11
10
11
9
9
14
14
14
18
17
16
17
15
11
9
10
10
7
6
7
2
9
10
9
11
5
0
1
1
1
1
1
-1
-3
-2
-2
-3
-6
-5
-6
-9
-13
-11
-7
-13
-11
-10
-14
-17
-18
-20
-18
-20
-24
-24
-24
-25
-26
-27
-27
-23
-19
-19
-17
-18
-23
-23
-18
-19
-18
-17
-14
-15
-14
-8
-6
-7
-8
-10
-4
-4
2
6
4
7
8
6
9
11
9
10
12
15
16
18
20
19
19
23
21
24
31
29
28
31
29
25
27
24
22
22
19
20
19
19
17
18
20
16
12
14
14
12
13
12
13
9
6
7
5
-1
-1
-1
-6
-6
-8
-10
-15
-12
-11
-16
-14
-17
-18
-22
-21
-20
-19
-19
-20
-19
-16
-19
-16
-15
-19
-21
-20
-20
-21
-17
-17
-13
-13
-11
-7
-1
-4
-4
-2
1
-1
-2
1
-1
3
1
7
8
8
11
16
19
15
15
16
13
16
15
15
15
14
10
10
11
10
9
4
7
-1
0
-1
-2
-4
-1
-4
-6
-10
-11
-13
-13
-12
-11
-8
-10
-9
-13
-10
-9
-13
-12
-11
-11
-7
-10
-8
-3
-9
-4
-5
-5
-5
-4
-6
-2
1
-3
1
-2
-2
-2
2
6
7
10
11
9
10
11
8
8
7
5
6
6
4
0
4
5
2
5
10
7
6
5
4
0
-1
1
0
0
-2
0
-4
-1
-2
1
5
5
8
6
6
5
3
1
1
1
1
1
3
-1
2
0
-4
0
-4
-2
-3
-1
-1
-4
-2
-3
-2
-2
-4
-4
-3
-7
-2
-1
-4
0
4
2
2
2
3
2
2
0
2
4
4
5
5
8
8
8
10
15
17
12
13
8
9
7
7
7
9
14
7
9
11
8
8
7
4
4
5
3
1
-2
-3
-4
-5
-7
-7
-12
-13
-13
-17
-15
-15
-14
-16
-14
-17
-16
-14
-13
-12
-11
-8
-10
-9
-7
-5
-7
-5
-5
-6
-8
-12
-7
-7
-9
-12
-10
-11
-12
-8
-9
-8
-7
-6
-7
-5
-4
-3
0
1
2
2
7
8
9
10
10
8
9
9
9
8
9
4
8
12
12
16
14
15
15
15
13
15
12
6
5
5
2
1
2
2
3
0
-1
-1
-5
-5
-3
0
-4
-4
-1
-3
-4
-8
-3
-4
-6
-2
-3
-7
-8
-9
-9
-7
-11
-7
-9
-7
-10
-11
-4
-8
-6
-4
-5
-4
-2
-2
-2
0
-1
0
-4
-1
-3
-3
-2
-2
-1
-3
0
1
-1
2
5
3
5
2
3
1
0
5
8
9
10
15
13
15
15
12
13
14
12
12
13
9
13
9
14
12
12
14
16
16
15
13
9
9
6
6
4
6
4
3
5
5
8
8
8
7
4
8
1
3
5
1
1
-2
-4
-2
-5
-8
-6
-8
-8
-8
-11
-6
-8
-8
-9
-9
-10
-7
-8
-9
-5
-6
-4
-4
-5
-5
-2
-5
-9
-9
-5
-6
-8
-5
-5
-6
-6
-6
-9
-9
-12
-9
-13
-12
-16
-18
-17
-16
-16
-16
-14
-14
-18
-23
-21
-20
-20
-21
-16
-17
-10
-10
-7
-6
-12
-6
-5
-7
-5
0
-2
0
0
2
0
0
1
1
3
5
3
2
1
1
1
3
6
1
4
7
7
7
13
10
16
20
18
19
20
18
18
18
18
22
23
24
22
22
23
23
20
25
24
26
23
22
18
17
15
17
15
12
13
10
10
9
11
8
4
8
7
4
3
3
0
-5
-7
-8
-11
-8
-12
-12
-13
-17
-17
-21
-19
-20
-20
-23
-19
-21
-19
-18
-17
-17
-16
-16
-18
-15
-19
-19
-15
-14
-17
-15
-9
-8
-6
-2
-1
3
3
6
5
9
8
5
11
6
9
13
12
10
13
15
16
16
16
14
16
14
11
13
11
10
12
10
6
6
4
3
7
2
4
5
2
4
2
2
2
3
4
3
2
1
1
0
-2
1
-4
-4
-5
-5
-5
-5
-12
-12
-9
-9
-10
-13
-17
-20
-20
-18
-17
-19
-22
-23
-25
-21
-18
-19
-19
-23
-21
-20
-21
-19
-19
-23
-17
-12
-9
-7
-3
-8
-1
-1
1
3
-2
-2
-1
0
2
8
3
4
8
5
5
7
9
8
8
9
11
11
10
14
16
11
12
15
12
10
13
11
11
12
12
11
12
11
12
12
11
8
6
7
4
4
7
6
6
7
10
9
9
7
7
5
7
9
7
5
5
5
6
7
10
12
9
6
9
12
10
11
12
11
9
10
11
7
6
7
3
7
9
5
4
3
2
0
0
-2
-1
-2
-1
0
4
-1
1
1
1
1
0
-2
-7
-3
-11
-11
-6
-9
-10
-11
-7
-10
-11
-13
-14
-14
-16
-14
-16
-17
-20
-17
-17
-15
-18
-16
-18
-20
-23
-24
-20
-22
-24
-23
-18
-19
-16
-15
-14
-15
-14
-14
-13
-15
-17
-14
-12
-10
-9
-9
-3
-2
-2
0
1
1
4
6
8
9
7
8
9
9
9
11
15
15
15
21
22
25
21
23
25
18
18
19
19
15
21
20
20
18
22
30
28
26
19
20
16
15
14
16
11
11
9
6
7
6
6
-4
-5
-7
-8
-12
-12
-12
-14
-14
-12
-15
-14
-12
-15
-16
-20
-21
-21
-19
-18
-17
-17
-16
-16
-16
-20
-17
-15
-15
-12
-15
-7
-6
-8
-5
-5
-3
-2
-3
1
5
7
7
13
13
17
16
15
18
15
15
16
18
22
22
19
23
21
24
21
24
26
22
24
20
15
13
12
8
3
5
1
-1
1
-2
0
-3
-8
-3
-8
-8
-5
-7
-11
-15
-14
-17
-17
-20
-19
-21
-19
-18
-17
-14
-10
-13
-11
-13
-12
-17
-15
-13
-17
-9
-11
-15
-12
-9
-10
-7
-7
-7
-2
-8
-4
-6
-5
-1
2
0
1
4
0
1
3
5
0
-1
-1
3
-1
1
4
3
4
5
8
7
6
3
5
0
0
2
2
1
2
4
5
0
1
4
-3
-1
-2
-3
-2
-7
-2
-1
3
2
4
8
7
5
1
8
4
4
7
4
4
2
6
4
3
3
4
5
8
9
8
8
4
3
6
7
10
9
8
6
8
7
6
10
9
8
5
6
7
4
6
5
6
4
7
6
7
5
2
4
1
0
0
-1
-6
-2
-4
-1
1
0
-6
-4
-10
-11
-7
-8
-6
-11
-7
-8
-9
-9
-8
-12
-15
-9
-11
-9
-13
-12
-12
-9
-9
-7
-3
-4
-7
-4
-1
-6
-3
-1
-1
-3
1
-2
-3
-2
-4
-2
2
2
3
5
1
3
5
6
9
10
8
9
8
9
8
7
7
6
9
9
8
13
13
10
13
13
5
4
6
2
2
4
3
1
2
1
2
0
-3
-3
-6
-4
-5
-1
-2
0
-3
-3
-7
-7
-7
-4
-6
-7
-7
-9
-8
-6
-5
-9
-5
-4
-2
-4
-5
-5
-7
-10
-8
-8
-10
-12
-13
-10
-10
-6
-9
-8
-7
-9
-11
-9
-5
-6
-12
-9
-7
-10
-4
-7
-1
-3
3
4
6
5
0
-2
-2
1
0
2
3
6
4
9
8
9
7
6
11
9
8
10
12
12
14
15
14
14
15
11
10
9
9
8
7
7
8
7
4
7
5
10
9
7
7
7
2
8
3
3
0
2
5
1
3
4
2
0
4
3
5
2
0
-1
0
-3
-7
-8
-5
-9
-8
-3
-2
-6
-7
-2
-2
-4
-5
-5
-4
-4
-5
-6
-4
-4
-4
-1
-1
-4
-5
-7
-7
-8
-3
0
-2
-1
2
1
-1
1
0
0
1
-2
-5
-7
-9
-8
-5
-3
-3
-4
-2
-2
-5
-4
-1
-2
-4
-2
-2
0
-1
-2
5
4
2
3
1
2
4
4
5
4
3
4
3
5
5
8
7
3
6
7
5
7
7
6
10
6
6
8
8
4
1
1
-1
-2
-2
-5
-6
-5
-6
-5
-6
-8
-9
-8
-12
-10
-12
-12
-13
-14
-14
-18
-18
-14
-12
-13
-10
-11
-14
-10
-10
-10
-5
-1
0
3
-4
-3
-1
-4
-3
-1
-9
-5
-3
-4
2
-1
3
4
5
10
7
6
6
9
4
2
7
6
4
8
7
8
15
15
15
17
19
18
16
18
20
19
18
19
18
20
21
19
18
16
13
13
13
11
13
16
15
12
15
13
12
14
10
6
6
6
1
-1
2
1
0
-4
-5
-1
-5
-4
-9
-11
-13
-18
-21
-19
-18
-21
-15
-14
-17
-16
-16
-17
-18
-17
-16
-17
-17
-16
-14
-13
-14
-8
-5
-4
-5
-6
-5
-2
-7
-8
-6
-7
-6
-7
-5
-5
-4
-6
-5
-3
-5
-4
-3
-6
-7
-5
-4
-4
-7
-3
-1
0
3
7
3
1
-3
0
-1
0
-1
-2
2
-2
-2
-1
4
0
-2
0
-1
2
-4
3
-1
-1
2
1
3
5
8
12
16
13
10
10
5
4
6
4
5
6
3
4
7
2
-1
-2
-3
-3
1
2
5
10
4
3
4
3
5
9
2
2
6
4
7
7
12
13
14
11
12
7
5
2
6
8
5
4
3
3
5
9
11
8
11
10
3
5
3
2
-1
-5
-3
-3
-1
-2
-1
-3
-1
4
-3
-6
-3
-8
-18
-15
-17
-17
-11
-10
-9
-8
-9
-12
-9
-7
-7
-9
-7
-7
-5
-3
-3
-6
-7
-9
-5
-1
-4
2
6
3
1
-1
0
-3
-6
-3
0
1
4
6
6
8
5
7
5
3
2
0
4
4
6
13
11
11
11
4
1
1
1
0
5
2
-1
-3
-11
-14
-13
-9
-12
-12
-5
-1
-2
2
1
-4
-5
-6
-7
-13
-14
-16
-17
-13
-10
-9
-12
-11
-11
-3
-2
-7
-7
-9
-9
-2
0
-4
-9
-13
-10
-8
-8
-4
2
0
4
9
10
7
3
5
9
14
14
14
16
18
20
22
19
14
10
10
9
10
13
14
16
12
11
13
8
14
18
14
15
12
12
11
14
9
13
15
13
10
17
17
6
3
3
9
13
10
5
4
2
1
-1
-3
-4
-2
-5
-7
-6
-9
-9
-6
-3
0
2
-3
-5
-8
-7
-12
-13
-12
-18
-21
-19
-21
-23
-27
-25
-19
-14
-12
-10
-5
-12
-17
-17
-19
-22
-20
-17
-13
-13
-19
-19
-11
-2
-7
-6
-2
4
5
1
4
0
-3
0
-4
-2
0
-1
1
6
11
13
11
1
3
6
9
7
4
-5
2
4
0
-1
-4
-2
5
9
7
1
-2
-1
-1
2
-3
-1
-1
4
4
7
10
4
-2
1
13
20
12
0
0
3
3
2
-2
-4
1
7
20
21
18
15
12
12
13
13
13
8
10
15
9
7
6
4
7
18
21
13
4
0
7
9
10
7
-3
0
5
7
1
-4
-9
-6
-2
-2
-3
-2
-14
-17
-14
-17
-10
-21
-25
-17
-20
-15
-23
-24
-18
-11
-8
-13
-22
-19
-12
-10
-6
-8
-7
-8
1
5
6
0
-8
-10
-8
-4
0
0
1
-3
-3
13
6
-5
-9
-4
8
2
-1
4
5
5
1
0
8
0
-3
3
7
10
3
1
6
2
8
11
7
8
1
3
8
9
8
3
-4
-3
6
15
11
2
1
8
10
7
-5
-2
1
-1
4
5
10
3
5
12
15
24
25
5
-5
10
12
17
16
1
5
11
5
1
-5
-5
-3
7
12
11
0
-8
-16
-10
2
2
-1
-12
-4
6
-3
-8
-15
-9
-7
-18
-12
3
9
-11
-20
-16
-4
-12
-23
-17
-5
4
1
-6
-2
2
-2
-7
-9
-10
-2
-9
-14
-17
-4
10
-3
-4
-7
0
-5
-8
-10
-11
1
6
3
-5
0
6
3
-3
-4
13
18
-1
-9
2
10
0
-12
-22
-16
-6
-8
-2
-2
-15
-14
-9
3
16
9
-9
-4
13
34
16
-14
-17
1
27
9
-5
-2
3
9
15
20
8
-11
-25
-6
21
27
9
-17
-12
4
30
20
-12
-32
-11
20
34
17
-27
-34
-1
23
16
-9
-18
-15
1
7
21
16
-8
-14
-8
15
25
4
-28
-20
2
9
16
6
1
-5
9
28
19
10
-1
2
12
12
3
1
4
16
16
5
-3
1
26
34
3
-12
-2
18
24
-4
-12
-7
0
8
6
16
13
-6
-12
2
13
7
-22
-30
-3
17
13
-22
-48
-26
1
12
-5
-19
-18
-21
-13
-8
3
-13
-31
-24
-10
5
-12
-48
-41
3
24
15
-14
-18
-14
-14
-10
-3
10
-3
-12
-7
9
8
-18
-21
-6
9
25
3
-13
-5
-9
20
19
28
17
4
17
4
6
16
8
5
22
9
9
2
2
10
-2
-2
-6
12
1
-15
0
12
0
-33
-17
16
8
-18
-25
11
31
4
-34
-37
5
13
-6
-3
8
11
-2
-8
-5
18
0
-14
-22
3
8
-4
0
-19
-22
17
50
36
-13
-49
-12
43
67
13
-24
-21
27
33
15
-30
-27
26
24
12
-11
14
38
0
-24
3
50
39
-16
-32
13
48
23
-25
-37
-6
15
35
-11
-44
-25
7
42
-15
-57
-33
38
24
-32
-43
-21
42
13
-28
-30
-3
6
-16
-30
17
11
-17
-29
-40
8
30
28
-20
-48
-1
44
27
-49
-68
-1
54
34
-29
-37
-8
7
-10
13
4
6
-16
-25
-3
27
33
-17
-21
-14
25
46
26
-34
-49
5
50
44
-14
-34
6
35
18
-21
4
24
-14
-36
0
48
2
-9
-37
19
43
2
0
-24
-3
14
38
18
-11
-13
19
24
4
15
-9
22
14
-9
16
-6
-14
-2
26
0
-14
-6
27
15
-24
-18
0
21
-8
-27
-10
13
-9
-26
-16
19
2
-23
-37
-19
16
7
-7
-33
-9
7
-11
-32
-2
-6
-10
-3
13
42
12
-37
-37
21
59
22
-19
-24
12
18
-16
-3
33
9
-39
-39
35
49
-6
-14
-12
36
38
20
-9
-32
-8
3
-11
56
32
-9
-32
-63
50
26
-32
-52
3
45
-5
-36
-10
3
-11
-37
-13
16
3
-18
-32
-19
-7
-16
-15
-45
-31
-7
-7
-19
-24
-7
18
-6
-18
9
0
10
-7
16
-5
-10
11
37
40
-6
-34
-8
46
66
36
-18
-19
23
40
40
50
1
-5
37
32
40
-1
-5
23
30
52
12
22
2
1
9
28
30
53
30
-20
-29
-9
81
27
-27
-56
1
50
-6
-32
-31
-33
-9
3
-25
-29
-39
-37
-35
-34
-10
24
-14
-67
-73
-33
6
-10
-39
-37
-43
-29
3
-10
-44
-70
-11
52
22
-26
-40
4
0
-31
-3
17
4
-19
5
-2
-17
-29
10
55
44
5
-46
36
44
6
15
17
44
37
-2
-3
13
39
48
-7
31
40
40
37
-38
-17
38
44
65
-16
-25
6
26
32
-3
-12
15
49
30
-27
-70
10
37
24
-35
-30
49
5
-31
-59
-30
49
49
-13
-17
-15
5
33
-22
-45
-4
-9
3
-30
-51
-9
-3
3
-33
-45
15
8
-33
-66
-74
3
51
-11
-58
-47
-14
11
-34
-30
-40
-22
10
-6
-6
-23
-6
-4
19
20
3
5
-10
25
18
-27
20
13
13
2
-31
72
88
-38
-34
46
70
43
-27
19
69
47
-1
37
25
-29
4
36
69
-10
-33
6
53
50
-22
-46
30
25
35
-39
-20
45
-8
-54
-11
64
28
-23
-68
-32
34
54
-41
-55
-3
24
-24
-7
-33
-33
-3
-16
-29
27
21
-42
-13
-4
18
-30
-10
17
-32
-13
27
15
-35
-48
7
21
37
-1
-37
-20
44
17
-53
6
-24
6
1
-21
46
-3
-57
-29
27
33
45
-90
-30
72
-19
-2
-16
52
-33
-54
54
24
-49
1
29
25
19
-64
26
-22
-5
25
-23
29
-70
-18
61
11
-49
-29
11
18
23
-54
21
-1
-5
-60
-13
59
4
-36
-39
101
47
-15
-44
-54
73
8
-47
102
-36
-14
-4
5
92
4
-12
-76
19
86
56
-39
-55
-16
85
66
-57
42
0
36
-14
11
92
-11
-28
-61
39
92
-30
-23
-15
-31
49
52
-16
-9
-18
64
-11
2
60
-4
-26
-27
27
69
-27
-67
15
29
9
-34
-54
44
27
-56
-10
-52
55
0
-104
-39
-4
63
-73
-144
13
78
33
-95
-112
18
83
-144
0
142
-3
-60
-201
173
37
-79
1
3
40
-15
-109
-25
194
-79
-87
39
80
23
-148
58
75
-34
11
-34
103
43
-50
-41
57
87
-41
-4
0
0
19
18
67
-8
-33
-16
52
43
-2
6
-31
4
28
2
36
-53
-65
8
46
57
-54
-60
-35
-28
79
45
-110
-36
-40
29
68
-36
6
-49
-12
34
30
-42
-46
-26
90
39
-15
-43
20
21
-114
33
70
14
-54
-65
90
0
-19
-110
-41
52
76
10
-37
43
-33
35
-7
28
-27
-5
-9
93
30
-43
-19
-59
85
70
-1
-7
16
-30
-43
72
90
-40
13
20
51
35
-62
-81
46
41
-30
36
-4
-33
-111
-33
75
35
-54
-53
44
86
23
-70
-44
50
19
-86
30
56
22
-127
-131
67
121
-21
-40
-27
-4
73
-86
11
-34
-12
67
-35
133
-41
-46
-12
-37
82
-4
37
-56
32
106
-43
-90
32
33
23
-18
-38
94
53
-41
-122
-29
145
-13
-59
-57
-51
162
-9
-26
-89
-79
166
33
-58
-105
-45
121
39
-101
-68
55
27
-43
5
61
-67
-11
-54
39
151
-229
34
99
66
-70
-141
123
65
-73
42
2
50
15
-185
97
105
-44
-18
132
-19
-71
-5
66
17
5
-134
9
199
11
-63
-41
17
1
74
-18
-103
-1
49
83
-18
-25
-78
32
71
-58
58
-87
-12
5
50
-30
-144
9
60
32
-77
-90
-78
46
-7
-137
46
-39
59
-95
-51
8
34
104
-104
-100
23
145
50
-94
-115
79
103
-21
-57
-121
30
170
67
8
-104
-33
-13
6
-33
120
53
18
-39
-187
230
131
-83
-49
-19
45
174
51
5
-121
-151
160
124
134
-153
-159
97
36
-75
71
76
-8
-113
-51
121
4
-20
-121
-70
92
93
-30
-55
-76
3
75
5
-55
-14
53
22
-88
41
131
-119
-38
19
94
50
-161
-154
199
142
-101
-113
-5
118
-74
43
31
2
67
-144
114
100
-93
-29
-95
146
29
-4
53
-80
-60
75
23
78
-86
-26
62
-117
86
-90
39
10
-127
49
196
-66
-206
-3
127
-17
-80
91
26
136
-155
-208
63
105
78
-83
27
36
10
5
-48
-1
74
78
-143
119
166
-40
-78
-67
-14
138
135
-26
-63
-106
224
52
-110
-59
60
128
-70
-78
-56
179
-54
-54
1
-74
-16
-34
51
-107
-30
-2
-19
-51
-167
1
158
45
-261
-75
47
65
-75
-303
16
93
177
-272
-64
124
-9
-101
-140
-20
86
150
-292
27
85
20
-107
8
-43
-79
214
23
6
-27
-87
-108
281
35
-89
120
35
-13
0
-50
86
21
52
-4
-95
175
-30
-46
42
-124
56
114
106
-7
-168
62
68
70
58
-306
171
278
-105
-202
-22
259
-41
-93
-60
98
82
0
-185
41
195
-48
-71
-14
28
57
132
-307
-81
135
53
17
-179
-36
26
147
-2
-203
129
178
-110
-54
-69
28
125
-30
-95
31
217
148
-307
-153
47
388
187
-169
-197
151
226
-83
-48
27
131
20
-5
252
195
-170
-87
125
209
168
-133
-5
72
43
21
-88
87
138
-146
-48
50
43
90
-141
-202
-78
267
16
-247
-117
-77
123
32
-206
-261
19
60
-123
-190
-120
9
-190
-59
-75
-15
-11
-246
-126
-116
-20
-35
-39
81
-232
-185
76
135
-55
-183
-10
237
-6
-163
60
-50
149
-180
-115
352
11
-83
-52
192
53
58
-71
59
19
74
109
-14
122
-93
89
145
78
-54
-1
131
-12
32
158
82
-115
100
-71
190
171
-153
94
27
-54
171
-54
-18
12
-12
103
-16
45
8
-131
43
194
68
-87
-131
-125
152
192
-268
-25
-54
58
54
-183
6
92
-4
-204
-107
247
-75
-201
-107
-154
151
-4
-175
-119
-215
66
32
-141
121
-223
-128
170
31
77
-122
-129
69
167
76
-199
-77
241
200
-86
-78
29
343
-9
-371
292
260
105
-68
-361
404
222
54
-93
-288
348
159
88
20
-125
116
272
-56
-129
-90
78
190
5
112
-112
157
96
-181
-77
21
107
-1
15
-292
-25
219
-28
-335
-168
185
103
-164
-392
28
282
77
-372
-75
159
-27
-305
-183
175
-71
117
-102
-131
-58
-195
38
96
-23
36
40
-89
-122
-152
29
107
-111
4
71
78
-136
-41
48
-81
-138
52
233
47
-213
-295
351
52
-82
-142
215
277
-257
-93
344
56
100
-314
58
344
-85
145
7
-144
-39
126
101
-36
-197
170
231
154
-299
-275
423
271
-203
-198
-65
401
137
-195
-140
-71
432
-109
-318
156
107
166
-264
-369
399
139
-4
-294
-148
386
-95
-163
152
-200
-122
38
102
148
-222
-261
238
163
-34
-286
-32
526
-137
-167
-24
209
274
-106
-369
49
273
143
-185
-402
308
350
68
-228
-357
258
377
98
-245
-489
463
345
-40
-224
-134
295
65
-53
-95
-107
110
227
-114
64
-86
112
118
-295
8
98
91
-140
-361
105
7
-57
79
-201
-223
-65
-46
247
-67
-722
16
392
34
-481
-249
120
39
59
-456
258
-210
91
-393
-189
534
-256
-28
-358
33
477
159
-479
-232
34
243
247
-28
-53
153
40
-246
410
353
-296
-112
168
315
46
-145
390
-97
153
46
-82
547
-226
-89
215
321
494
-307
-490
338
261
293
-15
103
74
-21
-6
-244
329
115
-221
-265
114
321
-11
-77
-219
-113
482
-75
-362
71
-32
-82
10
-204
-318
178
-169
-16
28
-38
40
-253
-111
-475
445
77
-191
-392
70
474
-427
-150
-246
-8
246
-165
-21
102
-259
-210
-170
217
194
-25
-361
-147
312
194
-31
-470
68
235
-13
-175
73
120
-189
-14
-21
154
15
76
8
-123
-58
15
452
-92
17
70
-36
188
202
-160
174
-134
18
432
-316
482
57
242
23
-529
322
562
81
-255
-43
235
346
-406
-382
271
149
31
-93
175
117
-362
-314
-15
356
149
6
-204
8
-69
-346
-61
11
200
17
118
-120
-233
-184
132
-4
-100
-157
205
426
-122
-361
-331
467
39
-462
102
825
-243
-772
-504
711
804
-272
-756
-106
884
86
-482
-286
904
126
-617
-583
426
795
-374
-677
-416
888
206
-395
-376
252
665
-332
-311
-35
400
316
-426
-482
265
542
-135
-446
-51
228
321
-5
-516
19
368
-33
-511
-77
207
218
-150
-267
-90
50
111
-318
-4
-2
225
98
-301
-312
-80
196
80
96
-111
-32
-1
-77
12
61
-265
-45
332
-45
-208
-151
59
-142
-218
-51
-133
220
84
-455
81
340
185
-191
-166
184
179
269
-134
-116
234
68
94
69
108
260
99
-372
-55
126
224
233
-235
187
258
-291
-104
55
475
138
-147
-227
204
364
-185
-319
-71
587
-284
-23
186
268
-29
-638
-206
598
540
-151
-220
-60
150
18
-118
-115
-96
74
-38
152
152
-298
-57
-106
-50
119
334
158
-116
-180
-257
132
394
34
-544
289
304
0
-239
-181
243
10
-138
-142
293
315
-246
-386
236
288
-2
-142
-11
212
-103
-199
127
75
-104
-394
-167
461
116
-204
-163
281
-35
-458
-99
122
191
-44
-256
-12
109
-80
-268
-169
108
117
-113
-289
-163
136
-59
-315
-242
3
315
-132
-311
-125
344
-52
-288
194
264
-62
-351
-345
157
178
-196
-65
13
251
-223
-251
86
186
13
-191
99
100
52
92
-120
-269
-6
223
59
-43
-64
22
221
11
-222
-109
278
155
-101
-97
172
306
110
-346
-218
426
356
-165
-231
190
451
120
-351
-53
276
157
-191
117
403
54
-171
-274
325
416
-7
-183
21
185
-161
-58
184
187
-122
-467
-46
478
176
-395
-89
255
278
-331
-351
-73
81
-99
-415
42
312
-85
-580
-305
261
438
-90
-322
-191
43
116
-74
206
-12
-88
-128
201
405
121
269
227
368
143
218
369
439
263
301
532
533
454
63
176
572
926
546
305
5
149
390
211
257
74
65
-106
-346
-429
-332
-347
-648
-665
-519
-645
-816
-1045
-1129
-1220
-762
-569
-770
-888
-1208
-992
-733
-454
-608
-802
-693
-578
-248
-352
-465
-448
-254
-315
-206
169
128
159
-256
-269
148
371
95
31
-13
38
450
664
215
151
368
518
494
660
846
815
577
657
1531
2601
2084
809
499
1048
2077
2228
2394
2076
1474
453
231
1620
2146
1529
213
-167
408
765
411
-480
-1188
-1022
-392
-528
-727
-1431
-1977
-2165
-1673
-859
-854
-1613
-2420
-2376
-1839
-941
-825
-1129
-1783
-1962
-1190
-872
-569
-739
-887
-1071
-1094
-837
-621
-834
-1203
-1084
-732
-479
-877
-1243
-1263
-1142
-354
-479
-873
-765
-589
-80
-35
302
88
46
262
497
504
881
1176
1223
1391
1049
1218
1324
1141
1194
1648
3320
4526
4219
2274
167
882
2802
4238
4082
3840
3194
1310
-233
510
3064
3813
1866
-529
-241
991
1013
-333
-979
-921
-649
-934
-1594
-1778
-2174
-2351
-2804
-2264
-1511
-1925
-2944
-3703
-3237
-1756
-815
-1519
-2747
-2838
-2686
-1814
-1331
-1293
-1029
-1358
-2259
-2379
-1524
-1259
-1457
-1794
-1810
-1677
-1902
-2229
-2111
-1750
-1356
-1138
-1217
-1452
-1611
-1063
-505
17
655
540
180
-33
424
1097
1695
1935
2161
1930
1555
1520
2194
2750
2689
2296
2144
2773
4196
6220
5644
2403
54
1770
4123
5128
5413
5354
3677
-169
-1210
2244
5883
4346
-306
-1698
659
2334
1474
-241
-1223
-1661
-1869
-1916
-1326
-812
-1976
-3795
-4160
-2629
-702
-1489
-3767
-4910
-3422
-1666
-1563
-2146
-2992
-3055
-3078
-2591
-1834
-1096
-1482
-2950
-3650
-2547
-1078
-1187
-2427
-3420
-3052
-2123
-2002
-2229
-2053
-1934
-2075
-1841
-1052
-534
-457
-499
-240
299
1032
1273
1181
1113
1551
2020
2455
2559
2297
2647
2571
2112
2188
2719
2726
2401
2047
1591
2609
5165
6969
5016
409
-1155
1771
4706
5100
5118
5559
2857
-1720
-2483
2824
7127
4130
-1201
-1933
1602
2352
50
-1967
-1529
-1018
-1935
-2606
-2058
-1414
-3031
-5194
-5259
-2339
-492
-2663
-5642
-5702
-3642
-2332
-2201
-2461
-2334
-2570
-3256
-3318
-2114
-455
-669
-2397
-3154
-1577
-314
-1205
-3086
-2650
-1140
-1068
-1759
-1793
-765
-1297
-2348
-1815
-458
626
210
-339
-316
370
832
1213
1606
2083
2643
2731
2192
2032
2411
2590
2677
2375
2880
3107
2795
1808
1552
1490
1681
4200
7228
6939
1794
-2242
-414
3335
4746
4861
6311
5451
-261
-4663
-913
6197
7017
1564
-1989
34
1743
286
-1519
-793
143
-1410
-3849
-3029
-929
-1312
-4300
-6026
-3974
-1372
-2263
-5182
-5356
-3742
-2809
-3651
-3520
-2080
-2008
-4041
-4810
-2704
-102
-469
-3216
-4038
-2582
-1501
-2397
-2956
-1855
-708
-1521
-2909
-2602
-1387
-994
-2170
-2052
-45
1017
-42
-1644
-767
1302
2437
1992
1322
1748
2063
1829
1888
3073
4172
3838
2302
1570
1914
2881
3342
3028
2712
1962
1018
1040
3289
7074
7675
3189
-1266
-877
2251
4047
5495
7797
7359
1225
-3816
-985
6143
7641
2741
-424
1507
2706
152
-1358
87
857
-2375
-4989
-3046
259
-1086
-5783
-7562
-5439
-3314
-3530
-4662
-4462
-4219
-5286
-6092
-5018
-2489
-2147
-4005
-5093
-3791
-1905
-1541
-2770
-3348
-2790
-2274
-1959
-2118
-1259
-533
-1086
-2443
-2136
-725
-429
-1217
-1097
-11
706
760
381
645
1068
1602
1949
2516
2997
2490
1833
2503
3988
4551
3690
2471
1577
1930
2755
3147
3352
2905
2145
774
0
1303
5510
8420
5294
-34
-1375
1377
2903
3180
5863
8959
5347
-2302
-3724
2922
7250
3300
-802
1020
3543
853
-2548
-1916
185
-2310
-5859
-5017
-1447
-486
-4334
-7604
-7040
-5072
-4794
-5045
-3806
-3065
-4684
-6894
-5947
-3133
-1758
-2736
-3854
-3466
-2410
-1767
-2027
-1854
-1807
-1708
-1959
-1666
-451
877
437
-1203
-1629
-847
42
-475
-289
1111
2019
1416
743
835
1414
1640
1958
3311
4013
3581
2108
1930
2814
3810
4152
3621
2715
1869
1506
1186
1990
2973
2816
1529
-64
82
3604
6975
5714
1520
-414
849
1286
1472
4577
8366
6511
-131
-2681
1774
5100
1754
-1439
1006
4336
2457
-1362
-1752
-1073
-3865
-7319
-5484
-383
1015
-3130
-6865
-6888
-5968
-6342
-6058
-3150
-1301
-3218
-6207
-5815
-2982
-1705
-2923
-3746
-2344
-1067
-1316
-1426
-246
314
-1151
-2874
-2254
145
1828
1629
603
-205
-725
-1425
-1745
-374
2030
2949
1785
726
335
41
220
1430
3420
4436
3409
1806
1471
1746
2083
3236
3598
2553
904
54
482
1385
2055
2035
803
-1180
-1390
1325
5561
6046
2868
369
420
16
-811
1650
6658
8110
2794
-1086
830
3651
797
-2787
-145
4585
4031
-115
-964
-120
-2597
-7152
-7043
-2418
626
-1297
-3809
-4248
-4384
-6158
-7441
-5265
-2319
-2198
-3781
-3327
-1605
-1067
-2731
-3653
-2796
-1791
-1335
-342
1377
2339
814
-2147
-3122
-1669
424
1096
1330
1435
901
-1008
-2509
-1553
785
1986
1368
923
1183
975
461
1180
2878
3943
2934
1884
1956
2609
2521
2897
3415
2896
1409
64
467
1171
1567
1325
1156
211
-611
469
3818
5300
3096
947
907
741
-847
235
4656
6754
3140
-46
1618
4203
1629
-2093
-794
2945
2879
-76
203
2289
493
-5250
-6979
-4079
-1774
-2688
-3684
-2382
-2129
-4711
-6742
-5295
-3402
-3969
-5512
-4530
-1940
-652
-1470
-2411
-2567
-2901
-3052
-2466
-717
751
923
-182
-1345
-1531
-1051
-480
147
385
536
229
-694
-882
200
1705
2184
1824
1159
788
573
1641
3561
4585
4205
3219
2511
1916
1965
2497
3491
3576
2345
1429
1009
507
243
621
835
557
-724
-1570
-15
2985
4067
2506
1241
1113
87
-1638
-589
3239
4879
2277
975
3411
4559
1137
-1447
429
2614
1450
-95
1618
2743
92
-3670
-4384
-3344
-3534
-4499
-3890
-2545
-2522
-3988
-4854
-4338
-4243
-4988
-5441
-4364
-3068
-2466
-2267
-1755
-1300
-1346
-1907
-1936
-1152
-465
-592
-1273
-1647
-885
606
1288
1300
887
226
-1108
-1817
-438
2260
3807
3249
2101
1228
722
404
1622
3755
4822
3864
2696
2392
2290
2185
2374
2715
2541
1824
587
6
62
778
1172
1035
698
-230
-1744
-2368
-792
1784
2778
2049
1317
992
451
-701
-321
1984
3150
2028
856
1536
2657
2227
1061
1347
2280
1802
-31
-1043
-1126
-1909
-3211
-3648
-2715
-2130
-2698
-3674
-3930
-3894
-3953
-4214
-4010
-3306
-3009
-3376
-3433
-2577
-1411
-1086
-1266
-1112
-710
-769
-999
-753
-582
-532
-313
393
820
546
202
108
-204
-808
-480
1027
2478
2441
1767
1106
300
61
680
1967
3150
3307
2695
2306
1725
1446
1752
2043
2044
1868
1298
401
-165
530
1277
1103
984
507
-727
-1557
-1327
-747
-633
-486
153
814
520
46
983
1673
748
-203
569
1872
1542
697
910
1771
1912
1293
1449
2274
2090
191
-2002
-2560
-1661
-1130
-1523
-1591
-1638
-2230
-2758
-2458
-1260
-674
-1816
-3258
-3316
-2300
-1222
-1153
-1084
-867
-709
-1024
-1377
-1060
-709
-1031
-1530
-878
154
492
-99
-448
-837
-1280
-1415
-791
208
614
631
726
499
-155
28
919
2076
2568
2501
1873
1388
1045
1086
1770
2754
3313
2385
858
-138
243
704
882
1031
1383
895
-469
-995
-787
-510
-581
-934
-1194
-1282
-1409
-901
-342
-29
-280
-91
1007
1768
1442
791
1004
969
79
-487
631
2158
1763
115
371
1876
2114
402
-901
-703
-1057
-2083
-2378
-652
477
36
-1065
-1336
-1021
-1190
-1410
-1104
-400
-138
-424
-1506
-1853
-1676
-1304
-1141
-608
-46
-252
-915
-1244
-674
-483
-853
-1221
-450
-238
-386
-199
159
47
-336
-119
833
2051
2588
2473
1748
1064
478
734
1317
2501
2550
1671
939
635
453
14
440
898
642
-489
-793
-570
-400
-1043
-1404
-1252
-1261
-1261
-1205
-1116
-1433
-1756
-2524
-2790
-2026
-337
516
806
1316
1704
1305
204
-20
234
-49
-1247
-784
1341
2307
1524
622
809
801
179
304
1397
1415
-81
-1234
-979
-504
38
926
1462
1370
608
-187
-705
-666
-511
-491
-583
-607
-508
-710
-671
-257
85
-111
-248
-290
-463
-62
660
717
-181
-738
-856
-278
631
2075
3020
2527
1096
227
446
902
1522
2187
2393
1204
-184
-624
-349
-132
137
227
-115
-751
-1165
-1415
-1451
-1573
-2007
-2481
-2425
-2128
-1810
-1077
-613
-1000
-2086
-2594
-2222
-1552
-1268
-1677
-1182
-378
156
388
966
1599
1303
476
112
856
1214
400
-494
-573
292
882
1589
2639
3370
2827
1619
1207
1384
1361
1184
1294
1375
844
118
320
716
772
571
400
147
-427
-727
-604
-654
-1172
-1303
-841
-623
-571
-82
869
781
-206
-868
-822
-180
269
772
1176
1334
600
-581
-760
52
1190
1446
804
314
-151
-385
-656
-627
-832
-1177
-1631
-1876
-1558
-803
-356
-1011
-2049
-2560
-2500
-2410
-2349
-2018
-1319
-1666
-1885
-1312
-132
50
-500
-1010
-871
-865
-1065
-1188
-1515
-1104
-253
720
1254
1724
2323
1747
406
-101
1157
1890
948
152
1089
2351
2225
1908
3247
5003
4883
3706
2980
2603
1372
3
-459
-280
-219
36
684
1048
1201
978
375
-645
-1533
-1504
-1245
-1141
-937
-236
112
-456
-1369
-1465
-521
382
877
1015
1058
586
-425
-1009
-532
155
13
-677
-696
-94
209
-69
103
276
-802
-2225
-2673
-1865
-1592
-1739
-1872
-1279
-1004
-1645
-1779
-1216
-938
-1575
-1974
-1223
-312
-567
-1138
-707
32
185
-98
121
287
-571
-1445
-1517
-1261
-856
-56
941
1017
711
1475
2651
2367
1655
2179
2544
1236
-442
-17
1949
3070
2807
3127
4332
4578
3264
1823
1393
915
-194
-1339
-1571
-1260
-1020
-392
509
798
240
-603
-1336
-1586
-1003
-259
-378
-1328
-2187
-1758
-821
-238
364
1052
1183
584
278
836
1685
1118
-398
-1371
-1162
-922
-1070
-776
23
-132
-1638
-2169
-1409
-356
-775
-1509
-1551
-1639
-2154
-2484
-1716
-767
-650
-1035
-751
-683
-854
-695
-203
7
-388
-814
-1185
-1311
-1107
-878
-401
337
336
-669
-1822
-1618
-144
1414
1778
2086
3066
3383
2378
1888
2966
3622
2168
180
166
1750
2656
2677
3273
4011
3292
1458
589
564
272
-929
-1807
-1833
-1497
-1068
-560
-437
-902
-572
69
133
-412
-694
-518
-854
-1409
-1279
-192
488
417
549
1557
2245
1678
1023
997
824
-211
-854
-601
-133
-670
-1842
-2250
-1971
-1792
-1846
-1196
-438
-539
-1111
-1233
-606
-538
-735
-494
-447
-890
-1355
-738
-42
-142
-454
-163
-301
-1185
-1824
-1759
-1121
-1164
-1528
-1623
-1347
-1593
-2541
-2299
-21
2782
3435
2370
2790
3957
3270
1232
1632
3656
3251
483
-462
2003
3678
2638
1777
3072
3794
1935
-269
-620
-547
-1836
-3083
-2678
-1816
-1764
-1742
-1094
-875
-671
120
709
2
-774
-182
116
-943
-1579
-209
1451
1300
964
2030
3512
3284
1714
774
726
-250
-2556
-3522
-2557
-1702
-2350
-2706
-1637
-790
-1685
-2787
-2246
-1487
-1461
-1326
-41
1100
585
-86
126
254
-125
-87
619
833
103
-434
-489
-718
-1169
-1403
-1295
-1392
-2100
-2589
-2604
-2701
-1483
1875
5180
5359
4573
4933
4729
2548
1190
2657
3287
462
-2428
-580
3418
4759
3513
3427
4195
2632
-490
-1827
-928
-1364
-3811
-5551
-4936
-3314
-2088
-985
-117
455
328
113
-170
-127
218
91
-802
-1620
-836
1035
2065
2089
2530
3376
3445
2080
721
234
-831
-3414
-5635
-5661
-4630
-4179
-3934
-2599
-1060
-1016
-2015
-2057
-1231
-1328
-1882
-1363
73
826
1204
2225
3398
2959
1651
1394
1537
1220
381
8
-228
-1173
-2183
-2118
-1684
-1958
-2617
-966
3152
5959
5503
5140
6235
5112
1163
-1273
663
1802
-787
-3032
260
4601
4363
1619
1863
4227
2520
-1668
-3101
-998
-1524
-4418
-5398
-3202
-1402
-1816
-1507
-342
811
-65
-775
-929
-189
-3
-319
-381
-366
324
936
2081
2419
2846
2772
2336
1009
-263
-719
-1971
-4485
-6571
-6141
-5398
-5088
-4688
-3033
-1839
-2007
-2276
-1079
328
-299
-1439
-1130
532
1066
1260
2664
4102
3594
2338
2626
3206
2397
891
536
303
-1007
-2474
-2431
-1747
-1242
1693
6533
8994
7037
5769
5916
4083
-369
-1740
437
-138
-4881
-7036
-1453
3621
2886
-106
2475
4942
1075
-4029
-2848
1016
-1585
-6452
-7019
-2446
-998
-1463
353
4048
4651
1391
-49
777
1168
-1340
-2359
-2194
-2090
-2207
-213
2269
2752
2523
2600
2299
-307
-1779
-2173
-3706
-6749
-7690
-5968
-4555
-4580
-4318
-1616
-399
-1505
-1814
471
1239
-1149
-2081
-185
1386
764
1317
3092
3704
2523
1980
2583
2347
899
-318
-480
-1135
-2472
-2448
-1040
1795
6135
10022
9770
7601
7394
7156
4254
91
204
561
-3147
-8510
-6313
1237
3801
253
-1376
2653
2535
-2738
-5785
-2130
-984
-5561
-8324
-4971
274
1120
1514
3559
5685
4276
2074
1498
1698
5
-2312
-3054
-3720
-3563
-1819
75
-356
-189
1346
1559
-607
-2147
-2384
-3936
-6991
-8182
-6263
-4045
-3576
-2975
-1125
480
121
-500
455
834
-628
-1780
-429
795
1517
2716
3770
3202
2265
2328
2099
846
-907
-1765
-2410
-2992
-3279
-2111
-706
2758
8070
11666
10262
8893
9946
8908
4196
323
2276
1986
-3995
-9694
-3856
4088
3265
-2484
-1185
4197
1144
-5515
-5849
-210
-2874
-9212
-9298
-1991
1668
1102
2974
6379
6620
2724
2418
3392
2287
-2678
-4371
-4545
-5702
-5731
-2181
896
-1018
-2080
-1340
-419
-3044
-4945
-5323
-5684
-7817
-8645
-5281
-1662
-277
-601
474
1328
764
-453
-401
-434
-1932
-2631
-1375
1137
3485
5293
5719
5021
4331
3177
1658
-479
-2348
-4123
-5130
-5276
-3985
-2030
1106
7140
12682
13320
10096
10023
9940
6169
-213
-753
1645
-1345
-7975
-6488
4385
8034
2223
-1995
3186
3870
-3284
-7959
-3695
-1768
-8759
-12043
-5853
2660
3747
4737
8470
10909
7206
3741
4217
3634
-1242
-6163
-6371
-6648
-7144
-5638
-1476
-969
-2912
-3513
-2484
-3051
-5872
-7704
-8668
-9386
-9979
-6966
-2168
747
1086
1331
1771
1280
324
-707
-2055
-4202
-5202
-4489
-2433
718
4345
6566
6558
5968
5366
4054
1287
-1699
-4004
-5233
-5941
-5925
-4765
-749
6556
13263
14598
12229
12450
12025
7285
-219
-1415
594
-3130
-10542
-8654
3301
7987
2881
9
6169
7211
-440
-5977
-2845
-1999
-10128
-14304
-7928
1242
3095
4712
9804
13766
11310
7667
7437
6287
736
-5793
-7737
-8340
-8326
-6687
-2976
-1374
-1738
-2021
-1895
-2193
-4319
-6919
-9449
-11146
-12219
-10264
-5647
-1560
577
1884
3084
3432
3000
1324
-1224
-4288
-6752
-7824
-6935
-3717
585
4219
5933
6843
7053
5540
2688
-374
-3049
-5349
-6684
-6986
-6006
-1154
7302
14327
15358
14633
15041
13364
6846
283
-363
-1059
-7443
-13741
-7919
2976
5504
1843
4028
10300
8399
753
-2436
-101
-4046
-12741
-14491
-7238
-805
989
5046
11540
14908
12941
11189
10718
7219
-339
-6311
-8431
-9832
-10034
-7229
-3330
-1691
-629
1196
2375
1100
-2459
-6023
-9082
-11892
-13246
-11103
-7129
-4331
-1812
1222
3834
4774
4315
2263
-761
-4170
-7411
-9313
-9200
-6885
-3843
-504
2846
5878
7036
5655
3146
436
-2220
-5231
-7219
-7982
-6249
-518
6980
11481
12944
15220
16233
13014
6437
3010
1803
-3564
-12654
-14338
-5734
251
-1220
-745
7567
12539
8339
2986
3989
3319
-6042
-14227
-11885
-4979
-3024
-1459
5321
12821
14702
13601
14107
13835
7732
-917
-6184
-8747
-11280
-11926
-9029
-5766
-3183
24
4265
6956
5972
1939
-2055
-5777
-9926
-12564
-11855
-9693
-8004
-5235
-993
3472
5490
4895
3123
874
-2524
-6291
-8821
-9506
-8671
-6622
-2951
1718
5408
6427
5233
3090
638
-2174
-5042
-7721
-8429
-4629
2294
6954
8526
11810
15485
14496
8410
4575
4105
-142
-10004
-14948
-8291
-1662
-3187
-4420
3816
11913
11244
7172
8029
8714
891
-9009
-10596
-5676
-4242
-4449
185
8001
12119
12778
13545
13643
9483
1734
-4624
-8562
-11158
-12338
-10753
-8052
-4308
629
5195
7981
8589
6891
3103
-1401
-5787
-9266
-11529
-12612
-11926
-8392
-3682
94
2936
4364
4011
2488
127
-3108
-6494
-9078
-10412
-9156
-5676
-1511
1977
4439
5566
5401
4156
2176
-646
-4623
-8472
-8698
-3358
3120
5705
6229
9908
13415
11809
6775
5357
4394
-3080
-13164
-14126
-6093
-2766
-5835
-4827
4458
10496
9563
8672
11502
9920
112
-7356
-5956
-2421
-3693
-3638
1451
6676
8685
10456
12774
11957
6336
-183
-4225
-7512
-10845
-11465
-9280
-7168
-4160
1133
6392
8498
7786
6242
4536
843
-3693
-7062
-9312
-11405
-11230
-7480
-3154
-365
1324
2898
3675
3303
1050
-2205
-5764
-8753
-9988
-8256
-4631
-1424
792
2745
4460
5236
4798
3124
78
-4129
-7585
-6164
77
4902
4714
4949
9182
12025
9132
5168
5835
3878
-5534
-14212
-10821
-3345
-4336
-9113
-5240
4847
8417
6828
7959
11939
8249
-1361
-5441
-2097
-1077
-4793
-4660
480
5121
6655
8764
11186
10188
4766
-127
-2765
-6260
-10183
-11397
-9874
-7603
-3918
1035
5445
7304
7161
6835
5889
2223
-2990
-6931
-9168
-10590
-9810
-6981
-4051
-2043
32
2691
4978
4999
2396
-1000
-4066
-6347
-6895
-5286
-3573
-2570
-1162
1536
3844
4694
4269
2780
-449
-4285
-6334
-4173
718
3622
2902
4162
9075
11667
8413
5008
6380
4409
-4941
-12517
-7876
-1575
-4968
-11052
-5818
5327
8341
5272
6280
11260
7915
-948
-3849
-159
-528
-5313
-5471
-87
4355
4962
5813
7522
7162
3923
1211
-1208
-5438
-9179
-9275
-7614
-6140
-3444
623
3642
4279
4859
6831
6734
1999
-3579
-6405
-7448
-8923
-9100
-7790
-5915
-4095
-1571
1588
4360
4606
2323
-80
-1687
-2301
-2653
-2797
-2508
-1167
604
1809
2676
3508
3506
1521
-1572
-3144
-4024
-3614
-484
4437
5849
5077
7083
10024
8666
3897
3546
3606
-2388
-11305
-9876
-2620
-2558
-8954
-7101
4003
8917
5680
4322
10090
9970
2393
-2442
395
1319
-3468
-5440
-1472
3267
3260
2904
3890
4906
3230
716
-2243
-5756
-8065
-8399
-7713
-7002
-4045
-534
1933
3052
4971
7329
6614
1835
-2934
-4867
-6326
-8800
-10547
-10230
-8448
-5839
-2775
508
3565
4463
3259
1894
1328
910
-284
-1772
-2317
-1021
123
487
1098
2450
3077
1588
-257
-764
-1251
-3588
-2828
3196
8167
5922
4149
8489
12253
7614
1714
3206
3605
-4871
-13170
-8163
-1165
-4336
-10899
-4857
6385
8475
3938
4866
10559
8762
2071
-122
3286
2263
-2629
-4008
-39
2879
2018
1248
2496
3472
1256
-2126
-4976
-6423
-7810
-8545
-8180
-5806
-3076
-1192
949
3672
5710
5452
3264
202
-2343
-4349
-6327
-8653
-10637
-10629
-7844
-4475
-2271
-320
1870
2686
2136
1576
1870
1114
-808
-2198
-1488
-284
115
757
1521
2038
1448
1558
1497
508
-1880
-1636
2879
7724
7711
5167
7426
11367
9865
3152
2012
3696
-905
-10591
-11682
-4433
-2657
-8391
-8537
1944
8810
6953
4311
8538
11065
6873
2015
2706
4333
704
-3369
-2627
973
1360
2
458
2217
1325
-1986
-4450
-5445
-6908
-8579
-8285
-6523
-4621
-2812
358
3741
5404
5176
4014
1834
-1090
-3568
-5138
-7294
-10484
-11412
-8649
-4929
-3245
-2287
-289
1365
1218
305
536
448
-1138
-3044
-2568
-329
1018
1397
2207
3749
4014
3308
2496
1682
-331
-2001
-295
4770
8042
6454
5956
9837
12105
6924
1531
1713
825
-6872
-13276
-9651
-4055
-5188
-7840
-1426
8235
11224
8465
8227
11015
9746
4621
1103
1406
282
-2986
-4614
-2691
-84
1108
1738
2355
2379
751
-1675
-4396
-6779
-8132
-8019
-8212
-7937
-5427
-1072
2140
3309
4219
4802
3441
-80
-2510
-3502
-5557
-9709
-11171
-8494
-5149
-4072
-3822
-1747
307
319
-1100
-1041
-887
-2415
-3948
-2949
67
1742
2104
2871
4606
4932
3649
2631
1763
-254
-2912
-2630
1409
5939
6404
5788
8990
12535
10011
3977
2263
1771
-3635
-11147
-11054
-5703
-4038
-6140
-2988
6130
12069
11718
9623
10714
10831
7114
1701
-581
-1020
-2957
-5581
-5938
-2814
1197
3364
3047
2988
3352
2208
-1376
-4812
-6020
-5899
-7399
-9043
-6858
-2008
597
285
872
2758
2666
-714
-3154
-3283
-4605
-8355
-10025
-7640
-4863
-4207
-4199
-2477
-7
335
-1159
-1891
-1691
-2579
-3642
-2795
-10
2009
2437
3667
5433
6049
4196
2448
888
-923
-3405
-4327
-1771
2499
4882
4871
7517
11152
11224
6495
3817
3114
-201
-6058
-8258
-5193
-3312
-4229
-3313
3599
9894
11295
8964
8884
9562
7330
2645
-683
-1008
-2054
-4230
-6132
-4232
-22
2997
2582
2185
3390
3335
371
-3066
-4155
-4137
-5303
-7171
-6196
-2531
90
-220
-398
1266
1733
-1120
-4315
-5194
-6088
-8222
-9175
-7509
-5239
-4201
-3168
-1574
282
654
-116
-1278
-2421
-3392
-3718
-2503
-1330
85
1376
3321
4560
5198
4753
3586
2065
40
-1668
-3762
-4353
-2459
1489
3085
3387
5251
7836
7211
4018
3383
4099
2305
-2228
-3078
8
1808
729
1801
6172
8655
7412
5436
5798
5449
2680
-917
-2385
-2235
-2469
-3469
-4056
-1991
1523
3411
2857
2867
3641
2806
242
-1933
-2380
-2451
-3641
-4889
-4053
-2078
-1141
-1230
-878
-614
-1175
-2592
-4434
-6039
-6964
-6919
-6660
-6468
-5762
-3789
-1920
-979
-407
566
1018
-187
-1644
-1538
-169
77
-177
632
1863
2518
3171
3748
2955
1905
1331
578
-1817
-4221
-4571
-2733
-802
407
1370
2478
3181
3063
3255
4102
4466
2657
1085
1027
2320
3568
5175
5761
5127
5051
5961
6006
4123
2263
859
-99
-2005
-3154
-2898
-2020
-2548
-2706
-248
2943
4088
2885
2392
2354
1846
263
-1003
-1744
-2837
-3961
-4504
-3581
-2233
-1919
-2861
-2821
-2152
-2712
-3661
-4110
-3811
-4058
-4072
-3911
-2942
-2029
-1675
-1073
-155
-9
-1013
-1378
-1120
-1009
-1531
-1229
-169
-52
-377
779
2737
2429
886
901
1625
129
-2751
-3960
-3120
-2607
-3622
-3305
-1021
1215
1123
1573
3221
4403
3739
3367
3812
3626
3084
3220
4543
4759
5016
5021
5016
3883
3138
3069
2921
2032
300
-166
-67
571
501
1217
1582
2009
2919
3657
3167
1906
1615
766
-359
-1974
-2669
-3137
-3147
-3314
-3877
-3696
-3155
-3197
-4733
-4860
-3968
-3380
-4415
-4715
-3319
-1960
-1516
-1912
-1276
-744
-920
-2075
-2476
-2501
-3068
-4007
-4240
-3052
-2170
-1993
-1266
596
1981
2079
2127
2017
920
-944
-2228
-2438
-2474
-2873
-3020
-2133
-635
1592
4117
5355
4893
3916
4274
4715
4272
2951
2983
3794
3300
2631
4112
6459
5294
2341
1736
4072
4151
1442
80
1631
2470
1328
1673
4016
4993
3115
2169
3820
5084
3112
187
-1091
-1784
-3178
-4179
-3510
-3021
-3880
-4749
-4181
-3194
-3546
-4399
-4777
-4534
-4911
-4965
-4377
-3355
-2460
-1463
-484
-30
-195
-1166
-1827
-2291
-2913
-4303
-4981
-4582
-3872
-3529
-2835
-1214
111
534
582
962
378
-1226
-2835
-2981
-2500
-2546
-2529
-1257
569
1624
3605
6692
8832
7215
4825
4578
5192
3399
1447
2105
2828
1671
888
3390
5373
4624
2262
2249
2886
2238
1049
1063
1592
1274
1858
3299
4991
4894
4415
3980
4375
4909
4131
1779
-1188
-2606
-2904
-2621
-3111
-3684
-4074
-4184
-4202
-4301
-4042
-4254
-4875
-5850
-5664
-4854
-4260
-3994
-3221
-2022
-1249
-455
-578
-1188
-2126
-2264
-2884
-4061
-4571
-3759
-2630
-2764
-2370
-1207
88
-107
-701
-1104
-1642
-2625
-3878
-4165
-3834
-2670
-1407
213
1649
3504
5538
6175
5784
5839
7183
6501
4149
2511
3419
4085
3161
2574
3337
4400
3580
2736
2991
3767
2010
-381
-688
1097
2006
1994
2571
3952
5124
5166
5408
5865
6056
4411
2184
735
490
-243
-2006
-3115
-3154
-2973
-3558
-3849
-3666
-3210
-3590
-4295
-4674
-4702
-4686
-4490
-3710
-3086
-2717
-2567
-1896
-1406
-1453
-1838
-2305
-3234
-4573
-5121
-4557
-3565
-3437
-3595
-2976
-1818
-1410
-2101
-2507
-2885
-3406
-4275
-4525
-3861
-2931
-1913
-213
2347
4119
5044
5399
5748
4993
3364
2375
3168
4052
2964
1899
2819
4628
4712
4345
5013
5627
4378
2536
1942
2393
2057
677
468
1931
3349
3402
4023
5595
6842
6290
5597
5735
5165
3050
839
84
-703
-2096
-3646
-4341
-4754
-5261
-5251
-4091
-2872
-2466
-2418
-2332
-2179
-1776
-1048
-842
-1307
-2159
-2665
-2676
-2770
-3234
-3788
-4124
-4397
-5166
-5487
-4796
-3889
-4335
-4618
-3760
-3045
-3732
-4375
-3898
-3592
-4131
-4340
-3088
-2063
-1808
-844
1384
2782
3051
3851
5078
4643
2768
1806
2324
1889
369
492
2912
4057
3174
3289
5080
5978
4507
3223
3309
3929
2869
1578
2057
3834
4380
3327
3435
5139
6710
6254
5876
6629
7037
5305
3303
2839
1971
-628
-3456
-3844
-3352
-4099
-5559
-5311
-3713
-2900
-2528
-1789
-203
676
819
689
772
781
-47
-1028
-2149
-3034
-3975
-4338
-4854
-5523
-5452
-4972
-5171
-6334
-6285
-4907
-4085
-5011
-5439
-4322
-3663
-4159
-4101
-2381
-1826
-2333
-2028
106
912
307
233
1165
1522
548
207
382
579
-440
-451
344
1239
1563
2885
4486
4704
3962
3473
4069
4171
3798
3134
3424
3615
3709
3661
4231
5179
5709
5705
6062
7485
8387
8059
7238
6628
5069
2276
-395
-1772
-2727
-4374
-5356
-4452
-2855
-2284
-2177
-836
1279
2886
3078
2944
2784
2172
676
-541
-1165
-2793
-4984
-6293
-5991
-5781
-5749
-5878
-5965
-6459
-6813
-6110
-5497
-5900
-6611
-5730
-4667
-4323
-4128
-2827
-1787
-1942
-2283
-1655
-692
-789
-1237
-1750
-1921
-2337
-2284
-1923
-1442
-1264
-926
-173
428
1000
1412
2519
3379
4345
4814
5395
5375
5147
5280
5448
5507
4789
4386
3587
3431
3371
4265
4942
5342
5897
6831
8112
8420
8076
6325
4510
2539
905
-1151
-2788
-3241
-3162
-2589
-1615
256
1502
2582
3206
3751
3801
3015
1674
185
-861
-2717
-4767
-6175
-6247
-6079
-6149
-6034
-5845
-6067
-6595
-5994
-5092
-5083
-6016
-6090
-5154
-4327
-3940
-3372
-2547
-2389
-2501
-2274
-1646
-1777
-2441
-2849
-2890
-2893
-3021
-3558
-4212
-3629
-2218
-1137
-755
-222
631
1452
1852
2362
3500
4969
5810
5830
6118
6680
6840
5799
4755
4089
3708
2945
2517
2630
2958
3767
4779
5859
6425
6904
6458
5494
4394
3658
2798
1207
-213
-969
-663
-355
776
2470
3989
4180
3527
3506
3375
2367
537
-780
-2058
-3404
-5026
-5904
-5802
-5358
-5140
-5371
-5401
-5525
-5382
-5328
-5072
-5039
-5051
-5054
-4767
-4342
-3925
-3359
-3325
-3545
-3642
-3108
-2645
-2746
-3599
-4281
-3888
-2983
-2875
-3599
-3589
-2699
-2052
-2012
-1455
-394
11
-487
-106
1497
3008
3682
4701
6256
7395
7486
6950
6375
5396
4024
2833
2471
2161
1834
1931
3195
4716
5556
5485
5488
5468
4978
4358
3972
3464
2470
1749
1700
2176
2301
2694
3595
4505
4224
3349
2630
1749
425
-889
-1387
-1808
-2816
-3799
-3625
-3143
-3475
-4275
-4523
-4343
-4779
-5493
-5407
-4726
-4533
-4684
-4158
-3311
-3204
-3761
-4011
-3842
-3894
-4565
-4992
-4590
-4073
-4275
-4435
-3769
-2851
-2931
-3132
-2661
-2057
-2519
-3184
-2709
-1775
-1275
-1195
-225
1190
2565
3628
5117
6616
7024
6233
5243
4930
4321
3298
2058
1614
1826
2278
3068
4176
5138
5063
4687
4411
4414
4101
3826
3594
3376
3358
3567
4155
4346
4408
4203
3886
3230
2641
2028
717
-727
-1875
-1772
-1541
-1638
-1936
-1348
-591
-949
-1831
-2480
-2893
-4252
-5034
-4773
-4050
-4359
-4641
-3770
-2586
-2431
-3229
-3539
-3936
-4473
-5084
-5190
-5581
-5936
-5656
-4799
-4062
-3606
-2818
-2328
-2413
-2793
-2497
-2361
-2921
-3662
-3464
-2225
-942
243
1294
2601
3859
4898
5538
5312
4483
3335
2411
1640
1293
1416
1597
1918
2720
4317
5588
5893
5636
5540
5313
4763
4381
4303
4076
3743
3985
4752
5474
5491
5226
4570
3638
2582
1629
488
-810
-1798
-2245
-1992
-1703
-1461
-1109
-383
-183
-357
-661
-1367
-2679
-3721
-3613
-3216
-3173
-3219
-2769
-2459
-2407
-2299
-2418
-3603
-4858
-5234
-5501
-6537
-7238
-6468
-5368
-5153
-4931
-3405
-2035
-2219
-2934
-2508
-1881
-2366
-3216
-3213
-2447
-1770
-952
399
2038
3186
3756
3888
3896
3644
2834
1841
712
12
-12
759
1449
2384
3709
4859
5251
5319
5702
5704
4955
4063
4231
4536
4274
3973
4532
5476
5900
5768
5500
4955
3726
2387
1331
388
-748
-1673
-1823
-1298
-683
-527
-512
-515
-466
-717
-1425
-2428
-3320
-3550
-3339
-2784
-2367
-1901
-1655
-1554
-1675
-1794
-2394
-3445
-4513
-5314
-6115
-6702
-6433
-5837
-5383
-5049
-4126
-3406
-3382
-3672
-3307
-3102
-3578
-3999
-3722
-2994
-2292
-1137
211
1285
1969
2865
3553
3357
2485
1793
1483
775
119
243
990
1459
2003
3500
5158
5681
5295
5275
5399
5043
4411
4214
4245
3967
3892
4343
5102
5391
5433
5381
5360
4701
3236
1932
1187
720
-83
-660
-705
-316
-117
-160
-208
-478
-1101
-2161
-3005
-3412
-3211
-3104
-3203
-2896
-2030
-1366
-1561
-2002
-2191
-2362
-3389
-4444
-5074
-5535
-6329
-6651
-5796
-4818
-4365
-4116
-3395
-2729
-2586
-2948
-3386
-3607
-3715
-3772
-3582
-2607
-1352
-355
532
1688
2785
3032
2573
2189
1916
1367
489
-257
-241
442
1359
2178
3328
4852
6006
6254
6136
6178
5923
5182
4526
4307
4021
3459
3289
3754
4369
4695
4889
4636
3922
3036
2505
1813
891
162
-112
-114
-283
-207
40
359
28
-424
-1047
-1976
-3016
-3227
-2701
-2466
-2713
-2703
-2022
-1596
-1743
-2163
-2613
-3605
-4824
-5591
-5726
-5994
-6496
-6539
-5758
-4678
-3797
-3059
-2470
-2215
-2402
-2628
-2702
-2897
-3346
-3491
-2874
-1828
-781
214
1229
1938
2482
2811
2569
1775
1059
821
284
-387
-401
635
1526
2255
3733
5401
5936
5556
5602
5982
5883
4997
4313
4027
3786
3462
3419
3636
3946
4376
4388
3858
3084
2505
1910
1145
410
62
-72
-442
-668
-462
115
186
-586
-1288
-1347
-1336
-1947
-2474
-2440
-2185
-1993
-1728
-1567
-1825
-2208
-2558
-3140
-4132
-4926
-5393
-5742
-6045
-5870
-5236
-4675
-4208
-3581
-2759
-2248
-2299
-2561
-2615
-2572
-2725
-3000
-2924
-2320
-1365
-346
525
1123
1635
2038
2041
1750
1473
1207
646
112
307
1224
1895
2094
2941
4404
5157
4842
4743
5256
5326
4483
3834
3859
3736
3406
3397
3831
4217
4379
4294
3911
3408
2933
2471
1516
555
218
440
84
-676
-714
-395
-441
-969
-1016
-809
-878
-1219
-1177
-865
-957
-1399
-1548
-1225
-1413
-2200
-2933
-3289
-3902
-4663
-5001
-4985
-5248
-5566
-5138
-4168
-3480
-3382
-3206
-2735
-2353
-2408
-2590
-2689
-2572
-2663
-2745
-2546
-1799
-960
-457
-118
275
851
1097
1069
749
624
550
349
261
757
1556
2109
2785
3588
4031
4107
4362
4722
4494
3994
3652
3419
3050
3143
3583
3776
3793
4071
4504
4323
3821
3248
2827
2101
1413
957
615
196
-297
-463
-580
-801
-1071
-1115
-871
-535
-475
-528
-365
-58
-118
-286
-412
-964
-1916
-2767
-3122
-3594
-4335
-4884
-4873
-4821
-4844
-4558
-3933
-3381
-3230
-3144
-2797
-2341
-2265
-2625
-2832
-2557
-2403
-2593
-2500
-1783
-1034
-785
-697
-318
206
421
511
441
310
348
386
386
554
1161
1733
2162
2656
3274
3680
3862
4081
4169
4086
3940
3782
3545
3379
3486
3650
3587
3474
3430
3245
2980
2850
2654
2276
1808
1492
1339
1163
758
175
-406
-674
-787
-1015
-1133
-976
-787
-621
-219
163
44
-206
-188
-287
-1121
-2170
-2888
-3552
-4220
-4528
-4381
-4479
-4629
-4336
-3698
-3335
-3236
-3088
-2765
-2479
-2500
-2491
-2469
-2274
-2173
-2136
-2025
-1649
-1248
-1017
-726
-439
-278
-147
147
275
147
213
533
599
445
706
1400
1899
1914
2074
2424
2916
3327
3473
3515
3675
3903
3767
3665
3822
3965
3618
3137
3016
2928
2484
1954
1806
1935
1732
1398
1309
1527
1468
1013
432
75
-98
-495
-800
-833
-704
-672
-508
-126
201
59
-314
-540
-750
-1355
-2130
-2821
-3450
-4041
-4439
-4349
-4029
-3783
-3783
-3801
-3447
-2980
-2657
-2535
-2303
-2153
-2155
-2032
-1659
-1402
-1469
-1420
-1133
-851
-947
-996
-702
-251
4
7
121
407
702
781
774
943
1292
1487
1532
1676
1959
2379
2757
3053
3283
3617
3795
3845
3797
3811
3724
3422
3072
2829
2472
1874
1469
1375
1308
1137
1023
1006
1158
1309
1212
952
764
524
-22
-582
-708
-631
-806
-950
-700
-508
-789
-1009
-831
-746
-1290
-1912
-2027
-2220
-2908
-3563
-3505
-3249
-3382
-3693
-3633
-3359
-3388
-3231
-2602
-1969
-1892
-2151
-2049
-1519
-1209
-1430
-1470
-1085
-892
-1019
-962
-561
-252
-138
122
528
811
917
912
916
1133
1507
1588
1270
1100
1393
1928
2272
2549
2854
3246
3491
3572
3534
3493
3391
3076
2707
2620
2639
2138
1444
1114
1212
1220
966
921
1094
1169
876
730
883
896
348
-330
-538
-547
-733
-1010
-990
-1036
-1520
-1963
-1774
-1343
-1470
-1836
-1908
-1845
-2087
-2403
-2458
-2489
-2827
-3237
-3268
-3118
-3155
-3128
-2810
-2295
-1904
-1703
-1562
-1363
-1246
-1233
-1189
-972
-796
-864
-756
-430
63
460
740
892
1137
1376
1466
1418
1396
1441
1414
1367
1322
1423
1774
2204
2444
2466
2610
2859
2945
2800
2744
2861
2795
2577
2419
2519
2446
1920
1294
1169
1272
974
561
404
378
50
-128
89
150
-272
-713
-772
-711
-791
-1077
-1307
-1518
-1886
-2275
-2314
-2100
-1947
-2000
-2025
-1815
-1703
-1830
-1962
-1935
-2039
-2329
-2583
-2758
-2811
-2741
-2480
-2194
-1863
-1509
-1247
-1016
-718
-414
-344
-397
-351
-258
-178
-76
188
534
874
1339
1757
1864
1759
1885
2049
1909
1529
1436
1508
1406
1368
1668
2149
2216
2071
2160
2418
2344
2054
2080
2359
2404
2208
2171
2261
2146
1754
1550
1455
1122
693
331
-30
-460
-660
-631
-717
-908
-1013
-964
-1019
-1146
-1238
-1334
-1533
-1899
-2265
-2546
-2537
-2385
-2220
-2104
-1828
-1713
-1658
-1588
-1445
-1495
-1850
-2173
-2453
-2608
-2664
-2496
-2230
-1848
-1476
-1172
-990
-646
-145
124
53
-58
10
164
266
337
582
874
1207
1438
1639
1910
2141
2091
1893
1797
1834
1664
1367
1183
1323
1695
1834
1763
1834
2028
1983
1809
1867
2085
1966
1697
1704
1919
1911
1778
1655
1613
1426
1004
508
89
-212
-497
-817
-1087
-1159
-1078
-1122
-1183
-1071
-1033
-1274
-1530
-1727
-1822
-2027
-2349
-2429
-2252
-2042
-1950
-1862
-1699
-1483
-1347
-1380
-1459
-1529
-1854
-2212
-2330
-2132
-1991
-2005
-1805
-1377
-1012
-750
-335
153
363
315
399
612
679
654
634
811
1019
1262
1556
1780
1992
2041
1993
1896
1862
1827
1593
1243
1097
1248
1404
1514
1585
1766
1830
1952
2099
2214
2202
2059
1924
1795
1762
1560
1291
1004
957
702
211
-263
-451
-475
-637
-817
-880
-871
-1059
-1211
-1214
-1039
-1079
-1364
-1618
-1787
-1841
-2044
-2153
-2205
-2223
-2198
-2135
-1982
-1849
-1771
-1757
-1516
-1396
-1526
-1818
-1915
-1961
-1997
-1978
-1865
-1655
-1458
-1158
-661
40
381
482
755
1110
1262
1103
1009
1064
1110
1007
1182
1477
1623
1449
1367
1484
1567
1526
1314
1208
1136
1129
1168
1342
1501
1679
1894
2133
2259
2392
2480
2413
2296
2005
1656
1306
889
527
447
312
-76
-523
-640
-603
-803
-1123
-1177
-927
-1062
-1264
-1210
-935
-911
-1152
-1115
-1176
-1301
-1456
-1550
-1504
-1546
-1753
-1871
-1744
-1576
-1546
-1621
-1629
-1548
-1475
-1516
-1505
-1582
-1807
-2012
-1771
-1359
-1145
-1053
-703
-115
391
747
1041
1453
1559
1479
1591
1532
1354
1210
1152
1251
1405
1357
1229
1254
1298
1240
1118
1037
975
882
880
1052
1365
1454
1511
1793
2077
2195
2224
2131
1989
1840
1420
967
606
345
129
-66
-346
-526
-650
-765
-866
-975
-1128
-1198
-1348
-1370
-1207
-1148
-1237
-1350
-1361
-1356
-1323
-1433
-1519
-1571
-1600
-1683
-1749
-1728
-1633
-1577
-1495
-1315
-1292
-1334
-1410
-1411
-1488
-1633
-1754
-1764
-1722
-1441
-993
-474
-124
168
648
1032
1335
1425
1550
1515
1347
1305
1327
1371
1291
1228
1223
1334
1432
1442
1456
1410
1358
1119
900
824
957
1199
1287
1407
1683
2003
2126
2111
2094
2073
1777
1452
1152
809
520
294
49
-181
-344
-459
-485
-669
-764
-811
-920
-995
-1115
-1055
-988
-1020
-1119
-1209
-1202
-1199
-1227
-1404
-1566
-1718
-1791
-1820
-1750
-1718
-1605
-1412
-1269
-1244
-1174
-989
-1021
-1184
-1374
-1343
-1285
-1308
-1222
-808
-429
-166
201
648
963
1042
1132
1301
1347
1170
1094
1031
1082
1101
1160
1293
1396
1405
1495
1590
1580
1487
1207
1024
952
927
922
1030
1204
1314
1268
1428
1619
1556
1227
954
852
660
389
203
135
-38
-314
-430
-509
-592
-779
-945
-1044
-1182
-1183
-1088
-1027
-1006
-944
-918
-1007
-1199
-1236
-1130
-1311
-1653
-1860
-1860
-1948
-2033
-1926
-1664
-1384
-1363
-1287
-1039
-865
-880
-934
-869
-768
-804
-802
-627
-308
-150
3
290
623
871
1020
1138
1189
1156
1094
1112
1091
989
944
1069
1322
1481
1519
1562
1616
1696
1608
1420
1290
1274
1211
1105
1206
1274
1216
1068
1128
1236
1213
903
625
500
287
80
-72
-131
-229
-384
-468
-386
-402
-610
-811
-902
-1013
-1093
-1080
-1013
-982
-937
-832
-781
-792
-785
-831
-1032
-1272
-1417
-1467
-1629
-1770
-1776
-1620
-1369
-1138
-990
-905
-766
-742
-741
-600
-493
-571
-662
-603
-286
52
252
416
658
906
1032
1187
1217
1131
932
832
889
928
918
882
1011
1157
1370
1544
1605
1575
1471
1357
1299
1326
1316
1272
1184
1183
1216
1183
1181
1140
1007
796
590
345
219
70
-64
-218
-398
-411
-277
-252
-351
-519
-687
-840
-1032
-1100
-1088
-1217
-1372
-1295
-1174
-1092
-1100
-1092
-1050
-1131
-1380
-1534
-1562
-1612
-1728
-1847
-1714
-1451
-1352
-1343
-1150
-929
-952
-1087
-1008
-838
-808
-865
-802
-626
-528
-435
-126
212
468
566
746
941
1024
1002
971
1014
965
954
1005
1119
1164
1264
1434
1514
1481
1483
1503
1517
1410
1383
1467
1460
1411
1475
1647
1629
1492
1393
1315
999
619
429
374
245
63
-37
-56
-22
36
37
47
-57
-279
-438
-643
-731
-741
-862
-973
-1003
-1094
-1142
-1171
-1104
-1093
-1289
-1449
-1476
-1457
-1500
-1469
-1433
-1331
-1238
-1196
-1053
-930
-916
-986
-956
-967
-1013
-1000
-896
-688
-544
-479
-279
76
322
527
578
640
705
677
734
791
792
783
794
850
1063
1242
1391
1345
1260
1260
1273
1270
1168
1153
1139
1101
1025
1135
1349
1408
1266
1192
1154
922
616
349
280
198
-42
-197
-129
-81
-109
-84
-96
-143
-254
-479
-578
-543
-657
-747
-784
-823
-846
-939
-955
-926
-1046
-1270
-1393
-1397
-1417
-1394
-1373
-1248
-1178
-1038
-810
-664
-677
-742
-777
-856
-905
-931
-900
-899
-919
-913
-670
-374
-108
126
299
426
485
527
619
693
589
565
575
552
616
753
909
1000
1003
994
1100
1125
1060
977
975
1017
989
938
1009
1112
1138
1104
1159
1243
1069
732
541
519
457
277
68
20
84
80
88
105
149
85
-92
-202
-193
-213
-342
-443
-433
-416
-531
-624
-569
-524
-657
-846
-944
-923
-964
-1012
-966
-853
-750
-708
-593
-492
-546
-682
-776
-817
-818
-813
-829
-872
-843
-722
-526
-322
-185
-57
-12
40
104
161
113
50
100
216
226
222
373
494
511
471
554
624
635
611
616
674
709
686
715
791
892
894
901
941
967
959
820
714
593
436
372
295
179
201
238
230
162
131
157
165
72
11
-1
-72
-167
-252
-203
-151
-223
-363
-340
-341
-417
-545
-659
-706
-750
-782
-753
-671
-547
-495
-587
-636
-631
-661
-786
-860
-828
-842
-973
-985
-808
-623
-542
-450
-318
-225
-253
-217
-90
-105
-181
-236
-168
-91
-34
42
186
273
272
314
411
513
487
498
552
612
665
715
762
770
733
807
877
848
800
763
702
634
607
544
537
474
409
391
450
473
406
331
300
292
236
225
232
226
126
92
100
75
-37
-187
-232
-246
-320
-401
-405
-445
-459
-472
-414
-290
-185
-192
-212
-210
-219
-315
-417
-395
-453
-604
-704
-660
-587
-449
-368
-333
-355
-403
-387
-318
-322
-363
-426
-511
-526
-424
-316
-308
-231
-140
-75
-53
20
111
172
234
283
323
400
385
345
310
289
292
194
111
154
212
205
134
147
269
299
218
182
214
253
247
238
346
415
335
300
338
363
361
323
317
288
152
37
35
34
-23
-120
-104
-97
-68
14
45
121
146
183
187
194
186
129
63
-13
-72
-123
-226
-338
-367
-318
-233
-181
-162
-184
-240
-330
-311
-278
-278
-364
-460
-446
-392
-374
-359
-277
-197
-162
-120
-44
33
88
99
103
129
151
123
23
-38
17
-14
-143
-154
-99
-29
-50
-8
94
163
115
32
105
129
85
70
145
179
240
228
279
329
348
306
297
295
220
179
120
57
17
9
-13
10
35
140
247
325
363
369
345
289
285
215
99
27
-42
-119
-174
-206
-237
-279
-270
-247
-226
-220
-231
-220
-234
-296
-383
-410
-397
-457
-469
-477
-464
-381
-330
-258
-180
-181
-155
-82
-50
-58
-60
-38
-87
-156
-188
-183
-207
-248
-250
-168
-130
-116
-64
29
89
20
20
78
72
56
86
129
151
172
214
304
396
455
449
408
409
401
359
368
342
280
294
309
346
428
451
474
517
508
524
539
510
442
400
353
306
280
244
235
122
-15
-29
48
51
-4
-71
-46
-34
-135
-239
-281
-300
-438
-516
-470
-436
-469
-510
-479
-355
-316
-332
-285
-255
-266
-369
-378
-350
-430
-593
-666
-617
-579
-550
-537
-468
-358
-279
-249
-216
-179
-154
-193
-183
-144
-140
-126
-137
-74
21
95
116
175
203
237
252
292
385
416
402
402
485
511
549
580
612
663
687
652
593
553
544
565
531
483
455
451
387
313
314
282
205
110
80
92
91
48
59
42
-1
-99
-171
-195
-314
-402
-458
-476
-487
-464
-441
-399
-391
-354
-313
-289
-316
-383
-397
-448
-515
-602
-672
-733
-747
-734
-680
-614
-554
-478
-388
-317
-212
-130
-157
-176
-168
-123
-99
-138
-160
-148
-119
-17
50
89
102
109
172
272
376
413
465
511
585
642
678
756
778
784
745
699
665
657
635
639
659
650
647
641
605
574
575
521
442
341
254
217
161
98
69
58
14
-67
-114
-137
-204
-263
-315
-316
-348
-370
-354
-359
-353
-373
-375
-409
-423
-472
-511
-531
-553
-598
-671
-718
-701
-760
-779
-650
-530
-492
-470
-397
-279
-223
-278
-261
-225
-238
-233
-187
-98
-59
-23
8
90
151
186
212
248
286
290
295
329
372
392
422
458
495
503
493
434
353
330
352
361
409
439
481
525
538
549
538
545
457
357
264
193
110
-1
-107
-118
-80
-126
-184
-187
-167
-193
-238
-272
-236
-235
-280
-321
-264
-218
-251
-308
-317
-318
-395
-435
-451
-430
-457
-452
-447
-422
-397
-356
-320
-304
-286
-247
-216
-223
-206
-182
-132
-132
-123
-99
-58
9
39
49
121
171
192
203
225
270
274
265
316
405
415
437
480
536
499
418
346
306
283
222
217
301
360
402
455
499
536
544
501
452
340
188
128
72
-11
-98
-200
-183
-192
-223
-159
-112
-106
-134
-101
-38
-53
-124
-165
-116
-143
-222
-263
-271
-344
-452
-473
-434
-452
-518
-491
-420
-378
-387
-347
-268
-250
-306
-319
-243
-156
-159
-214
-139
-66
-71
-73
6
61
67
64
116
176
174
124
104
176
186
165
134
176
218
268
288
317
314
259
236
225
204
179
144
156
201
219
267
325
368
367
361
326
255
126
31
-46
-116
-217
-268
-263
-293
-304
-276
-217
-172
-110
-91
-57
-38
-58
-79
-105
-106
-117
-148
-202
-234
-287
-374
-398
-400
-421
-427
-358
-305
-300
-286
-197
-132
-130
-171
-130
-83
-80
-66
1
98
71
28
57
180
203
179
204
282
266
199
205
278
292
208
192
223
235
222
284
322
303
271
240
243
277
258
239
268
292
336
356
395
407
413
374
316
257
152
42
-47
-47
-101
-173
-248
-257
-229
-197
-175
-153
-81
-49
-10
26
66
76
40
-11
-37
-66
-86
-159
-260
-344
-420
-440
-473
-474
-428
-368
-409
-397
-298
-222
-218
-205
-169
-125
-123
-119
-40
-12
45
1
18
99
105
46
52
98
68
-31
-57
-6
11
-33
-45
1
57
99
127
139
151
138
110
100
114
97
89
137
221
251
288
358
373
345
315
268
176
74
-28
-111
-184
-225
-255
-275
-264
-253
-219
-163
-128
-82
-27
-7
27
95
139
146
129
128
143
134
36
-32
-115
-193
-279
-361
-354
-331
-294
-273
-171
-123
-76
-19
-1
33
46
66
79
71
70
117
120
114
137
162
151
85
67
76
25
-30
-61
-104
-80
-54
-41
16
101
165
166
197
216
168
94
75
83
115
131
140
197
256
282
304
325
284
232
164
71
-5
-96
-156
-224
-250
-250
-248
-204
-147
-136
-119
-86
-68
-57
-2
41
58
29
43
67
42
8
-39
-129
-224
-326
-424
-467
-490
-506
-488
-434
-359
-265
-192
-98
-39
-40
-4
86
113
104
88
101
138
132
158
200
212
164
178
174
136
71
25
26
53
72
69
121
178
236
277
297
286
242
194
154
149
134
150
198
226
258
305
320
287
257
203
151
72
-11
-83
-144
-207
-259
-260
-228
-221
-230
-183
-131
-88
-84
-77
-20
-3
-6
20
42
20
22
-15
-42
-102
-175
-250
-316
-375
-413
-422
-396
-334
-275
-199
-146
-100
-50
-32
-34
25
57
32
15
33
75
67
18
7
55
70
60
55
53
26
-27
-52
2
21
20
35
97
165
172
202
196
161
84
44
21
33
13
-5
12
26
78
114
108
82
59
47
-20
-88
-112
-121
-153
-180
-150
-136
-132
-143
-115
-48
-12
-20
0
60
105
113
159
208
205
180
180
156
109
54
12
-40
-99
-117
-130
-109
-84
-18
40
107
161
201
204
186
208
230
213
140
131
145
134
59
61
42
24
-28
-94
-59
-73
-102
-133
-119
-66
-50
-32
17
73
54
40
44
17
-23
-74
-94
-91
-109
-121
-91
-90
-75
-56
-68
-73
-67
-81
-118
-134
-174
-190
-193
-183
-169
-134
-113
-143
-130
-76
-53
-47
0
46
53
63
106
145
149
106
105
77
52
26
9
15
-4
-46
-60
-35
-27
-9
-7
56
114
129
108
120
142
142
115
95
84
89
88
38
21
33
11
-29
-53
-49
-22
-65
-123
-103
-45
-50
-37
7
66
79
61
63
56
27
-30
-62
-61
-58
-91
-78
-53
-38
-29
-47
-51
-55
-74
-85
-117
-142
-138
-145
-149
-140
-111
-58
-51
-26
-9
30
43
61
98
132
115
104
121
106
87
38
51
38
20
25
20
8
2
4
30
80
84
85
98
108
88
54
78
93
69
73
108
133
126
109
90
68
20
9
-5
-26
-43
-60
-65
-80
-100
-100
-53
-32
-13
27
76
72
39
55
59
19
-6
-12
-30
-38
-54
-45
-26
-37
-43
-2
-17
-53
-55
-67
-88
-107
-117
-130
-118
-127
-97
-83
-98
-99
-63
-50
-45
-23
-20
-19
-40
-63
-55
-59
-98
-105
-104
-107
-115
-115
-73
-43
-49
-59
-38
-12
-21
3
35
79
63
42
69
92
123
135
151
166
151
121
124
107
103
83
59
60
104
105
57
64
52
68
100
116
132
140
126
89
98
106
71
30
-2
-14
-27
-22
-22
-28
-18
-27
-10
-26
-30
-26
-56
-87
-108
-119
-135
-139
-153
-111
-84
-64
-50
-42
-19
-17
-16
32
49
4
-12
-33
-27
-56
-73
-46
-33
-41
-36
-11
-10
-15
-10
-23
17
21
35
62
76
97
104
110
124
125
80
99
102
89
94
67
51
38
10
-13
-11
-10
-42
-43
-37
-37
-32
-51
-45
-21
15
11
10
-2
-5
-37
-70
-108
-107
-116
-113
-93
-109
-99
-103
-108
-117
-137
-130
-95
-119
-129
-129
-127
-151
-142
-118
-92
-47
-76
-53
-3
10
-16
1
3
-23
-19
-12
-4
0
-3
-4
27
43
28
8
8
21
46
60
83
126
154
146
169
192
232
219
236
222
229
248
203
221
239
240
229
230
207
202
189
156
131
99
80
60
41
48
71
91
114
120
129
107
81
63
40
26
-13
-26
-49
-61
-87
-90
-68
-90
-98
-132
-161
-182
-204
-232
-241
-251
-249
-220
-203
-162
-159
-168
-142
-137
-107
-111
-123
-128
-153
-117
-99
-123
-103
-114
-107
-126
-98
-137
-167
-182
-195
-190
-177
-165
-165
-113
-68
-28
-19
15
47
31
47
45
44
53
-17
-12
2
27
10
33
56
60
38
6
-16
-43
-38
-57
-41
8
7
71
98
106
130
119
115
128
142
124
103
74
93
105
142
138
129
131
115
146
120
83
70
12
22
41
15
55
83
77
123
145
124
141
121
119
142
74
65
82
60
26
56
17
-11
9
-35
-39
-78
-120
-125
-118
-126
-139
-104
-76
-78
-35
0
32
46
32
19
38
38
30
35
21
48
43
64
69
65
38
8
36
16
8
12
6
4
13
26
36
39
33
74
95
55
76
83
24
-4
0
18
17
25
3
17
15
-56
-45
-54
-80
-104
-111
-95
-100
-96
-119
-74
-66
-79
-67
-79
-76
-85
-112
-102
-109
-140
-136
-151
-158
-118
-106
-128
-111
-128
-163
-165
-177
-167
-164
-181
-126
-94
-86
-69
-19
-4
15
12
7
14
7
-9
-3
-2
17
36
41
60
34
39
33
46
45
50
74
66
75
74
88
100
79
94
87
90
58
91
94
73
71
49
94
87
109
98
110
129
106
92
87
71
25
-9
-12
2
-4
3
24
28
19
14
23
31
36
46
33
19
20
52
54
48
28
9
10
1
-1
-28
-31
-36
-50
-38
-36
-20
-12
2
31
33
40
33
39
70
52
27
16
15
7
16
31
53
60
59
44
50
55
45
18
45
61
94
104
106
114
81
93
71
38
9
-23
-17
-38
-54
-60
-44
-21
-33
-43
-47
-36
-58
-77
-100
-118
-164
-197
-175
-164
-167
-172
-125
-116
-108
-82
-75
-58
-68
-64
-34
-55
-79
-58
-47
-50
-34
-29
-44
-77
-85
-93
-95
-99
-120
-112
-96
-74
-65
-52
-16
-31
-16
6
16
35
25
24
30
26
25
19
10
2
-8
15
3
-3
-1
18
-1
6
20
25
30
51
61
81
87
78
57
53
48
20
6
-2
20
24
57
47
81
77
87
93
59
44
47
40
26
23
8
9
13
18
49
55
47
55
83
93
129
138
144
172
177
178
168
160
137
99
64
38
-4
-20
-25
-26
-30
-35
-15
-23
-29
-10
-20
-30
-30
-51
-30
-18
-44
-37
-40
-34
-30
-36
-21
-31
-52
-80
-83
-107
-121
-89
-105
-87
-77
-57
-57
-35
1
-19
-3
-28
-46
-56
-54
-51
-61
-47
-63
-28
-8
2
16
-2
23
26
28
31
25
23
1
12
0
32
10
0
1
6
13
0
-7
-5
16
-1
14
24
46
15
3
-2
-46
-48
-76
-112
-100
-110
-143
-156
-117
-119
-116
-94
-95
-62
-62
-46
-23
-4
-14
-10
11
9
34
30
39
36
22
31
28
11
-8
6
4
34
65
73
77
75
97
110
118
123
131
123
93
75
69
71
66
58
85
103
79
76
67
65
83
66
74
93
97
61
35
47
48
56
39
34
27
28
9
-9
-7
5
8
16
33
41
53
23
9
-7
-42
-54
-91
-90
-107
-115
-76
-97
-102
-98
-102
-116
-96
-94
-90
-82
-46
-37
-48
-26
-29
-16
-35
-54
-52
-62
-88
-76
-80
-77
-76
-56
-51
-36
-24
-19
7
-7
12
28
31
43
32
24
55
22
36
48
42
26
43
37
33
23
14
29
33
46
58
93
92
77
73
71
53
33
36
46
23
28
7
-8
6
-11
-8
-16
-19
-28
-44
-64
-85
-117
-136
-135
-175
-178
-182
-186
-140
-140
-130
-114
-113
-115
-109
-84
-89
-77
-64
-68
-28
-17
-5
23
30
29
45
30
53
30
14
39
44
64
89
119
137
169
158
163
173
184
179
195
175
160
160
160
156
147
151
136
131
111
106
90
88
78
80
78
96
96
82
96
100
70
78
55
13
12
-22
-17
-25
-20
-31
-14
-14
-16
-12
-33
-44
-53
-94
-100
-102
-112
-117
-114
-85
-60
-80
-96
-104
-110
-123
-158
-158
-158
-156
-143
-126
-119
-132
-136
-148
-142
-143
-137
-137
-149
-144
-153
-149
-130
-123
-107
-61
-53
-25
12
2
5
4
-20
-10
9
19
7
29
26
19
31
39
55
54
39
43
24
21
18
32
67
85
100
94
98
84
100
88
79
72
70
68
89
82
93
100
78
74
72
84
60
56
61
49
25
23
25
39
38
56
57
57
62
44
31
15
9
1
0
3
12
10
13
20
37
47
37
20
2
-15
-30
-36
-59
-61
-36
-32
-24
6
14
14
40
44
55
46
40
39
50
54
48
54
44
8
-1
0
-8
9
19
18
23
28
23
17
2
4
6
17
2
14
-4
-32
-37
-50
-59
-55
-48
-49
-48
-40
-53
-66
-52
-75
-66
-75
-67
-61
-89
-83
-75
-78
-72
-57
-68
-74
-65
-89
-105
-107
-100
-116
-106
-75
-65
-64
-68
-61
-73
-70
-78
-84
-77
-88
-93
-74
-71
-40
-39
-9
11
17
32
26
42
9
8
5
28
39
61
72
72
84
44
61
49
34
31
37
47
41
63
69
71
98
108
126
139
145
138
135
128
116
93
90
78
87
85
89
93
58
63
89
91
73
68
71
74
30
38
41
32
12
4
17
8
-1
-11
-19
-13
-17
-53
-58
-50
-43
-60
-64
-46
-59
-95
-68
-46
-59
-46
-58
-63
-72
-72
-78
-82
-50
-62
-51
-36
-42
-36
-57
-51
-57
-45
-38
-46
-28
-34
-47
-30
-60
-66
-63
-77
-83
-64
-33
-29
-1
9
12
46
61
61
83
77
60
51
55
37
21
36
32
20
26
24
11
18
15
1
5
16
18
25
33
46
31
41
45
34
39
14
-11
-34
-56
-56
-69
-79
-48
-39
-46
-51
-20
-19
-17
1
-16
-13
-37
-53
-45
-32
-37
-13
14
28
20
16
13
-15
-21
-7
-9
6
7
5
1
9
30
23
12
-11
-12
-9
-57
-67
-57
-48
-49
-21
9
38
52
83
102
98
109
94
96
93
86
90
101
95
93
82
70
57
31
26
26
19
33
38
39
38
39
41
60
82
78
84
40
19
8
-13
-15
-24
-23
-35
-32
-32
-27
-43
-43
-59
-53
-59
-77
-88
-79
-67
-86
-72
-39
-48
-39
-31
-59
-53
-53
-73
-61
-67
-87
-83
-67
-78
-57
-52
-41
-39
-40
-63
-72
-43
-52
-60
-39
-13
-29
-12
13
20
10
14
15
24
55
53
50
64
51
45
61
52
43
41
32
23
33
19
29
17
20
49
44
43
32
56
61
58
47
39
29
17
15
-1
9
15
-10
-5
-2
-13
-15
-12
-5
-13
-22
-38
-37
-34
-16
-21
-23
-9
4
4
6
9
8
-10
-26
-35
-22
-24
-28
-21
-16
-18
-18
-10
-8
-14
-13
-21
-27
-34
-39
-30
-25
-14
-15
0
-3
4
-12
-2
-14
-28
-15
-18
-8
-7
-10
-17
-17
-21
-11
-3
-4
0
5
3
2
14
12
14
19
25
31
47
58
60
45
46
57
37
49
51
43
43
40
29
36
25
18
42
46
45
47
39
42
37
36
51
71
78
78
88
84
90
71
73
60
37
37
39
21
29
19
-10
-11
-19
-45
-48
-59
-65
-61
-68
-59
-47
-45
-51
-38
-34
-41
-48
-59
-60
-62
-63
-75
-78
-79
-89
-87
-90
-86
-73
-84
-84
-68
-68
-71
-72
-70
-69
-70
-63
-42
-36
-26
-7
-7
0
6
1
16
28
22
20
21
19
4
17
12
14
19
11
22
18
4
5
8
20
27
38
52
57
73
66
68
74
71
63
51
28
20
17
-6
3
-2
-20
-22
-20
-22
-16
-16
-23
-17
-15
-28
-38
-35
-34
-36
-41
-42
-35
-42
-49
-51
-34
-30
-25
-24
-8
7
7
20
13
9
17
15
8
18
18
24
38
40
54
67
69
75
84
74
78
71
74
83
76
81
78
79
85
99
104
96
102
100
91
82
70
46
49
47
42
44
50
38
35
39
35
30
10
1
-24
-36
-50
-62
-84
-85
-81
-86
-87
-81
-70
-85
-80
-77
-73
-77
-84
-78
-81
-83
-87
-93
-91
-86
-100
-89
-87
-96
-88
-86
-88
-96
-90
-103
-104
-88
-82
-67
-52
-56
-49
-38
-47
-32
-18
-21
-6
10
7
13
24
23
25
26
34
42
39
46
46
59
60
53
63
72
73
71
68
68
77
73
75
81
84
84
84
75
69
68
68
67
62
66
65
50
52
37
27
20
11
7
5
6
-10
-4
-17
-10
-7
-5
-8
-3
-6
-13
2
-22
-14
-16
-39
-39
-33
-40
-41
-43
-43
-30
-32
-37
-36
-30
-26
-36
-15
-18
-19
-24
-22
-25
-20
-19
-13
-11
-19
-7
-15
-17
-9
-6
3
4
5
19
20
24
14
32
29
21
27
27
26
24
32
25
34
39
39
33
34
35
31
26
22
12
25
17
6
17
-2
-13
-6
-7
-25
-13
-18
-24
-25
-27
-21
-24
-24
-23
-23
-29
-27
-41
-49
-43
-35
-40
-45
-40
-42
-50
-51
-46
-49
-49
-58
-45
-49
-40
-33
-16
-24
-22
-17
-12
2
0
9
6
13
13
12
12
23
17
17
24
28
34
39
41
48
47
49
53
48
53
51
55
49
43
53
55
55
59
66
58
47
45
50
46
35
43
29
24
30
22
25
22
17
11
11
6
9
1
-3
-7
0
-2
1
-12
-19
-14
-24
-20
-23
-17
-23
-27
-32
-32
-43
-48
-52
-53
-58
-60
-50
-60
-54
-63
-59
-49
-50
-45
-48
-53
-59
-61
-61
-56
-55
-56
-50
-49
-45
-46
-37
-38
-38
-38
-43
-29
-26
-16
-15
-12
-16
-2
7
7
17
21
19
22
37
29
35
47
43
51
54
54
57
65
65
68
71
66
57
64
72
60
64
63
51
51
43
40
46
37
29
34
28
22
26
20
17
14
6
2
-2
-12
-23
-28
-27
-35
-33
-30
-34
-29
-32
-35
-36
-35
-35
-32
-36
-31
-28
-29
-19
-13
-7
-5
-4
-4
3
1
0
9
12
17
19
22
25
32
25
25
30
39
35
33
35
26
22
17
14
17
16
15
18
10
13
10
6
2
7
7
3
1
-3
-8
-12
-14
-16
-17
-27
-23
-26
-27
-24
-26
-37
-34
-31
-33
-33
-25
-34
-30
-34
-37
-27
-33
-24
-26
-29
-31
-27
-34
-28
-24
-23
-26
-29
-30
-25
-22
-20
-15
-17
-7
-7
-4
-7
-2
0
4
8
1
-2
-1
7
4
13
18
18
21
23
32
39
51
41
36
47
47
35
42
45
38
30
31
27
25
27
25
23
20
16
9
11
12
13
19
14
6
5
5
7
8
8
8
8
2
-4
-2
-5
-18
-20
-16
-21
-28
-21
-23
-22
-19
-23
-22
-18
-24
-23
-20
-22
-26
-28
-29
-29
-22
-28
-23
-22
-24
-20
-20
-16
-8
-8
-6
-10
-2
-1
-3
-5
-8
-4
-10
-4
-4
3
6
17
7
17
18
16
22
17
22
28
28
27
34
27
24
17
23
16
15
23
13
18
12
10
20
15
16
17
18
13
10
6
6
7
2
-5
-12
-4
-9
-8
-6
-4
-5
-11
-11
-16
-11
-19
-21
-19
-16
-23
-19
-20
-14
-14
-18
-13
-8
-7
-6
-6
-9
-11
-23
-22
-16
-7
-11
-10
-7
-3
-9
-13
-6
-2
0
0
4
-1
4
-2
-3
-1
2
1
2
8
5
7
9
12
17
18
17
20
23
21
23
29
24
22
22
14
18
21
23
23
22
21
23
19
20
19
21
18
22
20
18
14
16
11
8
8
-4
-2
-6
-12
-14
-17
-20
-21
-24
-30
-33
-35
-37
-34
-30
-20
-19
-21
-20
-16
-21
-18
-21
-19
-20
-22
-13
-16
-16
-10
-15
-16
-8
-11
-16
-16
-18
-15
-8
-6
-1
2
5
11
15
13
13
12
11
7
14
18
15
11
8
9
5
9
2
-3
-2
1
-1
5
8
10
5
12
13
20
23
22
20
10
17
12
10
14
12
8
9
7
8
9
10
10
7
5
1
-6
-4
-4
-13
-6
-1
-4
-1
1
6
12
10
12
11
4
8
3
0
1
-5
-8
-10
-15
-16
-16
-24
-21
-19
-20
-13
-10
-8
-7
-5
-1
1
1
4
1
-4
-3
-11
-10
-6
-6
-5
-6
-10
-10
-9
-10
-15
-11
-10
-8
-8
-13
-10
-8
-10
-10
-10
-12
-5
-3
-9
-6
-6
-9
-7
-7
-8
-4
-10
-10
-5
-9
-10
-12
-10
-12
-14
-10
-9
-8
-7
-6
-6
-1
4
9
16
19
19
25
21
26
24
26
29
26
26
24
24
26
22
20
23
19
17
11
12
19
19
16
16
19
17
14
11
12
12
10
3
8
8
0
5
9
3
6
9
0
4
2
0
4
6
-2
1
4
-1
4
6
-1
-4
-2
-3
-4
-3
-1
-2
4
0
5
2
3
3
3
2
-7
-9
-11
-10
-13
-10
-11
-4
-12
-13
-10
-8
-9
-10
-8
-11
-7
-14
-11
-12
-17
-16
-15
-20
-22
-20
-26
-33
-34
-28
-32
-30
-29
-31
-24
-19
-13
-8
-2
-5
0
-2
-2
-2
-9
-3
0
-5
-5
0
-4
-4
4
3
1
7
5
3
4
4
3
6
6
9
10
11
14
12
17
16
21
20
18
21
20
15
18
14
13
11
6
6
4
0
3
5
1
4
-1
0
5
9
9
11
13
11
14
14
12
13
10
9
16
11
7
9
7
3
0
1
-2
-1
-1
-7
-7
-8
-6
-4
-7
-2
-3
-12
-9
-6
-12
-11
-12
-15
-9
-9
-11
-8
-6
-10
-6
-5
-6
-8
-7
-6
-2
-6
-11
-3
-4
-3
-4
1
6
6
2
5
4
0
5
-1
1
5
4
4
7
9
5
8
9
5
7
10
8
8
7
7
8
8
7
5
6
3
4
4
2
5
1
4
5
3
0
3
-1
-3
0
-2
-4
-3
-1
-5
0
-1
2
3
2
5
9
7
7
6
1
-2
-6
-9
-9
-11
-12
-10
-10
-9
-9
-12
-11
-9
-9
-7
-8
-6
-8
-9
-12
-8
-11
-11
-9
-10
-11
-14
-14
-16
-18
-17
-12
-15
-15
-10
-5
-3
0
-1
-2
-1
-4
-1
2
2
2
1
2
1
8
6
8
9
7
8
8
7
8
10
7
6
7
6
7
7
2
4
5
3
8
14
12
15
11
13
15
14
11
10
10
7
7
3
2
4
3
1
5
4
2
0
1
1
-2
-4
-6
-6
-1
-3
-1
-1
-2
-4
-3
-1
-6
-3
-5
-5
-6
-7
-3
-4
-1
-1
-1
1
0
0
0
2
6
5
5
6
7
6
7
9
4
1
5
5
4
9
7
6
5
2
3
5
5
4
3
3
2
4
4
0
-1
-2
-4
-4
-1
-1
0
2
-1
-1
-4
-9
-11
-8
-12
-10
-8
-10
-7
-12
-13
-13
-13
-13
-16
-18
-13
-14
-15
-13
-12
-10
-9
-3
-2
0
-6
-2
1
-3
-1
-3
-1
0
0
4
-1
1
0
1
3
2
4
9
5
5
7
5
8
8
8
13
16
14
14
14
14
13
14
11
12
11
11
7
9
8
5
6
5
3
3
1
-2
0
0
0
-2
-2
-7
-4
-5
-8
-7
-7
-5
-6
-6
-4
-5
-5
-1
-6
-3
-1
-4
-7
-5
-7
-8
-5
-7
-4
-3
-4
0
0
-5
-2
-6
-7
-3
-6
-4
0
-3
-4
-1
-1
1
3
1
7
5
8
10
8
10
8
8
10
11
12
12
11
11
9
9
10
7
7
7
3
0
3
-1
-5
-3
-3
-5
-3
-5
-1
-5
-5
-2
-2
-4
-3
-2
-3
-7
-7
-8
-10
-10
-8
-10
-12
-12
-12
-14
-14
-8
-7
-7
-4
-8
-6
-6
-8
-4
-6
-6
-4
-2
-2
3
3
3
6
2
3
7
4
0
3
0
-1
2
0
2
3
-4
-3
0
-4
-6
-2
-5
-7
-8
-9
-4
-6
-4
-1
-1
0
3
4
5
5
5
4
3
3
1
0
4
4
2
3
3
5
6
11
11
11
14
17
15
22
19
17
18
16
16
16
12
11
11
13
14
11
12
12
8
8
9
8
9
6
7
4
3
1
-2
-3
-5
-5
-7
-10
-11
-12
-15
-14
-16
-15
-13
-11
-11
-12
-8
-11
-14
-15
-13
-14
-16
-12
-14
-17
-13
-10
-9
-9
-9
-10
-9
-11
-9
-7
-11
-7
-5
-6
-4
-4
-7
-3
-2
-5
1
1
-1
1
3
4
7
6
7
9
10
9
7
9
7
5
9
6
9
9
8
7
7
5
5
7
5
8
9
7
6
9
3
4
5
3
6
8
9
4
4
5
-1
1
1
-4
-3
-4
-5
-5
-5
-8
-6
-6
-6
-2
-2
1
1
3
1
-1
2
-1
-1
3
0
-2
0
-3
-1
1
2
1
0
1
2
1
0
-1
-3
-2
-3
-3
-2
-2
-4
-5
-3
-3
-6
-3
-1
-4
-3
-4
-1
-4
-5
-3
-1
0
-1
-2
-1
-3
-4
-3
0
0
1
2
4
4
2
3
-1
1
-1
0
-2
-3
-3
-4
-5
-4
-1
-2
0
1
-1
-1
-5
-4
-2
-3
-5
-3
-3
-5
-4
0
2
4
4
4
5
6
7
6
6
4
4
4
5
3
3
2
2
1
4
3
4
3
2
4
4
6
4
5
2
2
0
2
-1
-2
-1
-5
-3
-3
-3
-4
-2
-1
-1
-1
1
0
-2
-1
-2
-5
-6
-4
-6
-3
0
0
-1
0
-1
-2
2
2
4
4
3
6
6
7
7
9
8
7
6
3
2
3
5
3
3
2
4
3
3
6
6
9
8
6
7
7
5
4
5
4
6
2
2
4
-1
1
-3
-4
-3
-5
-6
-7
-5
-7
-6
-7
-10
-7
-11
-13
-13
-13
-11
-11
-15
-11
-9
-11
-8
-7
-10
-7
-8
-7
-8
-5
-4
-4
-5
-2
-2
-2
-2
-1
-3
-2
-1
-2
-5
-6
-5
-4
-5
-4
-3
-4
-1
-4
0
-2
-2
-2
-3
-5
-3
-1
-2
3
3
5
8
9
11
12
9
8
9
6
4
5
3
3
4
5
5
4
5
8
9
6
9
8
7
7
7
7
7
5
7
6
7
8
9
8
8
7
5
6
5
5
6
7
2
5
2
0
-1
-1
-1
-1
-4
-6
-5
-8
-8
-6
-4
-4
-2
-2
-4
-2
-2
-2
-3
-4
-3
-3
-5
-4
-3
-4
-3
-1
-2
-4
0
-2
-3
-4
-3
-3
-1
-1
-1
-2
1
0
-1
3
1
1
1
0
1
1
1
3
3
3
2
2
-2
-2
-2
-3
0
1
2
2
1
2
2
-3
-3
-3
-5
-6
-5
-5
-6
-7
-7
-8
-8
-6
-7
-7
-6
-7
-7
-9
-10
-10
-11
-12
-12
-13
-14
-11
-8
-8
-6
-6
-3
-4
-5
-2
-4
-2
-1
-1
0
2
2
2
3
3
8
8
11
15
18
18
19
17
17
17
17
19
16
16
15
14
15
16
15
15
16
13
12
13
12
9
15
14
12
12
10
7
8
6
1
4
1
-1
-1
-4
-5
-4
-6
-5
-5
-3
-4
-4
-3
-7
-5
-7
-8
-9
-12
-12
-11
-14
-15
-15
-17
-14
-15
-12
-9
-9
-9
-9
-12
-10
-9
-9
-9
-7
-10
-13
-12
-10
-10
-9
-7
-8
-2
-1
-1
-1
-1
1
2
2
2
3
2
4
3
2
1
4
2
5
7
7
7
6
8
9
8
8
5
4
4
-1
-2
1
-1
-3
-2
-1
-1
-1
-4
-4
-4
-2
-6
-5
-3
-6
-4
-2
-2
-2
-3
-5
-4
-3
-5
-4
-3
-2
-4
-5
-5
-5
-2
-1
0
2
2
0
0
4
5
6
4
4
4
3
4
6
7
5
3
5
5
6
8
7
11
8
7
9
6
4
4
4
3
3
4
3
3
2
2
3
0
2
-1
1
2
2
2
3
3
1
5
5
3
4
4
5
6
7
5
6
7
6
5
4
0
0
0
-1
1
1
2
1
0
2
1
5
4
0
2
1
-1
-2
-4
-5
-6
-6
-7
-4
-4
-4
-4
-4
-5
-4
-4
-5
-5
-7
-6
-8
-7
-7
-4
-5
-3
-2
-6
-3
-4
-3
-5
-4
-2
-2
-2
-2
0
-5
-4
-6
-5
-4
-3
-2
-3
-2
1
0
-2
-3
-3
-1
-1
-1
-2
0
1
1
-2
0
-3
-4
-1
-1
-1
0
-1
2
1
0
-1
-3
-6
-5
-5
-5
-4
-6
-1
-2
-3
-4
-4
-6
-5
-7
-6
-3
-4
-6
-3
-4
-3
-1
0
4
5
4
4
5
6
6
6
5
5
8
8
10
10
9
12
13
12
12
10
12
9
9
8
9
10
8
8
7
6
7
8
9
7
7
7
7
9
7
7
5
7
6
4
4
4
1
-2
-1
-4
-4
-4
-4
-1
-4
-5
-6
-7
-9
-10
-7
-8
-8
-9
-8
-10
-11
-10
-9
-10
-10
-7
-7
-6
-6
-8
-6
-8
-9
-11
-12
-12
-9
-7
-7
-5
-5
-3
-4
-4
-4
-5
-2
-2
-2
2
2
2
2
1
1
0
0
2
4
5
5
3
4
5
4
2
3
2
2
2
4
6
3
3
5
5
4
7
5
4
3
5
3
4
5
5
3
6
6
7
6
5
5
3
1
-1
0
1
1
2
3
3
1
0
0
0
1
2
3
1
1
1
2
0
0
-1
-1
-1
0
1
2
3
4
3
2
5
1
2
5
4
1
2
2
1
0
-1
-2
-3
-4
-4
-2
0
0
3
3
1
0
-2
-2
-4
-4
-3
-1
-3
-3
-3
-5
-3
-8
-8
-7
-6
-7
-7
-7
-6
-4
-5
-5
-5
-6
-5
-5
-7
-5
-4
-5
-3
-6
-4
-5
-4
-3
-3
-2
-3
-3
-1
-2
-2
-2
-1
0
2
4
5
5
3
4
2
2
1
0
1
1
2
2
5
7
6
3
3
2
-1
0
0
-2
-4
-4
-3
-2
-3
-1
0
1
1
3
4
4
1
3
3
3
3
4
5
5
4
2
4
3
4
6
7
6
5
8
5
6
6
3
3
2
0
0
2
2
1
3
2
1
2
0
0
0
0
0
-1
-1
-2
0
0
1
2
2
1
2
2
4
4
5
4
5
5
4
4
3
4
6
6
4
4
4
2
3
2
0
-1
-1
0
-1
-1
0
-1
-2
-2
-3
-3
-5
-5
-5
-5
-5
-6
-7
-7
-7
-8
-7
-4
-2
-2
-2
-3
-3
-4
-5
-8
-8
-6
-6
-6
-5
-4
-7
-6
-5
-5
-5
-4
-4
-2
-3
-3
-2
-3
-5
-7
-5
-6
-7
-5
-3
-3
-1
-1
0
-1
0
0
2
1
2
3
2
4
3
4
3
2
0
1
0
1
2
2
3
3
3
1
3
3
4
4
4
5
3
4
3
3
2
2
1
2
2
2
5
7
5
8
6
4
5
7
5
6
5
5
5
5
4
2
4
2
4
3
3
2
2
3
2
1
2
0
0
-1
0
1
2
2
-1
0
-2
-2
-3
-3
-3
0
1
1
0
0
-1
-2
-2
-1
-1
-3
-3
-4
-3
-4
-2
-1
-3
-4
-2
-2
-3
-5
-2
-3
-5
-4
-6
-7
-6
-5
-5
-2
-1
-3
-1
-2
-3
-4
-4
-5
-4
-7
-5
-8
-7
-6
-7
-6
-7
-6
-6
-5
-5
-3
-6
-4
-2
-2
-3
-2
-2
-2
-2
-1
0
0
2
3
1
5
3
3
5
6
6
7
9
8
7
9
8
11
12
12
14
15
12
13
12
9
9
9
8
8
9
9
7
7
6
5
4
4
3
3
2
1
1
0
1
0
0
-2
0
-1
-3
0
-2
-3
-3
-5
-6
-4
-5
-5
-5
-3
-3
-4
-5
-4
-5
-4
-4
-6
-5
-4
-4
-5
-3
-4
-4
-5
-5
-5
-4
-5
-4
-2
-2
0
-2
-2
-3
-3
-3
-3
-4
-2
-3
-3
-2
-3
0
-1
-3
-3
-1
-2
0
0
-1
-1
-2
-3
-2
-2
-2
-1
0
-1
0
0
-1
-1
-1
-1
-1
0
0
2
1
0
0
-1
-2
-1
0
0
3
3
1
4
3
4
1
1
0
-2
-1
-1
-1
0
0
1
0
0
2
1
0
0
0
2
1
1
2
0
-3
-2
-1
0
-1
0
2
2
2
1
-1
2
0
0
3
2
3
2
5
3
4
3
3
3
5
5
4
4
3
5
2
6
3
4
4
3
2
1
0
0
0
-2
-1
-2
0
1
1
0
0
0
-1
-2
0
2
2
1
0
-1
-3
-3
-2
-2
-2
-2
-2
-1
0
0
0
1
0
2
3
1
0
1
0
0
2
0
1
2
0
1
2
3
4
3
5
4
3
3
2
2
2
3
4
3
3
2
2
2
0
1
1
-1
-1
-1
-2
-1
-1
-3
-3
-2
-3
-4
-4
-5
-5
-5
-8
-7
-8
-6
-7
-8
-7
-9
-8
-6
-7
-8
-6
-9
-10
-9
-10
-8
-7
-6
-5
-3
-3
-3
-4
-2
-3
-2
-2
-3
-1
-2
-3
-1
1
0
2
1
1
2
1
2
6
5
7
8
7
8
8
6
7
5
7
8
7
6
7
5
5
5
4
5
5
4
6
5
4
3
3
5
4
7
6
6
7
7
7
6
4
4
2
3
1
2
1
4
3
2
2
3
2
1
2
1
1
1
0
1
-1
-1
-3
-4
-6
-6
-5
-4
-6
-5
-6
-5
-7
-9
-8
-9
-9
-10
-10
-9
-9
-10
-9
-9
-9
-7
-8
-9
-7
-6
-7
-6
-6
-5
-2
-3
-3
-3
-2
-3
-1
0
1
1
0
1
3
3
4
4
4
3
3
5
6
6
6
6
6
5
4
7
5
3
4
3
3
3
4
2
4
4
4
5
4
5
4
3
2
2
0
-2
-2
-1
0
0
-1
-2
-3
-2
1
0
0
2
2
0
0
-1
-1
-1
-1
0
-2
0
2
0
-1
-1
-2
0
2
1
1
2
2
2
4
3
4
3
2
2
2
3
5
4
4
4
3
2
3
3
1
2
1
3
2
2
2
3
1
-1
-2
-2
-1
-2
-2
-1
-2
-4
-1
-2
-2
1
-1
1
0
0
0
-2
-2
-2
-5
-4
-3
-3
-3
-2
-3
-4
-4
-4
-5
-5
-4
-4
-4
-3
-4
-4
-3
-5
-3
-2
-4
-4
-3
-3
-4
-2
-3
-3
-1
-2
-3
0
0
0
2
2
3
4
3
3
2
1
2
2
4
3
4
2
2
2
0
-1
-1
1
-1
1
1
1
1
0
-2
-4
-3
-1
-2
-3
-2
-2
-4
-3
-4
-3
-5
-7
-5
-5
-4
-4
-3
-3
-3
-2
-2
-1
-1
-2
-2
2
1
1
3
4
3
5
2
2
4
4
5
4
5
4
6
6
7
7
7
8
6
7
6
6
6
4
6
7
7
8
6
8
7
4
6
4
1
3
3
3
4
2
3
2
2
2
2
2
0
1
0
0
-1
-2
-2
-2
-3
-4
-5
-4
-5
-5
-4
-4
-5
-4
-3
-2
-2
-3
-4
-4
-5
-5
-5
-4
-6
-6
-6
-6
-6
-7
-6
-7
-9
-8
-9
-8
-7
-8
-7
-6
-6
-7
-6
-6
-5
-5
-7
-6
-4
-3
-2
-3
-1
-1
0
0
-1
1
0
2
2
3
4
2
2
5
4
6
4
6
8
7
7
7
7
8
8
7
8
8
8
8
8
9
8
6
6
6
5
7
6
7
8
8
6
5
4
4
4
3
4
2
1
1
0
-1
-1
-2
-2
-1
-2
-3
-2
-1
-2
-2
-1
-1
-2
-3
-3
-4
-4
-3
-4
-6
-3
-4
-4
-4
-4
-3
-3
-5
-6
-5
-5
-4
-4
-3
-4
-3
-2
0
1
-1
1
-1
-1
-1
-1
-1
1
0
0
0
-1
-1
-2
-1
-2
-3
-2
-2
-3
-3
-3
-3
-4
-4
-4
-7
-6
-4
-5
-3
-1
-2
-1
-4
-4
-3
-3
-4
-4
-5
-4
-4
-3
-3
-1
-3
-2
-1
-2
-1
-1
1
1
1
1
2
3
4
3
6
8
7
7
8
9
7
8
9
8
8
9
10
9
10
11
9
8
8
7
8
7
7
9
8
7
8
8
7
6
6
6
6
6
4
4
4
3
2
2
1
0
0
0
-1
0
1
-1
-2
-1
-2
-3
-2
-5
-7
-5
-6
-7
-7
-8
-6
-7
-8
-8
-7
-7
-7
-6
-6
-7
-6
-6
-9
-7
-9
-7
-8
-8
-8
-7
-8
-8
-7
-6
-5
-4
-4
-4
-2
-3
-3
-3
-4
-3
-1
-1
-2
0
1
0
1
0
0
0
-1
0
0
-1
1
1
2
2
1
0
0
1
2
3
2
4
-1
0
1
0
2
0
0
-2
-1
1
-2
1
2
0
0
0
0
0
0
1
1
1
-1
-1
-2
0
-2
-1
0
-1
1
2
1
2
2
1
1
1
0
1
1
1
2
2
1
3
0
1
4
3
1
2
2
3
4
4
5
4
3
3
4
3
3
5
5
7
6
8
8
7
6
7
6
6
7
6
8
8
7
7
7
7
8
7
7
6
7
4
5
6
5
3
5
6
3
3
3
1
1
-2
-3
-3
-5
-4
-6
-5
-7
-7
-6
-7
-8
-9
-9
-9
-9
-11
-10
-9
-9
-8
-8
-8
-9
-11
-11
-10
-11
-10
-9
-10
-9
-8
-7
-6
-6
-5
-6
-5
-5
-5
-5
-6
-8
-6
-5
-5
-4
-3
-3
-1
-1
2
3
2
3
4
3
4
5
5
6
6
6
4
4
4
5
5
6
6
5
4
6
5
7
6
4
4
3
5
3
3
3
3
2
1
-1
-2
-1
-1
1
-1
0
-1
-2
-2
0
-2
-1
0
1
1
0
0
0
0
0
1
3
2
2
4
5
5
5
2
4
2
1
2
2
3
4
5
4
3
3
1
1
0
-1
0
-2
-1
-1
0
1
1
2
1
2
1
1
2
0
0
0
-2
-2
-2
-2
-3
-3
-5
-5
-4
-6
-6
-4
-6
-5
-5
-6
-2
-4
-3
-4
-2
-3
-4
-2
-3
-3
-1
-1
-1
-1
-2
-2
-2
-1
0
0
-2
-1
-1
-1
0
1
2
1
0
2
1
1
1
1
1
0
1
0
2
0
3
3
3
3
3
2
2
4
3
5
5
2
3
4
5
3
5
5
4
6
5
5
5
5
4
5
5
4
4
4
3
3
1
2
0
1
0
0
-2
-3
-2
-3
-3
-5
-5
-6
-6
-4
-7
-8
-6
-8
-9
-8
-9
-7
-6
-6
-5
-6
-5
-4
-4
-3
-5
-3
-2
-2
-3
-2
-1
1
0
0
2
1
-1
0
1
0
-1
-1
1
0
2
1
0
1
1
1
1
2
3
2
3
4
2
4
3
3
3
3
2
1
2
1
1
1
2
4
2
3
2
0
1
0
0
-1
1
1
0
0
0
0
1
1
1
2
1
3
2
1
3
2
1
4
3
4
5
4
5
5
4
3
2
1
0
0
2
2
2
3
5
3
3
5
3
1
2
2
-1
-1
-2
-3
-3
-3
-2
-1
-2
-2
-4
-3
-4
-3
-3
-5
-4
-5
-6
-4
-6
-4
-5
-6
-6
-6
-4
-3
-4
-3
-2
-2
-2
-2
-2
-4
-5
-5
-5
-4
-6
-4
-4
-2
-3
-2
-1
-3
-1
-1
0
0
-1
-2
0
-1
0
0
2
1
2
1
2
3
3
4
4
4
3
2
2
5
4
4
5
4
4
3
2
2
2
0
2
1
1
2
-1
-1
-1
0
0
-1
0
-1
-2
-1
-1
-2
-1
-1
-1
-1
0
0
-2
0
-1
1
0
-1
-2
-2
-3
-2
-1
1
1
3
3
2
3
1
2
4
3
4
3
2
4
4
3
4
3
5
5
4
4
3
3
3
2
2
2
2
1
3
4
1
1
1
-1
0
1
0
0
0
0
-1
-1
-1
-1
-3
-2
-1
-2
0
0
0
2
0
0
2
0
0
1
-1
0
0
-1
-1
0
0
-1
-1
0
-1
-2
-1
-1
-1
-2
1
0
-1
-2
-1
-1
-2
-2
-2
-2
0
-2
-3
-2
-5
-4
-5
-4
-5
-3
-3
-6
-4
-3
-3
-4
-2
-3
-4
-4
-4
-3
-3
-3
-1
-1
-2
-1
-1
0
1
-1
-1
-1
-2
-2
0
-1
0
1
1
2
4
2
1
0
1
0
0
3
1
2
2
2
2
2
-1
1
2
2
2
1
2
2
1
1
3
2
1
3
2
3
4
2
4
4
2
2
3
1
1
3
1
3
2
0
0
3
1
2
3
3
3
3
2
2
3
2
3
3
5
4
4
4
3
2
3
2
3
1
1
1
0
1
-1
-3
-2
-1
-1
-2
-2
-4
-5
-6
-5
-5
-6
-5
-3
-5
-4
-2
-4
-4
-4
-4
-5
-5
-5
-3
-2
-4
-3
-2
-1
0
-2
0
0
-2
-1
-3
-2
-2
-2
0
1
1
0
2
2
2
2
2
2
0
1
2
1
1
1
3
3
2
3
4
5
5
5
3
4
1
2
2
2
1
3
3
2
3
3
3
2
3
2
2
3
1
2
3
3
3
4
4
3
2
2
1
-1
0
1
0
0
-1
-1
-2
-3
-2
-3
-3
-3
-4
-3
-3
-4
-3
-4
-5
-5
-5
-5
-5
-6
-5
-5
-7
-6
-7
-6
-5
-5
-4
-3
-2
-4
-4
-3
-2
-2
-2
-1
-2
-1
0
-1
0
0
0
0
1
1
1
1
1
2
1
2
2
0
2
2
1
1
0
-1
-1
-1
-1
-1
-1
2
0
1
1
1
1
1
1
2
1
0
1
2
3
2
2
4
4
4
4
4
4
3
3
4
4
3
4
4
4
5
4
4
3
4
5
5
4
4
3
4
3
4
4
3
4
4
5
4
2
2
1
0
0
-1
-1
-1
-3
-2
-2
-2
-3
-2
-2
-2
-4
-4
-2
-2
-3
-3
-4
-6
-4
-5
-3
-3
-2
-1
-1
-1
-1
-1
-3
-3
-4
-2
-3
-3
-3
-2
-4
-2
-2
-2
-2
-1
-1
-2
0
-2
-2
-2
-2
-3
-2
-2
-4
-2
-3
-2
-2
-3
-1
-1
-3
1
1
2
1
1
2
2
0
-1
-1
0
1
0
1
1
1
2
4
2
3
4
4
3
4
4
2
4
3
3
4
3
2
2
1
2
1
0
1
0
1
0
0
1
2
2
2
1
2
2
2
3
3
3
3
2
3
2
2
4
4
4
3
3
6
3
1
2
0
-2
-1
0
-2
-3
-4
-3
-4
-5
-5
-3
-5
-6
-4
-3
-3
-5
-5
-6
-7
-7
-6
-7
-8
-6
-8
-9
-8
-7
-7
-4
-4
-3
-2
0
-2
1
1
0
-2
-1
-1
1
2
2
2
-1
1
1
1
2
3
2
1
1
3
3
3
5
4
4
3
3
4
4
4
5
5
5
6
6
5
5
6
5
5
4
5
3
4
4
4
5
5
4
3
3
2
1
1
1
0
1
2
0
1
0
0
1
0
-1
-1
-2
-2
-2
-3
-3
-2
-3
-4
-3
-4
-3
-2
-3
-4
-2
-2
-3
-3
-3
-3
-2
-1
-2
-2
-2
-2
-1
-1
-1
-2
-2
-1
-2
-3
-1
-2
-2
-1
-3
0
-1
-1
-2
-2
-1
-1
-1
-1
0
0
-1
0
0
0
1
3
1
2
1
0
1
1
1
0
0
-1
-2
-2
-1
-1
0
0
0
0
1
0
1
0
0
0
-1
-1
-1
-1
-1
0
0
1
1
1
0
1
0
0
1
0
0
-1
1
1
3
2
1
1
1
2
4
3
3
2
2
3
3
3
2
3
4
3
1
3
1
0
1
2
1
2
1
-2
-4
0
-1
-1
0
1
0
-1
0
0
-1
0
0
-2
-2
-2
-2
-2
-2
-1
-2
0
1
0
2
2
1
0
0
-1
0
0
0
0
-1
-1
0
-1
1
1
2
1
1
1
0
1
1
0
1
1
0
2
3
4
4
3
1
1
0
-1
-1
-2
-1
0
-1
-2
-1
-3
-2
-4
-4
-3
-3
-5
-4
-5
-6
-4
-6
-4
-4
-3
-2
-4
-4
-2
-3
-4
-3
-3
-3
-3
-2
-2
-2
-2
-3
-3
-2
-3
-3
-1
-2
-2
-3
-2
-2
0
1
1
2
1
-1
2
2
2
2
3
2
3
4
3
4
2
4
3
3
3
3
3
4
6
5
5
7
6
5
6
5
5
6
4
3
4
5
5
6
6
5
4
5
3
4
3
4
4
4
3
4
5
5
5
4
5
3
3
3
1
1
0
1
1
1
0
0
-3
-3
-2
-2
-4
-3
-3
-5
-6
-5
-3
-5
-6
-5
-8
-8
-8
-9
-7
-7
-6
-8
-8
-5
-5
-5
-5
-4
-5
-7
-6
-6
-7
-4
-4
-4
-3
-3
-2
-2
-1
-2
-2
-2
-2
-2
-1
-1
2
2
3
3
3
4
4
4
3
2
2
3
2
3
5
2
4
2
2
2
2
1
3
3
1
1
0
1
1
1
3
2
0
0
-1
1
-1
-1
1
-1
-1
0
0
-2
0
-2
-1
0
1
1
0
-1
1
-2
-2
0
-1
0
1
-2
0
0
0
2
2
1
1
0
1
-1
0
1
1
2
2
2
3
3
4
3
2
4
4
4
3
2
4
3
2
3
4
1
3
3
2
2
3
3
3
2
1
1
0
0
0
0
-2
-2
-5
-3
-3
-6
-4
-6
-4
-2
-4
-3
-1
-2
-3
-3
-5
-5
-5
-4
-4
-2
-4
-3
-3
-3
-4
-3
-3
-2
-3
-3
-2
-2
-2
-1
-1
0
1
0
1
2
1
2
3
1
2
0
-1
-1
0
0
1
1
0
2
1
3
2
2
2
2
2
2
3
3
4
3
3
3
2
1
1
0
1
-1
-2
0
0
-1
1
0
2
2
1
1
1
0
-1
1
1
1
0
1
1
0
0
-1
-1
-1
-1
-1
-1
-1
-1
0
0
0
-1
-2
-1
-1
-1
-1
1
2
1
1
1
1
1
1
0
1
2
1
0
1
1
0
0
2
2
1
1
2
0
1
1
1
1
0
0
1
2
0
3
3
2
2
2
0
1
-1
-1
-1
-2
1
0
-1
-1
-2
-4
-2
-3
-2
-2
-3
-3
-3
-4
-4
-5
-3
-3
-5
-5
-4
-3
-2
-2
0
-1
-1
-1
-1
-3
-2
-2
-3
-2
-3
-1
-2
-3
-1
0
0
0
-2
0
0
1
3
3
2
2
3
2
2
2
3
2
2
2
1
2
0
0
0
-1
1
0
1
-1
0
-1
-1
-2
1
-1
0
-1
-1
0
-1
1
0
1
-1
0
-2
0
0
-1
0
0
-1
-1
-2
1
0
1
1
0
-1
0
2
2
2
3
1
1
3
1
2
3
3
1
2
1
2
0
2
2
2
4
3
3
3
2
4
5
3
2
1
0
0
-1
0
1
1
3
2
2
4
4
3
2
2
2
1
1
2
0
0
1
0
0
2
1
1
1
-1
0
-1
-3
-1
-1
-1
-1
-3
-1
-1
0
-1
0
-1
0
0
-1
-1
-1
-2
-3
-3
-4
-5
-3
-4
-4
-5
-4
-5
-4
-4
-5
-5
-5
-5
-4
-3
-3
-2
-1
-1
-1
-2
-2
-1
-1
1
1
0
1
1
1
1
0
-2
2
1
3
4
3
3
2
0
0
2
1
2
2
1
1
1
1
1
-1
-1
-1
-1
-1
0
-1
-2
-3
-2
-1
0
-2
-2
-2
-2
-3
-2
0
-1
0
0
0
0
0
2
1
1
0
-2
-1
-2
-3
-3
0
-1
-1
0
1
1
0
1
-1
1
0
2
0
1
3
3
4
5
5
4
4
5
5
4
4
4
4
4
2
3
1
1
2
2
1
2
2
2
1
1
-1
-2
-1
-1
-1
-1
0
0
-1
1
1
0
1
0
1
0
-2
-1
-2
-3
-1
-1
-3
-1
-3
-2
-1
-2
-1
-1
-2
-2
-2
-2
-1
-2
-3
-2
-3
-4
-2
-2
-3
-2
-1
-2
0
-1
-2
-1
-1
-1
1
2
1
3
2
2
3
3
4
4
4
5
4
4
5
5
3
4
4
2
2
1
0
3
2
3
1
0
0
-2
-2
-2
-2
-1
-2
-1
-2
-2
-4
-3
-2
-3
-2
-2
-3
-4
-3
-3
-3
-2
-2
-3
-1
-2
-1
-2
-1
-2
-2
-3
-2
-2
-1
-2
-4
-4
-3
-2
-2
-1
-1
-1
0
1
1
2
1
1
0
0
0
0
2
2
2
3
3
2
4
3
2
2
2
2
2
1
1
0
-1
-1
-1
-1
0
-1
1
0
1
1
2
2
2
3
2
1
1
1
-1
-1
-2
-3
-2
-2
-2
-1
0
0
0
0
0
-1
