4
1
-3
-5
-3
-2
-2
-2
0
1
1
0
-1
-2
-2
-4
-6
-5
-6
-6
-5
-2
-4
-6
-7
-7
-8
-8
-8
-4
2
-2
-5
-5
-6
-5
-7
-8
-6
-5
-4
-4
-5
-7
-6
-1
2
1
0
3
2
0
0
4
4
4
2
0
2
0
0
-1
1
5
4
5
7
7
7
8
7
5
5
4
2
5
5
5
7
2
1
2
2
2
3
3
4
4
2
2
6
2
0
5
5
5
5
0
-2
0
1
-1
0
0
0
1
3
-1
-3
-5
-7
-9
-7
-4
-3
-4
-5
-5
-7
-8
-10
-10
-7
-7
-3
-3
-2
-3
-5
-6
-4
-4
-3
-3
-3
-2
0
-1
1
1
1
-1
-2
2
1
0
3
2
1
3
1
1
2
-1
-1
1
1
-1
1
2
2
1
0
2
1
-1
-3
-1
1
-1
0
0
0
1
2
3
5
5
4
4
4
4
4
3
3
3
0
-3
-3
-3
0
2
2
1
1
3
2
1
1
-2
-2
-1
-1
0
3
4
4
2
-1
0
0
1
1
-2
-3
-5
-3
0
-2
1
4
4
1
-3
-2
-1
-1
3
3
0
2
4
-2
-4
-5
-6
-5
0
1
3
5
5
5
5
3
2
0
0
-2
-3
-1
1
2
2
0
-3
-5
-5
-4
-6
-5
-4
-2
-1
-2
-3
-5
-6
-4
-4
-5
-2
-2
-2
-2
-3
-2
-1
1
4
4
4
3
2
2
2
1
-1
-2
-1
-2
-4
-4
-2
1
1
0
2
3
2
3
3
2
-1
0
3
6
8
11
11
11
10
5
6
6
4
6
6
4
2
1
4
6
5
2
0
1
1
-1
-2
1
-2
0
2
-2
-1
-3
-5
-5
-4
0
0
1
0
-4
-6
-5
-5
-6
-4
-5
-4
-2
-4
-4
-2
-1
-3
-4
-4
-3
-5
-5
-5
-4
-5
-3
0
1
-1
-2
-2
1
3
3
3
2
0
2
4
4
3
4
5
3
4
5
4
4
5
3
3
3
3
4
8
8
5
3
4
3
3
1
-3
-5
-4
-4
-4
-3
-5
-5
-8
-9
-11
-12
-11
-8
-6
-6
-7
-7
-6
-4
-4
-3
1
0
-1
3
6
6
8
7
5
4
3
2
1
3
3
1
2
4
6
4
0
-2
-1
0
0
0
2
5
6
5
6
8
6
4
7
8
7
5
3
-1
-2
-3
-2
0
0
0
-1
1
-1
-2
0
3
2
0
0
-3
-4
-5
-6
-5
-5
-5
-3
-2
-3
-1
2
2
-2
-4
-5
-6
-5
-5
-8
-10
-8
-7
-7
-6
-4
-6
-4
-2
-4
-6
-6
-5
-2
-3
-3
-3
-1
0
1
4
5
5
5
3
3
2
3
3
2
3
3
3
3
3
2
3
4
4
4
7
5
3
2
0
-1
0
-1
3
6
5
4
4
4
2
3
1
0
0
3
4
0
-1
-2
-3
-2
1
0
0
1
1
-2
0
1
-3
-5
-6
-8
-8
-7
-9
-8
-2
-2
-2
-3
-5
-6
-6
-8
-9
-5
0
1
2
3
2
3
1
1
1
-1
-1
-1
-1
-1
-1
-2
-3
-4
-2
-1
-1
-1
2
5
4
6
5
5
5
6
6
7
3
1
3
6
6
6
4
2
2
4
5
6
5
3
1
-2
-3
-3
-5
-7
-8
-7
-5
-2
-2
-1
1
-1
-5
-6
-7
-7
-2
2
1
1
-1
-2
0
2
3
6
6
4
3
0
-3
-4
-1
-2
0
-1
-4
-4
-6
-5
-2
-1
2
1
3
4
0
-2
-2
-3
-4
-2
-4
-5
-1
0
2
4
5
2
3
4
0
1
1
0
0
0
-3
-4
-2
-3
-2
-1
-1
0
1
-1
-3
-2
0
3
5
4
0
0
-2
-6
-6
-4
-2
0
2
2
0
0
0
3
9
12
9
8
8
6
5
6
4
1
1
3
1
1
1
-1
0
-1
-3
-2
0
0
2
4
1
-2
-1
0
1
0
-3
-5
-1
-1
-3
-3
-1
-4
-5
-3
-7
-3
-1
-2
-3
-3
-4
-5
-2
-1
1
1
2
1
-1
-1
0
2
3
3
4
4
3
2
4
4
2
1
0
-3
-2
1
3
0
-3
-2
0
0
-1
0
-1
0
1
1
2
0
0
0
1
1
1
2
2
0
1
0
1
1
-1
1
1
-1
-2
-2
-1
0
1
-2
0
1
0
1
1
4
6
5
2
-2
-2
-1
2
-1
-2
1
-2
-1
-1
-2
-2
0
1
2
2
4
3
-1
1
4
1
-2
-6
-7
-3
1
2
2
1
3
5
2
-3
-4
-5
-5
-2
-2
-5
-5
-5
-4
0
2
2
5
1
-2
-1
-1
1
1
-1
0
-1
-1
-1
-2
0
-1
-4
0
-1
0
0
-3
-2
0
4
3
3
3
3
4
5
3
3
3
3
3
4
3
1
1
1
0
-1
0
1
-1
-2
-2
-1
0
0
1
2
2
4
3
5
5
5
5
3
1
2
4
5
8
10
6
4
1
-2
0
0
-3
-4
-1
1
1
2
3
4
1
-2
-2
-4
-5
-7
-7
-7
-8
-6
-5
-2
-2
-5
-5
-2
-4
-4
-6
-3
0
2
2
0
0
-1
-2
0
-3
-4
-1
0
-3
-4
-4
-3
-2
-2
1
0
-1
-1
-1
-3
0
3
2
2
1
2
2
0
-1
1
0
-2
0
1
-1
-1
1
4
6
5
1
0
-1
-3
-4
0
2
4
7
5
3
2
3
5
8
7
7
8
8
5
2
3
3
2
4
4
2
3
2
1
2
2
0
-4
-5
-3
-1
1
1
1
-1
0
-2
-9
-9
-6
-8
-5
-4
-4
-1
1
0
1
1
-1
-4
-4
-3
-3
-3
-2
-1
-3
-4
-6
-5
-2
-1
1
2
3
5
4
6
5
5
3
0
0
0
0
2
1
0
-2
-4
-4
-2
0
-1
-2
-2
1
4
3
2
1
-1
-3
-5
-5
-4
-3
-1
-2
-1
-3
-4
-3
-1
1
0
-1
-1
0
0
1
3
6
5
5
3
3
1
0
0
2
3
4
4
1
3
5
6
9
8
6
5
2
-4
-5
-5
-7
-7
-5
-5
-4
-4
-6
-3
1
-1
-4
-3
-4
-4
1
1
0
2
2
0
-1
-4
-4
-2
-2
0
2
-1
-2
-1
-2
-3
1
3
-1
-1
0
1
2
3
1
0
0
0
1
0
0
1
2
2
0
0
-1
-1
-4
-4
-2
0
1
3
6
8
8
6
7
5
2
2
2
4
7
3
1
0
-1
-1
2
6
6
7
8
7
5
3
1
0
2
0
-3
-3
-1
2
5
2
-1
-3
-4
-3
-3
-4
-4
-2
-4
-5
-7
-9
-6
-6
-7
-5
-3
-2
-2
-2
-3
-4
-2
-4
-3
-3
-2
-3
-5
-2
-1
3
3
3
3
1
0
1
1
1
0
0
0
2
3
0
-1
0
-1
0
1
0
-1
-3
-3
-2
-3
0
4
2
3
5
2
2
0
-3
-3
-3
-5
-4
-2
2
5
5
4
5
4
3
4
2
3
3
3
4
4
5
4
2
2
0
-1
0
0
1
2
2
3
2
2
1
1
0
1
4
5
5
2
1
2
0
-1
-1
0
0
-2
-5
-7
-7
-2
-1
-1
0
-2
-1
3
5
1
2
2
1
1
-3
-6
-6
-6
-4
-4
-6
-7
-8
-7
-4
0
1
2
3
3
5
2
-3
-5
-3
-3
-5
-5
-2
0
0
-3
-4
-3
-6
-5
-5
-6
-9
-8
-8
-8
-7
-6
-4
-3
-4
-4
-1
2
2
2
6
7
5
4
5
6
5
6
6
6
7
5
5
4
-1
-2
-1
0
3
5
3
6
6
5
5
7
6
7
9
5
4
7
4
5
8
7
8
6
0
-2
-2
-4
-2
-2
0
0
-4
-4
-1
-3
-6
-6
-6
-7
-6
-7
-4
-1
0
0
0
-3
-4
-5
-2
-1
-1
0
-4
-4
0
-1
-2
2
3
1
2
0
-2
-3
-7
-7
-8
-8
-7
-3
-6
-6
0
-1
-2
0
-3
-5
-5
-5
-6
-6
-5
-2
1
3
0
2
2
3
4
4
4
0
0
1
1
2
1
3
0
-2
0
1
0
1
3
1
1
-1
-2
-1
-2
-3
-3
-1
-1
-3
-6
-5
-1
-4
-6
-3
-4
-3
1
1
1
5
6
8
10
7
2
2
2
2
6
6
8
9
8
8
7
5
3
2
1
1
3
1
-2
2
2
2
3
3
3
5
0
-3
1
-1
-6
-7
-8
-6
-4
-3
-5
-5
-4
-1
1
2
4
4
3
3
0
2
-1
-4
-4
-1
0
0
0
0
1
2
3
2
3
2
3
3
2
1
2
2
-1
-2
-3
-2
-1
-2
-5
-7
-7
-11
-10
-8
-12
-10
-10
-11
-10
-8
-6
-6
-6
-6
-7
-8
-8
-9
-5
1
3
4
6
6
4
1
2
2
1
3
6
6
6
6
4
4
5
5
6
6
6
9
10
9
11
10
5
-3
-6
0
10
18
18
17
18
14
1
-13
-25
-23
-15
-6
8
20
23
22
16
4
-11
-21
-26
-22
-8
10
26
33
30
21
5
-14
-29
-31
-25
-13
2
11
20
22
13
4
-7
-14
-18
-20
-17
-10
-3
2
8
13
11
5
-4
-12
-16
-14
-12
-8
-1
4
10
10
5
-2
-11
-19
-22
-19
-14
-7
-1
8
11
11
11
3
-6
-13
-17
-14
-7
-1
7
11
10
9
8
2
-4
-5
-7
-4
2
4
4
5
6
6
4
2
1
-2
-4
-1
2
9
13
11
9
7
6
4
2
-1
0
6
5
5
5
3
5
6
6
5
2
-3
-4
-2
-2
1
4
4
6
6
0
-3
-6
-7
-7
-5
-3
-2
0
-1
-1
-2
-4
-3
-1
-2
0
1
0
0
0
0
1
0
-4
-4
-5
-6
-3
-1
-3
-4
-3
-2
0
-1
-3
-5
-5
-7
-5
-4
-5
-7
-8
-6
-5
-6
-2
2
3
1
-2
-1
0
3
3
1
2
3
4
5
5
6
5
1
-1
0
-2
-1
2
4
5
5
3
2
5
3
3
5
3
3
4
2
5
7
7
5
6
1
-1
-1
-4
-2
2
-1
-2
-1
-2
-2
-4
-5
-5
-3
-2
-4
0
1
1
2
2
3
6
8
5
1
-3
-2
-1
-2
-1
2
0
-1
0
-2
-3
-3
-5
-6
-7
-9
-10
-5
-2
-1
1
-1
-2
1
1
-3
-1
1
0
3
1
-2
-2
-3
1
1
-1
2
3
6
8
8
9
7
3
1
0
0
-2
-4
-1
1
2
3
5
4
2
1
2
0
-1
0
-2
-5
-3
-1
-1
0
-2
-4
0
3
0
-1
2
2
2
4
4
1
2
3
1
0
5
5
4
3
-1
1
1
-1
-2
-3
-3
-3
-2
-4
-6
-6
-6
-5
-7
-7
-4
-1
-1
-2
0
2
0
0
0
3
5
4
2
0
-2
-2
-2
0
-4
-4
0
3
3
4
4
2
-1
0
2
1
-1
-3
0
2
1
2
0
-1
-1
-2
-5
-5
-3
-3
-2
3
3
2
1
1
5
8
6
4
5
4
2
1
1
1
3
3
3
4
-1
-4
-2
-1
0
3
2
-2
-1
0
-1
2
0
-1
1
1
-1
-5
-3
2
3
1
1
2
2
-1
-1
3
7
8
7
4
0
-3
-4
-2
-2
0
1
-1
3
1
-1
1
1
-1
-2
-4
-7
-5
-3
-4
-6
-5
-5
-5
-9
-10
-8
-5
-4
-6
-4
-2
-1
1
0
1
0
-1
0
0
0
2
0
-1
-1
-1
1
2
4
4
3
4
3
2
2
2
0
2
1
0
2
1
2
1
2
0
-3
-2
-1
-1
-1
1
2
4
3
3
5
5
4
3
4
4
-2
-7
-3
-2
-2
-1
0
1
0
-3
-4
-3
-3
-5
-1
-1
-3
-1
-1
-2
-2
-2
2
2
2
2
1
-1
-3
-4
-4
-2
-4
-2
2
4
2
4
3
3
6
4
3
5
5
3
-1
0
0
2
1
2
3
2
0
1
1
0
1
-3
-7
-6
-6
-11
-9
-5
-5
-3
-1
-3
-5
-4
-8
-7
-7
-6
-7
-4
1
-2
-3
-2
0
-2
-3
0
3
4
6
8
7
5
2
1
5
5
4
5
6
8
9
8
8
4
0
-1
-4
-7
-7
-5
-2
-2
-5
-5
-5
-2
0
-2
0
1
-1
-3
-3
-2
0
1
-1
-1
-3
-5
-3
0
-1
-1
0
0
0
3
5
9
10
5
6
5
5
4
3
3
0
-3
-3
-2
-4
-4
-4
-3
-4
1
0
-4
-3
-2
-4
-4
-2
-2
-2
-2
-1
0
-1
-1
-2
-1
0
-1
-3
-4
-3
-3
-1
0
1
1
2
4
1
-1
-1
0
-3
-5
-7
-5
-3
-4
-6
-6
-2
0
5
7
7
5
3
1
0
2
2
0
2
3
4
5
3
1
0
0
5
6
2
3
8
7
8
6
-1
-1
-2
-5
-6
-2
0
0
1
1
1
1
0
2
0
4
5
4
4
2
1
4
5
3
3
1
0
-2
-1
0
4
2
3
3
2
1
-2
-1
-2
0
1
-4
-3
0
1
0
-1
-3
0
1
-1
-1
2
2
1
0
-2
-2
-2
-2
-2
-1
-1
0
-1
-1
1
0
-1
-4
-3
-5
-6
-3
-3
-3
-1
1
-1
-3
-6
-7
-4
-1
-2
0
1
-1
-3
-4
-3
-7
-7
-2
1
1
4
4
2
2
5
5
4
2
-1
0
4
5
5
7
7
6
5
4
5
4
5
6
7
4
4
4
2
4
4
3
5
4
1
-1
-4
-7
-6
-6
-3
3
3
5
7
5
5
3
-1
-2
2
1
3
3
2
4
6
5
3
1
-3
-5
-5
-5
-2
1
4
0
1
-1
-4
-3
-3
-2
-2
-2
-2
0
-1
-2
-1
-4
-4
-2
-1
-1
0
-1
-4
-1
-3
-6
-6
-6
-5
-5
-6
-3
-1
0
-1
-3
-2
-2
1
1
3
1
-1
0
0
-3
-4
-1
0
-2
-2
-5
-3
-3
-5
-3
1
0
-1
0
0
1
1
2
-3
-1
1
1
1
1
1
4
5
6
5
2
3
4
2
2
3
3
3
-1
-3
-1
1
2
1
2
1
1
0
0
-1
2
6
4
2
-1
-2
-3
-1
0
-2
-2
0
-1
-1
0
-2
1
1
-3
-5
-4
-6
-2
0
-1
0
-2
-4
-3
-3
-3
-1
1
1
1
1
3
6
7
4
6
7
3
1
-3
-1
2
-1
-2
1
1
0
1
0
-1
-1
-2
-2
-2
-2
-2
-3
-3
0
0
-2
-4
-6
-5
-1
-1
-3
-2
-5
-3
-4
-8
-8
-5
-1
1
1
-1
-1
-2
-6
-4
-5
-4
-1
1
0
0
0
-1
2
2
1
2
0
0
2
1
2
1
1
1
2
0
1
0
-1
-3
-3
-1
-2
-3
-2
-3
-1
2
2
2
2
1
2
2
0
-3
-5
-6
-2
5
4
1
1
3
5
3
2
2
-1
1
4
8
10
10
9
7
7
7
5
3
4
-1
-2
-3
-5
-3
-2
1
4
1
0
-2
-4
-5
-3
-2
0
2
0
0
0
-2
-3
-3
-1
-1
-3
-2
-2
-4
-2
-3
-4
-3
-4
-4
-4
-6
-8
-8
-4
-5
-4
-4
-6
-5
-4
-4
0
0
-1
1
1
-1
-1
0
2
3
5
7
8
7
3
-1
1
2
1
2
3
3
4
6
4
0
-3
-5
-3
0
2
3
4
4
2
1
1
1
1
3
4
5
4
1
2
0
-1
2
3
3
2
0
0
1
1
-1
1
2
-1
0
0
-1
0
-1
-2
-3
-4
-7
-4
-4
-2
1
1
1
-1
-2
-1
-1
3
6
7
5
4
2
2
3
5
8
3
0
0
0
-3
-2
-1
-1
0
0
0
1
1
1
-1
-2
-2
-3
-5
-1
2
1
-1
-2
-3
-7
-8
-7
-4
-5
-3
-1
-1
-2
-3
-6
-6
-6
-6
-4
0
5
3
5
6
3
-1
-1
-1
-3
-3
3
4
5
7
4
3
3
2
3
3
4
5
4
6
3
1
-3
-4
-5
-7
-4
0
1
2
3
1
-2
-4
-5
-6
-4
0
3
6
6
6
4
-2
-3
-4
-5
-1
1
2
5
6
6
2
0
-4
-6
-3
1
4
8
10
7
5
1
0
-3
-6
-4
2
8
6
3
5
3
0
-3
-1
0
3
2
-1
-3
1
5
3
-6
-10
-10
-8
-5
-7
-5
2
8
3
-1
-3
-2
-2
-3
-2
-2
-1
-1
-2
1
0
-3
-3
-4
-3
-2
-2
-2
-2
-1
1
-4
-5
-4
-2
1
-1
-5
-8
-6
-3
-4
-2
2
5
6
3
0
-2
-1
2
2
-2
-1
4
2
-1
-4
-5
-4
-2
-2
-1
3
3
-1
1
4
1
-2
0
5
7
6
4
5
7
8
9
9
9
8
7
3
-3
-2
3
8
8
9
9
8
3
-2
-5
-3
3
8
8
9
8
7
6
4
0
-4
-1
5
4
0
0
1
1
-4
-11
-13
-7
-1
-6
-10
-6
-1
-3
-8
-9
-11
-12
-12
-13
-14
-7
-2
-6
-7
-10
-13
-16
-11
-6
-3
0
3
4
4
0
-6
-9
-5
6
15
11
2
9
12
0
-12
-14
-2
7
9
8
7
5
-3
-6
-6
-7
-4
1
10
13
11
8
2
-4
-2
0
4
10
15
19
14
6
5
8
5
3
5
9
11
4
2
6
6
1
1
2
3
6
6
-9
-17
-13
-4
-1
-3
-1
6
10
0
-11
-12
-8
-10
-8
7
15
9
-2
-1
2
-4
-10
-15
-9
2
3
-2
-3
-5
-3
0
4
3
2
-7
-12
-7
2
-1
-12
-11
3
4
-12
-18
-7
0
0
4
10
16
15
7
-5
-13
-12
3
18
11
6
8
7
2
-6
-10
-11
-4
11
21
11
-8
-9
-2
-6
-13
-9
3
17
17
9
-2
-10
-3
6
7
6
4
3
1
6
0
-10
-12
2
17
14
3
0
3
5
-9
-20
-8
12
16
3
-5
-2
8
6
-11
-16
-5
17
24
3
-12
-1
8
-4
-15
-9
1
8
1
0
7
-4
-21
-17
0
8
-4
-10
10
19
3
-9
-6
-3
-10
-17
-5
11
13
6
-5
-13
-6
5
2
-16
-17
4
23
15
-14
-24
-7
12
5
-6
-7
7
18
5
-7
-7
-3
10
21
9
-8
-4
15
15
-8
-20
4
27
16
3
4
8
7
-1
-10
-14
-4
-1
-4
7
20
16
5
-8
-16
-13
-7
-10
-15
-11
15
34
12
-20
-19
9
4
-23
-17
-4
12
34
29
14
7
-4
-15
-18
-11
-21
-24
17
50
34
-1
-17
-9
-2
-13
-24
-13
12
16
11
16
11
-4
-4
-9
-33
-27
1
13
8
0
12
30
14
-10
-19
-15
-4
-11
-11
19
38
28
15
-3
-18
-15
-10
-14
-10
-6
6
29
11
-16
-5
0
-15
-23
-16
-18
-15
16
13
-14
-10
3
11
0
-15
-1
3
-11
-17
-9
20
33
13
-11
-12
-10
-5
6
1
-16
-7
44
63
19
-24
-28
-7
-3
-13
-9
37
73
30
-33
-32
7
10
-9
-27
-49
-4
101
107
-4
-117
-94
37
97
10
-109
-56
86
106
2
-93
-51
32
9
-31
6
68
27
-74
-63
16
51
-2
-62
-40
39
81
8
-96
-113
11
132
68
-112
-116
116
215
3
-266
-167
175
215
-54
-205
-21
185
161
-2
-122
-84
-88
-34
163
132
-89
-112
74
170
21
-226
-220
38
138
138
82
-32
-28
-26
-12
-69
-195
-41
249
142
-117
91
282
-127
-524
-249
375
388
-264
-394
161
444
79
-255
-158
-51
-68
-46
134
362
212
-243
-434
-141
362
365
-199
-452
-139
283
359
-80
-427
-135
433
419
-116
-399
-184
380
321
-385
-411
241
507
100
-298
-264
15
111
-6
-150
-62
142
154
329
65
-545
-503
255
658
-27
-360
-163
238
374
-251
-364
-51
126
117
297
194
-281
-244
-224
242
126
-284
227
3
202
248
-416
-100
-260
-148
421
111
-3
-83
35
256
-130
-331
-66
190
11
-57
198
-21
-232
-47
-2
166
268
-74
-209
-115
-73
251
291
-564
-449
616
550
84
-469
-618
197
367
66
-185
-327
61
565
526
-341
-859
-390
357
921
120
-1099
-124
940
377
-167
-654
-462
191
470
497
-269
-789
-150
973
722
-860
-997
215
1121
571
-1257
-869
676
1011
232
-1021
-643
705
1118
-259
-1367
-645
722
1406
232
-1267
-580
515
833
564
-1041
-1267
153
940
845
-635
-429
726
108
-459
-694
220
571
76
-156
-558
142
617
383
-191
-715
-270
51
359
417
2
-382
-161
183
8
307
-43
-529
64
116
198
136
-871
162
1005
-124
-873
-120
1153
140
-916
-682
192
907
70
90
-229
-1011
817
760
-822
-287
-116
198
576
-64
-575
525
870
-1218
-1312
546
1660
531
-1762
-565
1503
406
-1111
-164
562
-580
205
361
-233
497
-272
-658
396
372
-409
164
486
-472
-775
431
1675
-610
-2654
648
2716
37
-1944
-331
1098
-92
-195
-321
-418
1298
401
-799
-851
-198
1648
458
-1129
-1485
375
1966
432
-508
-2131
-290
2541
446
-2244
-720
2889
717
-2570
-1988
1376
3097
-874
-1576
-248
-104
1617
570
-1725
-1329
599
1746
553
-1326
-712
1192
982
-1792
-1599
1235
1908
460
-2073
-1394
2083
1919
-1603
-1930
1
580
1775
457
-1386
-705
16
1086
-38
-1281
363
1184
-173
-1050
314
759
-196
-692
-1082
769
2281
-581
-1423
232
-659
496
908
-1232
-108
1639
376
-1942
-260
1492
392
-918
-1525
223
1430
1279
103
-1762
-1510
1482
1530
-1466
-1096
1442
1175
-1162
-1037
840
1412
-876
-1930
308
1218
1452
-490
-2087
389
1100
-39
-666
39
685
-640
67
437
-628
428
44
113
-18
-1900
1758
2548
-2355
-2104
1272
1261
-377
169
-836
-366
1471
-294
-821
214
-16
-183
359
663
-73
-1424
-769
2289
974
-2525
-855
1632
958
-557
-321
-546
-237
566
691
15
-1721
384
1741
-1021
-719
553
-79
-226
548
-81
-487
457
242
-314
-373
167
-819
36
2173
-249
-1458
-126
-21
1002
823
-1485
-1211
1295
859
-576
144
8
-670
-168
1462
354
-1923
-674
1724
1685
-1767
-1734
1171
1573
-48
-1226
-69
393
176
-211
-313
376
474
20
-702
171
690
269
-849
-1199
1816
682
-2363
1080
2657
-2532
-2140
2512
1339
-1213
-1085
853
288
-558
334
232
216
-813
82
679
-399
-109
151
1304
-1019
-1875
1672
43
78
1955
-1442
-3306
1302
4446
-1625
-4132
1606
2204
-463
-247
-777
-801
1856
712
-2835
-492
1589
1045
928
-1927
-1749
606
1643
2013
-2311
-3140
914
3047
1757
-3402
-2388
2251
2309
-707
-2300
-33
651
1349
721
-1880
-1961
563
2727
1215
-1432
-2813
-43
2819
529
-1215
-1249
-419
1376
1274
-57
-1105
-1364
917
1464
-1152
-1392
93
2296
2030
-1925
-3058
-158
3133
1322
-2028
-1705
-170
2348
1892
-807
-2152
-1664
1853
2521
-1224
-2235
1093
1933
-833
-17
263
-2646
865
3277
-729
-2187
-249
1823
1042
-1557
-1172
614
1050
355
-679
-172
517
332
-1326
-261
1797
-277
-716
-263
334
942
236
-1419
-932
1250
322
412
362
-1042
-1314
168
2207
615
-2134
-797
1093
490
506
-412
-1578
1
1034
944
-77
-1086
-773
929
1604
-427
-2379
-1776
2870
3609
-807
-4247
-2208
4180
3056
-2275
-3103
57
2248
1303
52
-2501
-1253
2447
1133
-862
-978
-1319
1237
1993
-601
-1282
-1631
1202
2460
-927
-2166
507
1881
-529
-1403
-305
880
1597
-443
-1665
-125
328
610
726
-299
-1055
-644
831
1568
302
-2273
-1539
1794
2019
-527
-1583
95
1241
-265
-1327
469
-331
-101
3437
-711
-3758
-58
2398
2327
-1394
-3089
-781
3480
2290
-2176
-1972
-991
2516
1719
-2836
31
1875
-413
-87
-980
-1078
1352
1205
-372
-1165
143
649
363
-224
-1164
201
-4
403
1159
-348
-995
-521
933
401
-1108
6
1212
-121
-715
138
-165
131
288
-558
-185
1081
33
-534
527
-1427
-276
1396
-92
796
277
-2478
-1798
4393
1937
-5307
-192
3322
-718
-357
1339
-1258
-2956
1236
4309
-1033
-4472
832
4000
-494
-2350
102
-226
-19
1407
1195
-2238
-1819
3748
1088
-3900
-1240
2298
1683
-1062
-738
390
-349
490
653
-922
-1260
1005
2119
-1392
-1861
1802
1109
-1530
-919
771
434
-149
603
-847
-1198
1784
956
-1481
-145
751
-1764
-173
3347
-1476
-1978
2120
-93
-310
351
-526
-679
-339
1014
927
-885
-686
1365
456
-1702
-155
477
-424
596
868
-1175
-607
2343
-366
-2274
89
2094
-488
-2499
2424
1462
-1611
-288
-1425
-78
3123
1446
-4406
-2297
4700
1994
-2723
-3438
2231
4487
-3049
-3524
2020
2264
-566
-305
-1887
-1017
4681
-23
-4153
633
1394
-171
268
-487
-1133
1257
2262
-1352
-4144
1837
4735
-2397
-3646
599
3249
1654
-2220
-2709
-25
3862
722
-4150
-412
2251
1002
102
-1216
-1382
1199
1595
-1622
-893
2429
-454
-2699
1594
1458
-460
-62
-373
-733
-508
2360
1156
-2883
-1831
1741
2800
-1408
-1180
1313
-346
27
-1018
-131
816
-267
661
-499
-470
463
471
-667
-152
898
-2895
65
5159
-1872
-4844
1860
3587
-1042
-3721
792
3510
-755
-3515
-416
3460
416
-1497
-1310
-2207
3193
3515
-2589
-3146
34
1485
1704
-456
-2729
2014
1318
-2833
565
633
174
1970
-1142
-4332
912
5486
655
-4010
-3725
3117
4489
-2578
-1982
1441
169
-500
-556
-967
2648
3272
-3835
-4750
2608
5437
660
-6699
-2034
6397
1492
-3421
-2044
673
3748
1212
-4246
-2298
3413
2347
-2064
-2556
666
3311
1157
-3189
-4463
2629
7316
-895
-8071
-1553
7229
1953
-3919
-1882
1036
1249
179
-219
-1087
1640
1156
-3411
-1772
3239
2901
-2576
-3103
1705
2076
1192
-1236
-3158
1979
1819
-3468
-1374
4296
2295
-1860
-2276
-2663
2301
4755
-2281
-3303
-749
-183
4124
1726
-3906
-683
1248
-1635
-186
1756
955
-604
-2861
707
2943
-2378
-1093
3517
-146
-4618
-594
4184
1912
-1594
-4088
699
4271
-2721
-510
3739
-2423
-3660
2222
4274
-841
-3713
117
3528
311
-2897
-461
2290
1258
-2011
-1661
3030
2326
-3498
-1249
2760
336
-1925
-68
2208
-398
-1614
1600
369
-2154
643
1855
-1128
-811
1044
-488
485
-681
-2228
2528
2321
-1837
-2069
-259
1527
2647
-1731
-3887
1761
2340
-1494
-271
1561
-968
-892
907
-1157
-1385
1873
2844
-492
-4876
145
5692
-662
-4989
99
3794
-48
-2430
-164
2641
1729
-3209
-2350
1843
1379
1524
-1248
-3328
2799
2578
-2576
-2107
1537
2153
-1783
-504
1740
-360
-255
-693
-271
492
8
1052
-677
-606
1013
-776
74
1271
-1621
-1879
2132
751
-234
901
-2245
-885
1411
843
659
-3114
-791
4834
-1285
-5210
1919
4175
-594
-3548
-1754
3450
1989
-2740
-672
743
-753
-27
1091
-447
313
1536
-1901
-787
1336
-1111
1561
1083
-3253
199
3204
1230
-3164
-1708
3213
1449
-2484
-1429
3131
1170
-2842
-297
1587
1245
-553
-2062
462
1796
161
-519
880
-2174
-2217
3511
2337
-1533
-2902
544
2752
-1031
-2110
-187
3082
-463
-3575
1492
2183
522
-2049
-934
1004
-1469
580
1999
353
-1747
-1239
1751
755
-852
-1012
-329
973
877
-1303
-1243
4047
262
-7385
1444
7214
-2011
-4889
534
2703
490
-1592
-925
1171
1677
-1791
-2547
1409
3325
113
-3688
-1339
2290
2163
-829
-1219
-504
-303
1797
93
-1169
438
413
-938
-729
550
1601
1845
-2864
-3267
3050
2932
-1250
-2102
-699
1088
1456
-925
-801
1673
635
-1167
-2755
-12
5099
757
-4471
-1598
2020
1519
114
180
-843
-1075
308
842
-657
616
2403
-1937
-4458
2188
4439
-1603
-1179
-75
-932
286
884
690
-283
-1500
-323
1682
-1634
1176
3636
-3963
-3600
2273
4636
-425
-5394
991
3048
-1232
-708
1323
370
-1725
-275
1279
-553
272
1274
-809
-1632
-580
2029
1578
-811
-1444
-511
-98
-158
2338
474
-2058
-661
722
46
-619
2464
330
-4228
-382
3264
586
-1923
-99
1052
-1422
34
1961
-1177
-1193
947
519
-293
-1161
390
1850
-1609
-1970
2974
1134
-2856
36
1185
264
-37
-2049
-185
3318
678
-3630
-412
3288
-1036
-1257
1496
-514
-640
-532
1656
1265
-2608
637
439
-887
1324
-699
-271
1247
-474
-1592
800
1281
-1556
1264
1031
-3126
551
1822
-1275
506
1076
-1336
-605
534
-232
1393
931
-2948
-1596
2733
2663
-2112
-2367
2293
645
-2439
159
2969
287
-3826
-549
3476
999
-2433
-1118
2457
596
-2620
-506
2453
1925
-2771
-3934
3947
3476
-3376
-1160
1881
52
-2592
-111
3560
256
-2292
-394
-90
905
956
-753
-485
-276
-1550
140
3363
1426
-2818
-2943
2219
1477
-2207
337
2350
-472
-3594
629
4785
278
-4564
-1909
3433
2299
-1463
-1925
485
1374
-41
108
-2700
1546
3610
-3541
-2639
3171
4089
-3998
-3150
3398
917
-1608
251
1824
-246
-414
-1756
-779
2933
857
-1618
-518
1179
245
-1313
954
998
-2140
-1576
2179
3461
-1874
-3213
1062
1807
-346
-1903
1475
1956
-3329
-1655
3307
2945
-2697
-4243
1511
2543
101
-1762
-371
1575
-1365
-1301
1437
1782
-540
-2881
9
2450
-633
-1274
1335
74
-788
258
-912
237
964
-391
629
-2295
-1008
3967
751
-1551
-2148
466
802
-1151
1818
385
-696
-476
-893
1082
1315
-466
-2059
-797
1319
2190
382
-2466
484
318
-1024
1755
-105
-929
-220
521
339
-667
1644
-405
-2407
1529
743
-1020
-630
618
2747
-859
-3641
1108
4349
-703
-3036
483
73
-456
465
2030
1869
-2763
-1685
421
1390
1975
-1574
-1340
-445
958
2169
-182
-991
-234
-409
-465
476
53
2105
1677
-3146
-2711
1686
3052
-615
-1376
-1004
237
2186
-672
-830
478
-323
-1540
-547
1513
1414
96
-1391
-1120
-1266
1276
2586
-1500
-1939
-151
1069
652
11
-597
-592
401
-1118
-321
1312
1585
-1450
-2995
1919
1880
-960
182
-647
-1129
317
258
411
546
-733
-1044
272
254
584
1176
-375
-1911
-297
682
368
866
-1106
-1618
404
804
1650
957
-2435
-1767
1265
-270
388
2098
-34
-1962
-2291
2008
3703
389
-3054
-4290
1072
4065
1191
-1511
165
814
-2595
-239
2996
683
-1615
-1421
167
661
1931
1972
-1880
-1912
272
-61
815
423
505
1166
-2212
-1144
2179
2275
-1375
-2692
301
-350
749
3243
1181
-4250
-3200
4459
3319
-2872
-2329
988
1273
-1438
-181
1383
1290
558
-2845
-1946
1557
2386
-309
-1378
-162
404
-1190
-278
1842
130
-1107
-1885
1222
1260
-1829
358
1372
-1518
-1919
1050
373
-59
1388
-1390
-1172
655
-859
765
1796
-1012
-2226
100
557
248
1024
793
-1421
-2961
1983
3433
-1376
-2496
885
1035
-488
-460
551
2054
-102
-2908
-1754
3662
3528
-1628
-2540
-94
-358
584
4574
-787
-5624
229
4356
711
-1431
1456
-546
-1336
-446
-1897
2740
4091
-2227
-3618
1331
1921
-836
717
1096
-2505
-2539
1027
3075
1810
-1552
-2191
-484
912
-461
581
3418
-2146
-5985
969
7258
-21
-6460
1417
2384
-2506
81
1573
438
-414
-2592
-2725
4938
3860
-5422
-2025
3044
-1067
-1934
2249
1418
-1504
-1820
-263
1993
1770
-1557
-2215
282
416
-18
1022
1483
-1441
-1935
1489
699
-376
476
-188
-60
111
-1207
546
3289
-738
-3123
543
1594
120
-291
1254
75
-754
-644
-542
2438
1092
-2041
-1054
529
863
-152
1215
1030
-2788
-375
2028
-696
73
1265
-369
-268
-277
161
2362
1453
-1752
-2271
283
1415
130
-191
1359
1020
-1670
-832
1550
753
-1251
12
519
-2663
-131
4353
1594
-2288
-2954
-501
1347
936
754
-217
-558
-1015
-1187
1004
2778
740
-3522
-3254
1340
3408
424
-1852
-290
-1212
-1634
1430
1890
-379
-1888
-1327
-146
962
1368
-19
-337
-1554
-2145
1684
2315
-760
-1247
-566
95
1095
1111
-255
-531
-278
-1426
-510
1654
2051
-822
-2568
-219
832
731
261
-793
-1438
-1108
1159
1990
685
-566
-1156
455
599
-726
824
1141
-746
-548
746
1542
624
-1198
-1228
351
1043
758
409
-663
-812
-168
626
1081
-665
-825
559
433
655
129
-426
18
114
-1052
-904
2262
1203
-1954
-949
145
676
1181
55
-253
-1198
-352
2374
-366
-1466
1208
221
-910
759
862
-1036
-491
-356
-696
1260
342
-425
49
-384
118
252
488
-286
-1079
-740
301
1074
-109
-412
-797
-1168
882
417
-679
1038
-29
-1719
-374
1470
1257
-1079
-1648
-543
745
1251
-34
-933
-58
769
-879
-1358
1092
2013
-566
-2910
161
3538
771
-2895
-790
2917
640
-2884
-674
2878
1615
-920
-1142
-899
701
573
-534
38
-533
-681
1247
1018
-1715
-1300
632
270
-1284
-473
1048
78
-539
-439
-324
-605
-541
-493
-891
817
1346
-1567
-2045
1289
1077
-1958
-978
978
454
-790
-1058
441
815
-230
-675
-507
-134
435
1004
-74
-1537
-346
1268
463
-283
775
657
-689
-616
382
1046
749
-177
-562
610
1382
138
-241
794
302
-856
-369
1087
1422
307
-593
-330
457
648
461
196
-245
-564
31
1065
731
442
264
-625
-1142
154
1947
392
-1310
-1117
79
1674
707
-919
-893
75
2
-1279
511
2195
-536
-2251
-288
939
-18
-129
157
-524
-1291
-710
1400
1640
-306
-1935
-1386
842
804
-488
-547
-197
471
-29
-998
176
992
-370
-1729
-1170
449
500
-358
-573
-312
270
120
-312
-368
-122
-348
-1748
-1352
518
865
79
-415
-7
525
548
-796
-1728
-856
360
1233
345
-605
245
583
-43
-630
-340
525
217
-449
-263
790
1561
668
-412
-158
885
1062
440
765
332
-610
412
1371
1062
500
387
88
-208
173
766
768
-158
-490
659
969
7
153
1069
-156
-1471
-187
265
332
644
-176
-1177
-374
1710
985
-1443
-993
50
-787
-146
1885
933
-1630
-950
8
-435
194
538
290
-299
-800
209
1344
193
-1570
-1332
-189
408
443
-13
97
637
229
-1031
-1195
300
591
-253
-246
51
155
-52
-81
-266
-1234
-892
258
107
-238
372
549
-688
-1491
-544
898
769
-388
-651
254
933
277
-91
560
621
12
-39
709
1352
567
-628
-21
662
707
557
180
411
-33
-627
-120
664
819
-53
-464
351
751
-92
-754
-69
643
419
-715
-208
1520
-116
-1562
409
860
-505
-53
693
-77
-336
536
788
-65
-706
261
500
-665
66
1026
787
723
-210
-1323
-673
850
1073
-270
-1741
-1392
478
1651
1415
309
-1451
-1574
135
494
117
-347
-763
-370
-13
241
695
212
-1486
-2210
-834
797
829
-316
-921
-560
-231
-148
-105
53
-77
-707
-595
590
1846
1257
-1000
-1652
232
1627
769
-591
-429
738
555
-674
-300
849
528
-579
-841
58
682
487
-99
-705
-416
428
429
-385
29
525
-213
-369
-242
-79
327
95
-635
-321
1252
1455
-475
-1055
511
1018
3
-808
-361
1128
1420
-176
-39
1913
1132
-1688
-2760
-706
2321
2014
-1318
-2445
610
2906
606
-2050
-1634
-395
-58
-152
-9
577
519
-1055
-2061
-820
829
597
-1144
-2030
-801
592
380
-634
-930
-522
-530
-458
62
444
124
-870
-1257
42
1982
1989
-209
-1746
-366
1556
1059
-121
-191
263
336
-163
121
890
438
-987
-1464
-31
982
439
-15
-412
-1001
-843
28
470
63
-547
-973
-885
33
1019
408
-945
-1328
-875
281
1196
1371
57
-1770
-1126
398
1108
1696
331
-1516
-832
719
1798
321
-1880
-699
916
822
-119
-1016
-237
767
-99
-1076
-352
792
525
-846
-1108
-204
134
-199
-882
-534
413
-373
-1294
-591
4
-282
-882
-744
249
177
-535
-941
-524
487
420
-103
-402
-314
417
957
720
103
-267
149
977
509
-204
316
615
-81
-557
410
1098
153
-855
-825
209
735
-204
-596
156
77
-719
-515
200
-55
-476
-438
-422
-264
-76
-69
-278
-278
-201
-322
149
659
295
-357
-643
-447
367
1150
706
-307
-530
198
684
-481
-1275
193
1529
757
-1317
-1949
84
1652
498
-1271
-1127
332
653
-561
-646
525
-82
-1869
-1557
724
1602
-363
-2219
-1448
299
492
-686
-1056
-139
278
-446
-1114
-211
1355
920
-1018
-1796
-256
1871
2040
623
-389
-69
771
837
455
616
904
368
-443
-85
1558
2061
-115
-1895
-723
1294
1507
11
-614
302
388
-379
-462
350
1002
-130
-1355
-360
1087
973
-148
-554
-41
169
229
684
775
217
-46
31
349
1047
875
-144
-98
839
892
-245
-895
-128
716
875
525
-485
-1276
-585
739
873
-210
-1117
-825
-84
91
-86
-401
-889
-1102
-926
-399
163
35
-684
-1398
-1600
-841
149
203
-642
-1246
-707
112
28
-365
-274
-37
-351
-710
174
1357
1055
-54
-486
140
967
945
473
275
196
77
153
624
862
387
-214
-249
219
638
402
-129
-176
-2
81
157
233
379
238
-148
-260
110
556
455
162
127
202
331
641
859
814
634
85
86
963
1053
325
245
766
989
905
421
-591
-664
707
1447
703
-358
-910
-380
1058
1471
69
-901
-314
107
-36
296
413
-426
-1128
-820
153
788
200
-926
-1141
-553
-239
-177
89
84
-400
-621
-222
253
264
0
-258
-388
28
784
998
501
21
69
357
526
740
825
254
-400
-193
530
828
423
-172
-390
-23
400
66
-492
-254
97
-190
-348
-57
35
-144
-360
-546
-309
288
366
-215
-568
-198
399
552
299
1
-37
181
416
527
474
364
263
174
338
593
450
-37
-540
-584
213
1180
1111
-378
-1820
-1118
854
1373
311
-646
-598
-15
-78
-248
426
504
-663
-1325
-460
945
984
-472
-1293
-681
63
167
17
210
318
-247
-570
-12
582
693
347
-285
-428
461
1554
1421
12
-770
237
1469
1289
440
162
434
463
48
98
724
803
69
-621
-242
824
764
-450
-923
-156
506
168
-394
-116
268
-92
-429
-149
131
87
-105
-139
94
367
375
204
51
-13
147
514
652
214
-181
-1
354
464
439
190
-87
-171
-172
-243
177
774
321
-1197
-1786
-253
1679
1151
-1051
-1562
49
773
-418
-1128
-119
491
-559
-1295
-173
940
95
-1419
-1486
-384
186
-226
-572
-296
-23
-407
-858
-448
500
665
-285
-1089
-539
791
1236
271
-585
-102
756
729
195
249
493
-95
-756
-257
811
893
-84
-616
-309
-35
-128
-209
-185
-295
-318
-117
29
36
-61
-240
-372
-316
1
240
182
-126
-218
88
402
402
278
232
219
212
355
494
425
247
148
218
397
685
683
287
-258
-473
-166
592
1061
402
-1027
-1378
43
1463
1130
-122
-534
-112
61
-218
-191
189
165
-421
-692
-108
493
136
-702
-993
-711
-408
-143
145
94
-322
-493
-256
-83
-17
268
361
-274
-841
-163
1065
1107
16
-423
287
769
327
-11
289
417
-85
-443
-128
339
335
-96
-554
-650
-292
16
-249
-723
-621
-75
35
-484
-750
-315
89
-233
-742
-570
110
361
-51
-412
-224
146
179
-51
-93
196
406
153
-180
-7
431
384
-47
-158
218
507
317
-155
-440
-290
176
471
84
-816
-1092
-71
1114
869
-298
-561
160
188
-716
-881
149
649
-153
-813
-242
485
75
-874
-999
-414
-197
-498
-565
-99
332
167
-406
-717
-383
262
420
-113
-400
243
979
624
-192
30
917
802
-79
-63
812
903
-74
-607
-34
539
323
-101
-162
-35
-135
-490
-759
-632
-219
103
9
-314
-391
-237
-231
-485
-589
-259
231
190
-264
-481
-159
210
176
-165
-203
239
611
452
-114
-273
120
401
132
17
441
842
469
-75
-8
217
-143
-469
-4
570
112
-633
-169
1078
1239
14
-812
-257
309
-113
-550
-228
172
11
-285
-155
-44
-423
-786
-738
-589
-527
-394
-166
-77
-288
-411
-218
-104
-211
-241
-66
128
135
119
264
246
5
80
580
840
550
229
249
227
-104
-296
-79
140
82
-29
-38
-13
-60
-223
-432
-556
-486
-289
-198
-267
-264
-122
-133
-403
-520
-167
103
-257
-667
-351
336
482
200
22
74
-99
-214
223
824
730
128
-46
432
792
316
-225
-187
244
442
486
429
375
271
174
47
-324
-672
-432
347
882
789
477
520
523
-140
-970
-1097
-550
-102
-133
-151
222
464
108
-531
-829
-717
-730
-988
-883
-223
356
327
14
91
460
449
-203
-785
-624
-5
307
299
431
799
931
454
-73
-96
21
-165
-387
-226
309
577
257
-57
-62
-42
-163
-378
-476
-379
-458
-502
-175
106
158
-9
-420
-630
-447
-41
145
-344
-700
-187
532
630
-91
-520
100
518
31
-226
305
814
531
-40
119
529
429
83
51
341
594
450
187
131
199
246
182
102
-99
-379
-463
-85
429
561
326
289
411
268
-221
-660
-770
-648
-474
-296
-116
168
431
380
9
-398
-616
-718
-847
-853
-557
-74
272
358
450
577
352
-299
-742
-531
-54
26
-110
163
803
1022
553
97
93
112
-269
-596
-349
139
291
230
212
197
-34
-349
-417
-283
-321
-378
-244
-106
-107
-260
-224
208
207
-551
-578
226
426
-314
-387
123
144
156
180
292
427
249
-302
-431
533
1077
463
-263
-227
428
598
247
-62
69
316
213
48
1
131
291
283
-135
-524
-462
-222
-150
-70
259
508
593
389
60
-122
-312
-594
-793
-567
-165
22
101
177
318
358
153
-315
-682
-717
-682
-700
-564
-89
379
540
449
315
150
-154
-469
-534
-317
-110
13
219
431
475
399
277
77
-189
-373
-260
-20
22
-83
-60
144
230
33
-172
-306
-348
-164
-28
-43
-157
-135
108
54
-50
89
218
282
56
-24
-117
-59
329
421
376
226
324
157
293
562
9
-253
-15
366
181
194
532
179
-365
-413
103
173
-389
-527
-141
239
227
202
184
-234
-879
-1052
-444
140
312
181
372
755
642
-83
-469
-145
-227
-714
-886
-241
405
347
156
248
456
198
-438
-865
-826
-604
-561
-475
-58
506
719
459
97
2
23
-278
-571
-558
-204
214
425
437
397
615
584
79
-297
-164
-8
-143
-314
-43
345
431
378
-99
-353
127
348
-178
-323
-3
371
87
-338
436
489
-241
66
354
-52
204
298
-155
169
511
178
-561
-613
455
479
-219
36
94
-382
-38
395
-210
-642
-454
-245
-85
-80
-152
-80
42
43
188
135
-146
-305
-571
-659
-369
-59
153
296
265
442
608
367
190
-133
-514
-483
-399
-351
-222
-102
151
404
460
324
60
-362
-768
-852
-617
-315
-148
149
425
539
536
392
193
23
-145
-431
-526
-235
161
294
367
641
854
753
275
-178
-142
-2
-226
-168
54
270
521
314
255
403
320
103
-359
-210
-72
136
185
574
141
-633
761
342
-625
-549
429
482
-911
-236
892
110
-1483
-468
1020
-139
-700
-347
252
260
-332
-417
-342
-569
-696
-4
30
-248
3
102
99
-4
-207
-236
118
36
-144
-262
-393
-191
-297
-118
334
320
76
444
741
232
-380
-536
-263
-208
-381
-320
108
267
145
447
567
82
-427
-504
-338
-338
-363
-28
406
500
565
645
539
277
-52
-290
-328
-291
-124
198
338
404
569
609
294
34
109
286
92
-242
-96
167
316
246
227
354
344
165
-63
-79
179
243
-325
-273
213
144
321
-116
-554
-48
219
366
-339
-874
-72
-89
-675
-53
78
-705
-429
175
33
-156
-155
-202
-432
-516
-182
-50
-214
-362
-193
115
220
46
-188
-205
33
50
-84
-2
-213
-399
-557
-498
137
333
30
230
640
598
313
-78
-219
-107
-206
-252
-126
44
294
337
418
637
474
10
-303
-311
-207
-384
-428
149
745
775
299
-2
251
382
-8
-314
-165
0
-173
-237
165
519
514
328
136
237
464
301
-67
-209
67
181
18
143
215
141
105
399
187
-326
-120
-176
-310
-229
-48
224
-33
-68
-29
-49
24
36
-391
-1037
-533
-196
87
227
130
-72
-565
-114
195
-497
-995
-759
-264
-21
29
163
226
-44
-82
82
-80
-383
-440
-134
305
399
123
-88
-241
-354
-350
-240
135
293
346
553
638
504
73
-52
98
-42
-263
-200
127
406
330
238
275
302
152
-243
-440
-360
-284
-283
-72
325
519
325
128
209
289
226
63
-95
-80
29
98
160
64
-3
111
249
340
343
430
444
155
-56
73
155
-120
-184
116
153
54
-124
-159
-44
-163
-151
-298
-230
92
-334
-291
260
-107
-289
-116
-137
-438
-574
87
-109
-581
-128
-6
-564
-686
45
351
-89
-421
-186
192
-78
-262
-123
-186
-182
51
389
437
306
337
325
284
204
-16
-409
-642
-366
40
144
335
511
502
550
329
-179
-396
-290
-173
-271
-393
151
638
317
50
178
304
54
-420
-428
-145
-118
-152
137
493
484
316
166
171
253
184
112
104
66
58
115
82
-18
-311
-361
55
236
267
331
377
275
31
9
52
-74
-155
-108
-107
-11
267
184
-319
-381
-125
-190
-376
-208
74
-37
-47
-80
-192
101
197
-432
-763
-237
222
-254
-624
51
367
-119
-283
25
139
-5
-247
-184
-149
-24
149
183
240
271
231
99
89
225
242
-107
-478
-746
-716
-340
56
262
332
429
513
368
-137
-487
-587
-579
-480
-340
12
505
766
696
418
198
116
-249
-655
-582
-94
251
247
388
649
565
293
131
87
63
-105
-222
-41
310
447
256
-31
-223
-484
-689
-452
-97
225
532
641
454
209
176
79
-207
-365
-290
-122
54
322
404
86
-222
-301
-179
-38
-170
-420
-309
297
619
251
-224
-300
-49
81
19
-207
-464
-396
-2
232
156
44
9
28
67
105
50
-180
-289
-95
145
344
289
184
236
215
93
-296
-650
-884
-1117
-940
-315
346
571
528
613
505
13
-549
-808
-742
-720
-642
-223
596
1302
1219
780
427
45
-538
-1115
-958
-290
104
172
309
820
1116
598
-75
-277
-140
-255
-613
-333
397
701
190
-535
-593
-372
-449
-735
-749
-65
869
1304
1138
671
197
-294
-709
-736
-415
16
397
645
813
1018
863
-101
-1013
-844
-204
-130
-266
271
963
941
531
156
-61
-301
-478
-563
-568
-133
318
259
48
236
323
5
-279
20
307
-40
-228
27
388
251
-102
-210
-173
-10
-120
-585
-1037
-1262
-1046
-503
6
341
256
182
326
152
-307
-589
-609
-662
-744
-443
347
988
1092
965
884
611
40
-623
-848
-495
-155
-87
43
560
919
714
310
64
76
-226
-731
-570
-197
157
167
-410
-503
-561
-814
-786
-800
-323
409
763
1124
1265
1144
851
105
-554
-679
-456
-124
194
543
862
946
592
56
-281
-452
-467
-257
82
533
1016
972
732
505
-21
-412
-766
-845
-333
-134
123
731
826
904
721
331
469
35
-579
-440
-571
-331
-258
-727
-253
-306
-945
-1424
-1973
-1378
-584
-607
-371
-43
491
657
51
-122
-107
-260
-668
-838
-12
843
1129
1205
1151
1309
993
101
-211
-237
-304
-528
-889
-536
149
266
231
237
154
-19
-435
-629
-370
-396
-687
-919
-1199
-1135
-650
-15
638
1056
1276
1448
1386
957
458
-45
-679
-1012
-883
-261
630
1145
1346
1285
836
187
-413
-726
-686
-525
-218
363
999
1493
1519
1231
733
-19
-778
-985
-850
-451
149
428
1218
1706
1401
1242
640
-198
-448
-1150
-1439
-1093
-1570
-1146
-592
-1081
-1305
-1975
-2170
-1111
-837
-635
-43
74
310
171
-89
205
435
153
-10
442
1029
1552
1726
1360
1186
775
-241
-641
-767
-732
-399
-617
-679
-122
68
-93
-251
-584
-427
-256
-686
-812
-703
-782
-574
-396
-68
831
1186
1294
1618
1536
1159
466
-574
-1056
-1083
-983
-433
188
736
1132
1140
824
376
-234
-787
-985
-801
-239
431
1026
1651
1878
1740
1213
291
-141
-574
-793
-446
-88
690
1367
1523
1804
1667
1221
340
-583
-1119
-1628
-1580
-2051
-2004
-1546
-1906
-1833
-2000
-1862
-819
-680
-488
30
169
422
115
-174
214
505
536
751
1341
2006
2111
1636
1009
599
76
-845
-1395
-1437
-1197
-823
-734
-569
-144
-113
-466
-635
-731
-451
-172
-553
-542
-388
-156
587
948
1360
1781
1578
1451
1117
502
-100
-901
-1543
-1717
-1343
-586
287
941
1150
1082
653
-73
-702
-1059
-1032
-747
-268
523
1244
2003
2081
1839
1637
649
182
-470
-891
-222
-59
711
1404
1228
1696
1378
1126
823
-269
-756
-1500
-2027
-2450
-2564
-1958
-1874
-1913
-2017
-1578
-434
-85
12
298
269
239
-178
-263
583
1066
987
1079
1503
2099
2051
1185
518
27
-738
-1828
-2314
-1932
-1257
-866
-839
-442
94
9
-374
-492
-251
-95
-342
-376
88
910
1359
1598
1820
1598
1230
699
177
-122
-638
-1152
-1259
-1220
-773
-3
574
821
630
249
13
-376
-781
-794
-424
109
380
866
1452
1751
1639
1010
637
302
-299
-543
-336
210
660
884
1193
1303
1216
519
109
101
-582
-583
-1042
-1042
-812
-1671
-1756
-2185
-2400
-2280
-2210
-1195
-185
428
975
1070
1244
954
311
48
-40
170
489
880
1639
1980
1528
822
-163
-866
-1827
-2736
-2855
-2350
-1529
-858
-219
463
915
695
308
133
236
245
37
101
544
1253
1643
1737
1601
1176
604
-111
-672
-1017
-1259
-1420
-1451
-1097
-299
646
1215
1252
956
658
133
-468
-580
-471
-73
274
472
1196
1728
1581
1264
887
590
100
-401
-869
-502
-197
-194
488
809
1122
1001
683
513
475
-97
-1177
-1434
-2188
-2500
-2458
-2855
-1901
-1329
-871
178
761
1378
1552
965
368
-16
-403
-487
-103
543
1369
1905
1852
1527
1038
-176
-1503
-2546
-3239
-3061
-2695
-1959
-706
423
983
1165
1038
565
188
-424
-455
472
875
1102
1399
1485
2040
1712
514
-206
-1078
-1687
-1729
-1561
-846
-200
-125
175
796
1056
973
616
149
72
-81
-238
10
401
765
1027
1190
1145
1098
955
615
333
221
-245
-128
-169
-515
42
-224
-47
260
93
591
677
401
519
452
-272
-849
-2023
-2572
-2425
-2984
-2423
-1548
-506
815
1241
1694
1959
1253
347
-499
-776
-629
-379
248
1325
2172
2358
1780
826
-229
-1721
-2850
-3612
-3435
-2575
-1617
-463
693
1379
1608
1359
510
70
-399
-499
166
692
1335
1971
1880
1651
850
-408
-1160
-1965
-2296
-2078
-1502
-589
162
710
1020
1072
825
378
171
150
186
353
489
769
1009
1172
1135
997
696
171
195
279
261
483
193
84
210
-319
-288
-35
-186
25
73
-46
814
823
367
711
-220
-458
-1385
-2956
-2833
-3186
-2730
-1945
-1032
754
1637
2000
2176
1736
1311
60
-1019
-1024
-831
-72
889
1681
2486
2223
999
-154
-1518
-2663
-3457
-3676
-3054
-1833
-626
579
1664
1988
1811
979
151
-373
-657
-291
377
1201
1999
2082
1792
1101
-194
-1149
-2123
-2784
-2742
-2344
-1251
0
837
1363
1546
1326
841
331
134
170
136
122
372
930
1303
1323
1346
1198
753
164
-153
-56
250
162
-129
68
49
-133
217
171
379
446
-379
369
818
512
970
-162
-483
-937
-2768
-2514
-3006
-2995
-2089
-1883
-50
1202
1591
2324
1819
1315
488
-636
-658
-558
-114
754
1362
1936
1887
1147
235
-1141
-2463
-3330
-3560
-3136
-2128
-858
343
1332
1596
1583
1271
540
-78
-453
7
720
1581
2001
1877
1570
434
-572
-1441
-2255
-2568
-2697
-2117
-729
508
1214
1266
974
614
200
-67
84
476
623
604
756
1120
1273
1067
604
381
121
-143
166
482
1145
957
295
153
-408
-365
-337
-503
219
268
426
1367
1358
1524
1242
-519
-862
-2200
-3532
-3132
-4070
-2865
-1540
-922
1172
1820
2212
2571
1332
567
-268
-1213
-1055
-547
439
1810
2436
2535
2135
1008
-487
-2226
-3557
-4189
-3979
-3212
-1715
-13
1405
2144
2022
1649
666
-157
-695
-947
-320
227
1228
2458
2893
2789
1655
-178
-1862
-3224
-3806
-3406
-2593
-1473
74
1471
2507
2851
2148
1117
-109
-1109
-1221
-852
-116
686
1237
1777
2006
1674
1091
174
-575
-883
-878
-116
430
671
710
362
507
548
166
33
-212
-152
641
784
985
1122
-196
-783
-2134
-3260
-2983
-3775
-3014
-1987
-796
1125
1814
2344
2566
1810
895
-268
-903
-714
-383
392
1433
2270
2663
2012
908
-360
-1991
-3255
-4028
-3828
-2900
-1661
-262
1134
2092
2104
1732
901
272
-253
-822
-509
148
1039
2065
2268
2038
1088
-723
-1870
-2644
-2927
-2629
-2298
-1174
363
1490
2219
2291
1662
739
-230
-672
-502
-220
-70
171
737
1205
1454
1272
760
262
-195
-380
-142
336
355
198
4
-122
312
386
385
390
437
918
900
1026
522
-509
-986
-2769
-3355
-3371
-3861
-2328
-1604
-293
1705
2003
2542
2456
1349
736
-484
-1122
-894
-415
650
1558
2332
2608
1966
897
-657
-2225
-3266
-3986
-3793
-2755
-1353
179
1614
2384
2410
1971
903
125
-446
-1034
-950
-339
634
1673
1977
1741
1009
-291
-1361
-2245
-2560
-2467
-2300
-1296
94
1235
2103
2192
1772
1279
401
-201
-370
-601
-665
-297
350
1076
1422
1351
1165
849
426
198
117
101
-450
-840
-609
-306
331
497
630
1089
1200
1160
854
689
-299
-1465
-2543
-3658
-3178
-3343
-2731
-1116
140
1874
2457
2361
2675
1790
550
-517
-1379
-1155
-810
-352
843
1693
1896
1396
213
-755
-1994
-3171
-3613
-3228
-2009
-523
984
2285
3167
3212
2611
1520
228
-656
-1214
-1248
-889
-451
283
719
525
79
-841
-1726
-2311
-2581
-1897
-692
547
1746
2617
3038
2952
1977
630
-515
-1426
-1791
-1721
-1359
-424
516
1166
1700
1549
1202
784
109
-213
-379
-629
-479
-306
-31
793
1126
984
1242
946
1084
1177
6
137
-881
-1940
-2200
-3511
-3134
-3317
-3248
-1581
-319
1441
2546
2828
3309
2707
1546
574
-360
-833
-1073
-1186
-309
535
750
640
-21
-691
-1633
-2796
-3173
-2645
-1821
-611
677
2018
3311
3424
2974
2270
953
-137
-1109
-1297
-500
-378
-504
-675
-753
-431
-793
-1258
-1471
-1616
-1165
-227
1135
2235
2356
1999
1736
1397
824
39
-655
-822
-1024
-1056
-612
-138
397
517
514
757
849
708
556
464
135
-232
-590
-496
256
563
751
1123
1208
1453
1418
709
381
-851
-2456
-3157
-4024
-3766
-3605
-3259
-1615
-69
1558
2765
3370
3611
2841
1381
117
-696
-1147
-1217
-1087
-411
327
563
635
275
-436
-1508
-2727
-3150
-2767
-1913
-594
764
1995
3037
3274
3222
2627
1387
228
-1025
-1732
-1749
-1438
-721
-123
51
137
4
-282
-656
-1227
-1550
-1288
-557
525
1511
2160
2545
2355
1757
1034
252
-505
-1269
-1754
-1445
-713
-40
536
871
1245
1332
1002
664
321
-87
-565
-799
-640
9
631
889
1466
1814
1785
1682
643
93
-1031
-2618
-3452
-4368
-4022
-3704
-2893
-1097
580
2233
2918
3330
3434
2533
1174
-329
-1137
-1413
-1339
-894
-31
746
852
603
65
-646
-1564
-2792
-3283
-2716
-1829
-551
682
1850
3001
3118
2756
2275
1234
35
-894
-1399
-1166
-951
-924
-403
-195
-216
-310
-536
-540
-748
-878
-506
74
623
997
1366
1631
1596
1293
949
696
309
-327
-859
-1006
-820
-545
-242
195
720
1032
1043
1009
914
430
-146
-566
-596
-129
32
504
1161
1506
1957
1680
1043
549
-1045
-2305
-3453
-4445
-4329
-4416
-3340
-1488
319
2086
3116
3783
3797
2978
1434
20
-1022
-1830
-1837
-1531
-535
586
880
1075
791
8
-876
-2265
-2927
-2758
-2392
-1293
-26
1342
2635
3037
3137
2853
1900
640
-738
-1699
-1956
-1952
-1540
-815
-203
408
563
568
422
-201
-587
-778
-617
-126
138
674
1417
1790
1921
1597
1046
570
-202
-776
-948
-960
-845
-556
-46
804
1282
1338
1139
813
530
-91
-336
-493
-448
-167
193
1072
1647
1824
1546
1213
358
-1179
-2455
-3889
-4364
-4751
-4529
-2789
-993
868
2225
3301
4256
3973
2520
842
-387
-1474
-2111
-2268
-1608
-340
309
784
1335
1296
580
-913
-2317
-2608
-2610
-2337
-1496
-356
1201
2295
2913
3501
3283
2211
637
-950
-1737
-2172
-2492
-2173
-1532
-520
496
1076
1463
1207
472
-154
-543
-713
-761
-631
32
967
1612
2018
2017
1640
959
82
-577
-1061
-1555
-1570
-1004
-40
1007
1376
1685
1696
1318
803
-71
-432
-808
-993
-470
307
1306
1862
1739
1763
1179
-299
-1536
-3136
-3959
-4566
-4995
-3566
-1835
8
1507
2596
3812
4087
3080
1568
328
-837
-1727
-2163
-1906
-806
-162
138
785
1124
1009
4
-1434
-1845
-2029
-2188
-1742
-1114
145
1202
1709
2741
3150
2614
1587
118
-489
-988
-1821
-2051
-2028
-1462
-653
18
878
1258
1038
711
408
157
-203
-588
-468
-5
424
915
1314
1545
1424
888
340
-123
-823
-1247
-1191
-845
29
484
926
1591
1465
1208
517
-225
-420
-804
-717
-87
700
1340
1480
1673
1227
360
-1107
-2809
-3464
-4415
-4341
-3322
-2107
-190
890
2192
3476
3547
2943
1559
361
-495
-1279
-1546
-1374
-927
-465
-32
656
1043
712
-249
-1198
-1349
-1366
-1472
-1416
-1083
-283
460
1249
2232
2579
1957
1095
497
228
-396
-1471
-1824
-1710
-1321
-662
119
961
1067
798
732
687
331
-296
-595
-449
-85
314
842
1370
1495
1307
884
494
165
-487
-1073
-1133
-767
-178
324
744
1323
1300
742
456
196
-122
-454
-610
-104
508
625
1183
1412
718
-199
-1748
-2556
-3276
-3997
-3333
-2514
-1303
-134
996
2562
3195
2732
1703
646
-126
-749
-1186
-1216
-859
-594
-354
236
825
981
283
-836
-1131
-1112
-1178
-1107
-1030
-462
60
477
1432
1964
1873
1397
673
313
-212
-885
-1129
-1276
-1252
-777
-49
691
1002
883
798
620
150
-190
-372
-404
-218
-7
666
1302
1429
1372
1015
849
598
-39
-465
-678
-652
-432
-122
397
845
760
624
688
697
386
-122
-236
-63
152
167
431
428
-88
-727
-1485
-1764
-2409
-2865
-2591
-2027
-995
-222
746
1713
1940
1633
970
583
150
-489
-919
-1054
-673
-336
-59
429
528
345
-140
-618
-641
-875
-1025
-949
-766
-204
253
829
1313
1250
1126
865
604
156
-497
-726
-744
-709
-588
-230
363
623
583
556
598
481
7
-235
-178
-114
-86
-23
507
991
1031
954
968
1107
911
417
96
-40
-251
-495
-289
145
432
347
288
628
775
642
294
112
79
-65
-20
-250
-513
-1103
-1730
-1778
-1949
-1678
-1447
-1166
-547
1
888
1481
1380
823
91
-193
-343
-519
-712
-865
-825
-668
-262
311
472
124
-439
-618
-385
-294
-407
-594
-558
-364
-2
603
1084
1192
889
687
633
406
-36
-518
-723
-818
-788
-421
134
490
461
415
621
749
576
233
88
106
25
48
238
486
516
355
492
790
860
673
414
425
525
340
275
232
116
38
-225
46
340
344
367
316
550
632
206
-323
-868
-1513
-1957
-2367
-2265
-1732
-1315
-665
5
882
1698
1848
1532
853
223
-293
-736
-1052
-1218
-1174
-1027
-686
-222
154
228
-84
-451
-502
-430
-408
-476
-568
-318
62
423
794
896
829
629
341
273
205
-15
-227
-439
-333
-35
72
113
-47
-101
10
86
266
368
430
496
477
537
605
539
348
136
89
247
388
392
381
350
429
486
458
541
469
466
433
408
516
355
141
-45
-80
77
-116
-460
-896
-1294
-1404
-1609
-1483
-1276
-1222
-1006
-699
174
1027
1226
1022
556
497
518
339
127
-407
-900
-1238
-1171
-547
-193
-282
-623
-756
-353
18
76
-164
-525
-685
-508
-31
441
576
324
164
292
597
832
640
310
-62
-236
35
278
345
58
-341
-293
-26
301
499
410
300
236
363
746
901
734
391
137
236
321
284
158
-90
-151
-98
110
368
376
362
402
622
868
873
752
512
339
115
-260
-707
-1363
-1831
-2019
-1864
-1415
-1162
-909
-547
39
794
1136
1007
499
-17
-113
25
147
-24
-419
-646
-547
-159
172
93
-358
-829
-908
-587
-264
-242
-477
-661
-565
-211
189
315
89
-247
-305
71
534
730
593
342
295
460
690
719
356
-185
-520
-375
66
308
242
83
126
436
775
990
944
654
380
362
600
703
428
-14
-295
-295
-218
-182
-143
-108
-46
117
451
794
868
687
520
514
461
147
-383
-896
-1215
-1302
-1160
-966
-911
-994
-912
-389
317
672
425
-73
-256
-19
310
330
-53
-557
-853
-716
-242
154
148
-187
-406
-203
208
383
82
-497
-916
-931
-642
-372
-377
-592
-685
-384
228
751
841
561
286
322
594
737
511
48
-272
-208
126
400
362
95
-76
45
364
590
553
354
233
349
622
799
693
402
183
179
273
260
68
-197
-365
-332
-135
82
182
155
158
321
557
634
371
-171
-687
-869
-673
-389
-370
-635
-827
-552
145
716
644
-41
-725
-818
-336
164
151
-370
-879
-853
-273
350
438
-82
-691
-797
-277
418
712
449
-31
-262
-107
121
-7
-569
-1194
-1376
-953
-252
238
330
269
410
808
1162
1130
684
130
-191
-192
-62
-52
-221
-357
-232
139
503
612
467
267
194
261
325
266
112
18
109
328
504
520
408
298
263
273
234
93
-71
-144
-85
37
81
-37
-284
-515
-528
-246
170
373
170
-219
-341
14
524
635
142
-584
-929
-602
74
415
31
-775
-1280
-1039
-341
111
-80
-665
-1021
-744
-9
599
616
143
-268
-165
314
599
297
-405
-927
-894
-446
-64
-75
-330
-418
-92
448
770
675
360
179
277
477
502
252
-94
-266
-174
51
175
97
-34
-8
212
446
493
342
175
135
204
256
217
140
132
247
418
536
543
501
468
418
301
121
-59
-242
-473
-704
-719
-372
106
304
99
-162
0
595
1098
959
202
-559
-720
-263
196
41
-682
-1309
-1210
-462
223
224
-417
-1087
-1193
-694
-85
98
-203
-537
-444
98
649
710
246
-321
-535
-315
5
63
-174
-427
-405
-107
217
339
232
64
30
168
347
400
299
166
138
219
289
261
152
48
25
68
98
72
14
2
94
223
289
294
319
395
447
393
273
222
277
335
331
322
395
486
371
-33
-490
-634
-406
-190
-368
-830
-967
-345
704
1337
1019
126
-436
-174
487
654
-60
-1111
-1558
-1013
-26
479
104
-703
-1140
-832
-151
221
-34
-611
-899
-584
79
522
387
-125
-486
-355
132
516
473
85
-274
-313
-69
178
173
-67
-285
-250
34
336
412
244
32
-6
180
424
530
439
257
148
179
260
255
111
-82
-177
-112
49
200
282
292
298
368
491
576
503
280
95
136
338
411
165
-201
-265
73
398
195
-513
-1073
-885
-94
522
342
-381
-791
-352
549
958
382
-691
-1280
-903
-38
427
71
-697
-1102
-775
-55
378
146
-490
-946
-846
-314
161
192
-199
-596
-542
2
626
828
477
-53
-290
-90
281
415
163
-268
-494
-302
139
431
313
-65
-288
-120
289
602
596
350
138
175
434
628
505
137
-158
-167
23
181
189
95
5
5
134
329
414
305
143
177
418
549
318
-92
-220
119
500
393
-200
-668
-446
300
798
469
-418
-970
-652
129
446
-145
-1079
-1406
-770
220
650
215
-578
-962
-639
-4
318
58
-507
-853
-666
-115
324
255
-296
-843
-871
-293
414
668
354
-93
-153
237
656
669
222
-340
-566
-303
188
465
296
-69
-188
73
415
489
269
-30
-202
-151
105
383
434
238
56
112
318
421
327
148
-7
-102
-77
96
268
220
-2
-63
201
453
321
-36
-121
178
404
161
-334
-524
-168
413
702
450
-79
-317
18
522
466
-355
-1279
-1469
-815
-35
140
-306
-788
-771
-245
324
453
61
-502
-752
-495
22
333
133
-405
-777
-591
43
552
477
-65
-489
-340
215
631
560
141
-208
-206
100
402
391
75
-224
-214
87
413
556
502
344
195
162
252
313
184
-94
-297
-272
-51
209
380
402
298
206
257
404
433
217
-83
-191
-62
61
9
-94
-41
130
153
-105
-423
-455
-121
262
302
-30
-317
-137
408
716
328
-525
-1101
-931
-286
144
-52
-634
-1002
-801
-244
142
25
-445
-783
-630
-56
484
551
107
-428
-550
-155
361
494
128
-323
-366
62
550
657
328
-102
-281
-145
98
211
125
-28
-56
87
309
483
526
429
245
94
92
231
377
391
253
63
-48
-3
138
198
54
-204
-309
-90
322
595
531
272
131
215
328
265
52
-140
-242
-353
-480
-498
-332
-64
114
120
29
17
179
351
249
-244
-818
-996
-631
-78
164
-44
-393
-484
-245
53
52
-346
-872
-1086
-750
-113
304
208
-182
-367
-113
336
543
288
-210
-500
-313
178
520
450
133
-78
-6
208
326
244
56
-77
-53
97
264
352
331
223
107
77
158
312
436
426
307
192
190
303
381
270
-5
-238
-242
-38
143
120
-40
-119
27
278
406
341
218
175
174
68
-173
-411
-480
-364
-203
-116
-102
-41
130
285
224
-115
-539
-743
-621
-344
-190
-267
-411
-389
-138
137
150
-143
-498
-573
-289
60
130
-134
-424
-425
-134
153
161
-68
-252
-164
140
384
370
156
-33
-39
73
143
99
5
-33
23
123
202
240
233
190
113
27
-10
48
183
296
305
253
254
377
535
570
435
204
55
66
154
175
47
-121
-162
-63
49
64
27
34
78
32
-134
-283
-278
-114
95
212
189
73
-6
47
145
79
-255
-669
-831
-614
-232
-19
-122
-377
-505
-367
-111
-21
-221
-497
-508
-189
169
246
55
-139
-160
-82
-76
-173
-274
-286
-175
-9
108
142
135
142
143
83
6
14
125
234
250
214
227
311
380
350
213
44
-59
-21
126
254
261
181
145
236
393
475
417
277
172
190
300
365
287
102
-37
-12
120
218
174
0
-187
-288
-296
-298
-375
-475
-451
-215
125
346
347
200
51
-34
-111
-255
-461
-638
-678
-560
-352
-183
-151
-264
-429
-489
-364
-129
18
-55
-247
-305
-94
214
306
40
-352
-485
-232
139
262
43
-241
-260
29
346
383
154
-60
-29
201
387
361
193
92
163
335
452
418
291
196
196
249
275
222
119
47
35
72
117
147
195
258
303
295
236
181
148
127
101
72
85
128
137
61
-94
-238
-325
-378
-416
-422
-333
-141
49
122
38
-109
-197
-193
-167
-217
-337
-413
-350
-174
-48
-130
-397
-631
-600
-298
25
104
-74
-245
-157
142
348
207
-180
-434
-297
95
361
259
-77
-292
-185
100
256
148
-52
-89
100
335
406
288
122
48
90
164
185
161
147
171
235
320
390
418
372
251
102
-6
-36
3
54
72
64
83
160
265
314
243
103
17
68
182
192
19
-215
-312
-223
-92
-90
-205
-275
-182
2
93
-15
-235
-390
-378
-277
-231
-287
-349
-296
-150
-74
-165
-330
-387
-268
-99
-56
-138
-185
-79
100
149
-14
-242
-298
-113
128
206
89
-55
-61
61
162
125
-19
-101
-27
145
261
247
174
145
187
228
201
123
61
67
123
171
182
180
217
291
338
305
210
127
125
188
234
206
110
12
-21
23
80
81
40
54
166
291
281
82
-169
-296
-258
-170
-176
-268
-303
-173
57
186
93
-148
-347
-374
-292
-247
-302
-409
-456
-428
-379
-342
-307
-243
-180
-156
-139
-63
82
193
143
-68
-275
-307
-152
24
68
-9
-58
27
183
266
200
62
-2
50
143
190
165
142
171
237
277
249
177
119
118
159
190
196
206
249
319
367
333
202
47
-34
7
119
180
145
68
53
128
199
150
-12
-143
-105
58
160
64
-167
-311
-237
-47
45
-54
-213
-232
-77
95
101
-74
-280
-352
-254
-100
-44
-130
-275
-350
-317
-231
-165
-169
-229
-294
-287
-181
-23
70
32
-97
-185
-136
6
88
18
-144
-248
-197
-44
67
63
9
17
112
214
225
154
97
119
178
178
88
-21
-39
57
181
229
200
187
259
384
442
359
185
44
21
91
156
158
106
78
114
174
187
123
32
-10
39
126
163
96
-47
-175
-218
-196
-169
-166
-163
-118
-36
35
50
4
-79
-177
-266
-322
-338
-320
-303
-319
-345
-334
-265
-161
-89
-79
-104
-100
-37
22
5
-94
-195
-213
-140
-44
5
7
23
78
139
140
67
-6
-21
11
35
26
38
130
281
388
372
258
143
111
137
122
29
-71
-65
73
246
313
237
116
86
161
246
249
157
61
48
109
155
113
-1
-91
-75
22
113
120
35
-61
-102
-90
-84
-145
-247
-291
-218
-80
6
-20
-99
-137
-95
-53
-85
-186
-286
-317
-289
-265
-293
-349
-370
-325
-231
-129
-55
-5
30
55
65
61
41
-8
-73
-118
-107
-46
26
63
60
65
117
200
247
216
129
66
93
170
194
122
17
3
121
283
365
328
246
229
288
329
255
67
-123
-182
-82
77
157
123
60
72
181
272
221
36
-157
-216
-114
23
42
-82
-221
-218
-70
70
33
-168
-337
-299
-84
88
47
-154
-292
-232
-52
30
-93
-313
-436
-359
-184
-81
-120
-232
-279
-213
-117
-92
-156
-240
-252
-168
-45
54
109
130
141
158
165
154
122
69
21
7
36
97
147
166
168
174
189
191
154
89
41
40
79
118
136
148
184
242
286
283
234
172
130
113
102
74
23
-26
-35
6
73
121
122
90
74
97
132
112
13
-120
-211
-213
-160
-134
-175
-247
-248
-143
-10
42
-28
-142
-192
-152
-102
-136
-252
-358
-361
-250
-130
-82
-111
-150
-134
-71
-29
-60
-143
-208
-210
-161
-109
-83
-77
-67
-26
41
108
156
175
170
159
154
151
144
123
97
81
89
119
143
160
177
194
200
187
168
155
153
152
147
138
136
150
175
197
194
162
115
82
69
52
18
-27
-65
-64
-22
34
62
49
17
2
12
19
-10
-83
-166
-219
-221
-185
-154
-160
-191
-207
-173
-103
-56
-85
-170
-239
-240
-189
-134
-135
-179
-201
-157
-70
-3
-5
-64
-115
-116
-77
-45
-55
-94
-128
-123
-78
-29
-1
3
2
26
77
137
179
189
175
159
157
162
144
92
31
5
30
85
135
161
175
196
227
239
212
153
95
75
91
117
132
135
144
156
160
143
98
40
-5
-20
-13
-9
-3
8
23
43
51
42
13
-27
-65
-87
-97
-108
-123
-137
-138
-128
-117
-118
-137
-171
-192
-191
-176
-170
-180
-188
-174
-133
-91
-66
-58
-61
-56
-41
-29
-36
-55
-77
-87
-81
-77
-78
-76
-66
-46
-17
10
29
48
69
89
109
126
132
132
130
122
106
86
75
79
93
119
143
164
175
174
160
132
95
56
22
1
6
31
63
93
114
129
133
122
96
59
19
-11
-31
-45
-55
-62
-70
-71
-66
-61
-55
-50
-50
-55
-60
-65
-75
-87
-106
-126
-142
-146
-140
-126
-113
-117
-137
-159
-177
-184
-185
-178
-170
-150
-109
-62
-23
1
7
9
12
22
29
31
36
39
41
44
46
49
53
61
71
81
100
124
149
171
182
180
166
140
118
105
104
117
129
140
157
176
183
165
125
77
40
23
17
21
29
35
48
58
60
50
35
21
14
9
4
-3
-14
-33
-55
-73
-93
-106
-110
-117
-118
-112
-110
-110
-118
-137
-157
-167
-168
-167
-156
-140
-123
-102
-93
-88
-93
-111
-135
-151
-158
-161
-153
-138
-117
-83
-46
-13
12
29
33
33
29
21
14
5
1
8
17
27
37
52
73
97
119
139
151
155
152
148
143
137
135
137
152
174
193
202
204
198
182
158
127
94
64
41
32
39
51
59
63
60
52
44
35
24
14
6
-3
-10
-20
-35
-57
-84
-112
-135
-152
-162
-164
-162
-156
-148
-135
-123
-114
-107
-103
-104
-107
-102
-93
-88
-88
-93
-96
-103
-111
-122
-136
-142
-134
-115
-90
-64
-37
-11
10
20
18
8
-3
-4
-2
5
19
36
57
71
79
81
77
68
59
57
56
57
62
68
86
111
137
165
191
208
225
239
240
226
199
166
129
97
70
46
26
12
2
-2
0
5
7
10
14
21
28
31
24
11
-7
-34
-62
-83
-105
-126
-138
-147
-147
-141
-130
-121
-117
-113
-105
-93
-88
-89
-92
-97
-99
-98
-96
-90
-89
-88
-92
-93
-94
-96
-92
-84
-73
-55
-33
-13
6
19
28
35
40
43
50
57
64
69
77
88
93
90
81
68
57
49
49
56
66
78
88
100
115
126
133
130
120
104
91
85
76
67
55
38
30
21
9
-2
-11
-17
-16
-8
10
26
37
41
39
34
25
7
-19
-50
-83
-112
-128
-134
-134
-128
-119
-105
-86
-66
-53
-49
-56
-71
-85
-94
-91
-83
-72
-53
-38
-22
-12
-15
-30
-55
-79
-91
-89
-78
-61
-40
-13
15
40
57
62
59
49
42
38
36
38
45
54
68
81
87
89
84
75
60
46
35
28
29
39
53
67
85
96
99
96
86
67
48
33
21
11
5
2
1
-3
-10
-20
-30
-41
-51
-54
-56
-52
-41
-32
-28
-24
-25
-34
-53
-74
-94
-104
-106
-103
-100
-88
-74
-65
-61
-58
-54
-49
-45
-41
-37
-24
-7
10
24
32
40
46
43
32
19
8
-3
-10
-16
-22
-26
-22
-7
8
20
34
47
56
61
69
77
83
90
92
93
88
75
57
36
17
-1
-15
-20
-17
-7
2
12
21
21
15
8
4
2
1
4
0
-4
-4
-6
-4
-7
-14
-21
-28
-32
-36
-41
-45
-45
-35
-19
-3
6
12
12
10
8
1
-8
-18
-31
-40
-46
-52
-56
-59
-64
-64
-58
-51
-48
-46
-46
-43
-39
-32
-24
-18
-17
-15
-12
-14
-20
-28
-36
-43
-45
-45
-45
-42
-36
-26
-7
13
30
44
56
66
76
85
95
100
104
105
105
106
105
93
76
62
52
51
46
39
36
37
40
44
45
41
34
32
30
29
24
21
17
13
7
-3
-9
-19
-35
-43
-49
-59
-66
-68
-68
-61
-52
-43
-39
-39
-40
-38
-37
-38
-39
-40
-44
-50
-53
-53
-59
-65
-66
-68
-63
-55
-47
-37
-27
-19
-10
-6
-3
-4
-3
3
4
7
10
7
5
2
2
7
11
16
26
37
46
52
59
61
62
65
68
67
66
60
55
52
51
53
50
50
47
44
42
39
33
28
21
16
13
12
8
6
7
11
17
22
23
24
23
18
6
-11
-28
-40
-54
-63
-66
-67
-66
-61
-53
-43
-38
-34
-31
-31
-26
-23
-25
-28
-30
-36
-43
-48
-52
-55
-57
-60
-62
-59
-54
-51
-44
-33
-23
-12
3
13
18
21
24
26
30
31
29
26
20
16
13
11
10
7
5
13
26
38
51
59
64
70
79
88
91
84
76
70
62
55
50
37
23
13
7
2
-2
-6
-10
-5
0
5
8
9
8
5
-3
-9
-11
-16
-24
-33
-38
-41
-42
-45
-45
-40
-40
-38
-32
-23
-21
-21
-19
-18
-13
-7
-5
-3
0
-1
-3
-6
-3
2
2
0
-3
-6
-5
-4
-3
-2
1
3
1
4
4
6
8
9
7
7
11
10
10
7
2
-4
-5
-2
1
2
1
0
3
7
11
13
10
8
9
9
9
6
2
-1
2
7
10
9
6
3
2
-2
-9
-12
-11
-10
-7
0
2
-2
-2
-3
-5
-2
-2
-6
-5
-5
-10
-12
-14
-17
-17
-14
-14
-13
-10
-10
-7
-4
-3
1
2
-1
-2
-3
-3
-1
1
-2
-5
-2
-1
-1
0
-3
-5
-7
-6
-1
5
7
6
8
10
12
12
10
5
-1
0
2
4
1
-2
-4
0
4
6
6
4
4
4
6
6
6
9
8
11
13
13
12
12
11
8
7
7
4
1
-1
0
1
2
3
0
-1
-2
-2
2
2
2
3
2
5
3
0
-4
-9
-15
-18
-19
-19
-16
-14
-14
-15
-14
-10
-8
-8
-7
-7
-7
-7
-8
-8
-8
-6
-2
-1
-1
-4
-6
-5
-6
-4
-3
-1
1
5
6
7
8
10
10
9
9
9
7
6
5
4
4
5
6
5
6
6
8
7
5
3
2
4
5
3
5
4
2
2
3
2
1
2
2
2
4
0
-1
2
3
-1
-6
-11
-12
-10
-4
-1
-1
0
2
3
2
0
-4
-6
-3
-4
-5
-4
-7
-3
-2
-5
-4
1
-1
-5
-4
-4
-2
0
0
1
5
5
4
7
8
6
6
3
1
2
0
1
4
0
-3
1
4
2
1
3
1
1
2
3
2
0
0
1
3
4
-2
-5
-4
-7
-8
-6
-5
-1
2
4
6
7
8
4
2
3
-1
-4
-5
-1
2
1
-1
-4
-6
-6
-6
-7
-10
-11
-9
-10
-9
-8
-5
-3
2
2
3
7
5
0
0
0
-1
1
-1
-2
-3
-4
-4
-2
-2
3
5
3
3
2
0
1
4
0
-4
1
3
4
5
7
5
6
7
5
5
5
4
7
6
3
3
4
1
0
-1
-4
-4
-1
0
4
8
4
4
3
2
2
2
2
2
2
-2
-4
-4
-5
-6
-4
-2
-1
-2
-1
-3
-7
-7
-6
-6
-6
-6
-6
-5
-6
-8
-10
-10
-11
-10
-5
-1
1
5
6
4
2
0
1
1
1
-1
-1
2
1
2
1
1
3
7
5
3
2
0
2
6
6
5
6
4
6
9
7
5
2
-2
-1
-2
-2
0
0
1
3
4
3
1
-2
-2
1
0
-2
-6
-3
1
0
0
-3
-3
0
-2
-5
-7
-12
-11
-10
-9
-7
-5
-3
-3
-1
-2
-6
-6
-9
-11
-7
-5
-8
-6
-3
-4
-3
-1
1
0
-2
0
1
2
5
6
10
10
7
6
6
4
2
0
2
3
6
8
9
10
9
10
12
12
10
8
5
2
2
5
5
4
4
3
3
3
-1
-5
-2
-2
-5
-8
-7
-4
0
2
4
2
-3
-7
-8
-7
-9
-8
-7
-8
-8
-7
-5
-5
-5
-4
-4
-2
-2
-2
-4
-5
-4
-5
-4
-3
-4
-6
-7
-4
-4
-6
-5
-8
-7
-8
-9
-5
-3
-2
-1
0
1
3
2
1
-3
-2
2
6
9
8
9
9
4
1
0
-2
-1
2
6
7
6
7
8
8
8
7
9
10
7
7
8
9
11
14
11
9
4
0
0
2
0
0
1
-1
0
1
-1
-2
-3
-4
-3
-5
-7
-8
-10
-10
-7
-9
-7
-7
-10
-8
-6
-7
-9
-6
-5
-1
1
-2
-3
-2
-2
-2
-2
-4
-7
-5
-6
-6
-4
-2
-2
1
5
3
4
2
3
5
8
8
6
4
1
-1
-4
-3
2
2
1
1
1
3
-1
-5
-4
-1
-2
1
10
9
9
6
5
8
10
6
8
7
4
3
1
-1
-2
-3
-6
-5
-5
-7
-6
-2
0
5
11
11
9
4
-1
-2
-5
-8
-4
-4
-5
-2
-2
-4
-7
-9
-8
-6
-7
-10
-13
-9
-4
-1
0
0
1
-1
1
3
3
4
2
1
0
1
-1
-3
-2
-2
-1
2
4
6
4
3
5
9
10
11
12
11
8
4
0
0
-3
-5
-1
3
2
1
1
-2
-1
0
-1
1
3
2
0
2
4
4
4
2
0
-1
-2
-1
-1
-4
-6
-5
-4
-5
-5
-4
-7
-6
-1
-1
1
-1
-4
-4
-5
-6
-4
-4
-5
-5
-4
0
-3
-8
-7
-9
-10
-6
-4
-5
-2
0
2
2
3
1
0
2
1
-4
-6
-5
-2
3
5
6
7
6
6
6
3
4
4
6
6
8
7
4
3
2
4
2
1
0
1
4
3
-1
-1
-1
1
3
0
-1
2
5
4
4
3
2
1
0
1
2
0
2
2
2
2
1
1
3
3
2
1
-1
-2
-2
-4
-2
-2
-3
-5
-4
-2
-5
-8
-9
-9
-10
-9
-8
-9
-8
-8
-9
-6
-2
2
6
6
6
5
3
2
3
3
0
-2
-6
-5
-5
-8
-8
-9
-6
-2
-1
-1
4
6
2
2
5
4
4
4
4
5
5
3
4
4
3
4
4
5
7
7
6
3
0
-2
2
6
4
3
5
4
3
2
2
-1
-1
-3
-1
3
2
0
-2
-2
0
-2
-7
-9
-8
-7
-6
-4
-4
-2
-5
-9
-9
-15
-16
-17
-17
-10
-6
-4
-4
-2
-4
-4
-2
-2
-2
2
1
-1
-1
-1
-1
1
3
0
-1
1
1
2
1
0
5
8
5
7
11
10
8
8
7
6
8
9
11
11
7
9
13
14
10
7
5
4
4
2
0
2
0
0
0
-4
-2
-1
-2
-1
-1
-5
-7
-2
0
0
-2
-4
-2
-5
-6
-6
-4
-5
-7
-6
-6
-5
-5
-8
-6
-5
-7
-4
-2
-3
-3
-4
-7
-6
-6
-5
0
0
-3
-6
-4
-3
-2
-3
0
6
4
4
3
1
-1
-2
-2
2
5
3
3
6
4
3
7
6
2
3
5
8
12
9
7
9
3
1
3
6
6
6
5
2
2
-3
-4
-5
-7
-3
3
3
-2
-6
-4
-4
-5
-1
-1
1
2
-3
-4
-6
-10
-8
-3
-5
-5
-4
-7
-3
-1
-6
-6
-5
-5
-2
1
2
2
1
-1
0
2
1
1
3
4
4
6
5
6
6
3
1
-1
-3
-4
-1
2
4
6
4
3
0
-3
-4
-3
0
1
3
2
0
4
4
-1
-2
-3
-2
1
3
4
5
2
5
5
3
3
6
9
8
8
6
3
4
7
4
5
3
1
0
1
-2
-2
1
-1
0
0
-6
-8
-7
-8
-9
-8
-9
-10
-8
-10
-10
-4
-4
-1
-2
-6
-7
-7
-8
-7
-7
-5
-1
-2
-3
-3
-2
-2
-2
-1
-1
1
3
3
3
1
3
3
1
4
6
4
6
5
4
4
2
1
1
3
6
10
9
8
6
5
7
7
9
9
8
8
6
6
8
7
5
4
2
1
0
-4
-4
-2
-1
-1
-3
-1
0
-2
-3
-3
-4
-1
-3
-1
0
0
-1
-3
-3
-1
-2
-2
-1
-4
-8
-11
-14
-11
-8
-6
-5
-4
-4
-5
-6
-3
-3
-3
0
-1
0
-2
-3
-1
-3
-6
-6
-3
-3
1
-1
-1
2
2
1
4
6
5
9
9
7
8
6
3
2
2
2
2
0
1
3
4
4
3
5
5
6
6
4
4
5
3
3
1
-1
0
-1
-1
1
0
-4
-4
-4
-6
-5
-8
-6
3
3
0
-2
-4
-5
-3
-5
-3
-2
-2
-1
-3
-1
-3
1
2
1
0
0
0
1
2
5
6
5
7
11
8
5
4
5
6
9
7
5
3
-1
-1
1
1
1
-1
-2
-1
-4
-7
-4
-4
-5
1
2
0
1
1
0
1
2
1
-1
-1
-4
-5
-1
-2
-3
-2
-4
-5
-4
-5
-6
-6
-7
-6
-1
-3
-7
-5
-4
-4
-1
2
2
3
5
4
2
2
0
-1
0
0
-3
-5
-5
-5
-3
-1
1
3
4
3
1
-3
-1
0
-1
1
3
3
3
5
6
9
9
6
4
2
4
2
1
0
0
3
6
4
3
2
2
1
2
1
-1
2
6
5
2
2
-2
-3
1
1
0
0
-1
-3
2
2
-2
-2
-5
-5
-8
-6
-2
-1
0
0
-6
-10
-6
-5
-3
0
-1
-3
-3
-5
-4
0
-1
0
1
-1
-5
-3
-1
2
6
8
10
9
6
4
2
3
1
1
3
2
1
0
0
1
2
-1
0
2
-1
2
3
3
2
2
4
4
2
2
2
3
4
0
-2
-1
-4
-3
-4
-5
-4
-3
-2
-1
-3
-4
-2
0
0
1
-4
-5
-4
-6
-6
-5
-2
0
1
1
-2
-4
-7
-7
-6
-2
-1
-2
-1
-1
-3
-3
-1
-3
-5
-2
-3
-5
-5
-5
-1
0
0
2
1
3
6
5
3
4
5
3
0
0
-1
2
5
6
8
6
2
4
5
5
7
5
2
1
1
-1
3
5
1
0
-2
-3
-2
-3
-1
1
4
3
0
-2
-2
1
4
3
2
0
0
0
-2
-3
-2
1
-3
-1
-1
-5
-6
-7
-8
-8
-6
-7
-7
-5
-2
-2
-3
-2
-5
-6
-8
-6
-5
-7
-5
-4
-2
1
3
5
5
6
6
2
3
8
9
10
11
10
13
13
11
11
7
3
4
6
3
0
2
3
1
2
3
2
3
3
0
1
0
-3
-2
-4
-5
-4
-3
-5
-2
-3
-6
-3
-1
-3
-4
-6
-10
-8
-8
-11
-8
-4
-3
-3
-3
-4
-4
-4
-4
-5
-7
-7
-8
-7
-4
-3
-3
-3
-1
-1
-2
-1
-1
1
3
2
1
-1
-5
-2
3
5
7
6
5
6
7
4
1
2
3
2
2
1
1
2
2
4
3
2
1
0
-1
0
-2
-3
0
1
1
1
0
-1
-1
1
1
4
2
-2
-4
-3
-4
-2
-1
1
2
2
3
4
6
5
4
2
3
5
5
3
3
4
7
6
2
1
1
0
-1
-4
-5
-4
-4
-4
-6
-2
0
1
2
4
3
2
2
-3
-5
-2
-3
-4
-2
-4
-7
-5
-5
-2
-1
-2
-3
-3
-4
-3
-1
-3
-4
-5
-2
3
2
0
-1
-2
-1
1
1
2
0
-2
-4
-5
-4
-5
-2
-1
1
3
3
4
3
1
-2
-3
0
2
4
3
3
1
-2
-2
1
1
0
1
0
0
3
1
0
1
3
6
6
4
2
2
2
4
5
1
-3
-3
-7
-11
-9
-8
-7
-7
-3
-1
-3
-6
-8
-7
-9
-5
0
1
0
1
1
1
-1
-3
-4
0
2
-1
2
5
6
5
5
4
5
5
6
6
2
2
3
2
5
10
7
5
7
5
6
8
5
5
5
4
3
3
6
5
3
4
4
1
-1
-4
-2
-1
1
1
-1
-3
-5
-3
1
3
3
1
0
1
-3
-4
-5
-7
-2
0
2
4
5
3
2
-1
-3
-5
-7
-6
-5
-8
-5
-2
-3
0
0
-4
-6
-6
-6
-5
-4
-1
0
-1
-2
-1
-2
-4
-4
-3
-3
-4
-4
-2
-2
0
0
1
0
0
0
-1
0
2
3
4
3
0
-3
-3
-3
-1
2
2
5
5
6
4
1
4
5
4
2
4
4
5
6
5
8
11
9
6
7
4
3
2
3
4
2
0
-2
3
1
0
4
4
2
4
5
3
-2
-4
-5
-2
1
2
2
5
3
2
3
3
2
3
4
4
0
-2
2
6
5
3
1
-1
-4
-5
-4
-2
2
4
4
2
0
-3
-6
-4
-3
-1
2
0
-1
1
-2
-5
-5
-6
-5
-6
-6
-4
-3
-1
-2
-3
-5
-4
-1
-4
-3
3
4
1
0
0
-3
-5
-4
1
5
5
1
-2
-3
-6
-8
-4
-2
-2
-2
0
-2
-2
-2
-3
-3
1
-1
-5
-3
-3
-5
-5
-4
-2
1
-2
-5
-1
0
-1
3
8
7
6
7
4
2
3
3
2
4
5
5
3
6
6
5
7
3
-3
-3
1
5
2
4
5
6
9
9
11
12
11
10
8
5
4
6
5
3
3
1
-2
-5
-3
-6
-6
-4
-3
-1
0
-1
-2
-2
-1
-4
-5
-3
-4
-4
-5
-6
-6
-4
-3
-2
-4
-4
-1
0
-1
-2
-4
-4
-3
-4
-7
-7
-7
-9
-9
-10
-8
-8
-6
-1
1
1
4
4
2
2
0
-5
-4
-4
-5
-1
0
-3
-3
-2
-2
-4
-1
1
2
3
4
4
4
4
2
1
3
5
3
1
0
-1
-2
-3
-4
-1
3
10
13
13
12
8
5
2
2
2
-1
0
-1
0
-2
-5
-4
-3
-4
-3
-3
2
5
4
2
1
-1
-3
-3
-3
-1
1
3
4
3
-1
-3
-3
-6
-4
0
3
5
5
6
2
-2
-4
-6
-6
-4
-3
-4
-5
-4
-5
-6
-3
-3
-1
2
2
0
-2
1
4
3
3
2
1
1
-1
0
0
2
2
0
2
1
1
1
2
3
3
1
-2
-4
-1
-1
-2
-1
2
2
1
0
0
-1
-1
-2
0
3
1
0
-2
-2
1
4
2
3
-1
-5
-5
-6
-8
-5
-4
-4
-4
-6
-8
-9
-7
-4
-4
-2
-1
1
0
-4
-5
-4
0
3
1
0
1
-1
-1
2
6
6
8
5
4
1
-2
-2
0
2
3
5
8
5
2
2
1
-2
-3
-1
0
-1
1
3
1
1
4
3
1
0
1
-2
-3
-3
-6
-5
0
-2
-3
-5
-6
-3
0
1
3
4
1
-2
-1
2
3
5
7
6
2
3
3
0
0
-2
0
0
-1
-2
0
-4
-6
-6
-7
-2
-5
-6
-3
-2
1
0
-2
-3
1
2
1
4
3
4
5
0
1
2
2
-2
-4
-5
-5
-4
-3
-4
-3
-4
-4
-3
0
0
0
-2
-1
0
-1
-2
-1
0
0
2
5
6
7
8
8
4
-2
0
3
2
-1
-1
2
2
0
0
1
2
2
1
1
1
-4
-5
-2
-1
-3
-1
-1
-2
-1
-2
0
0
0
-1
-4
-7
-3
-6
-7
-6
-3
0
-1
-1
1
3
4
6
6
7
3
1
2
0
2
3
3
3
2
-1
-2
-2
-2
-3
0
0
1
1
0
3
5
5
2
4
3
0
0
1
-1
1
3
1
0
-1
-4
-1
0
0
-2
-1
-4
-3
0
2
6
4
2
-1
0
-1
-1
0
0
3
5
5
5
1
-4
-4
-2
-1
0
0
1
1
0
-3
-5
-6
-4
-4
-4
-3
-4
-5
-5
-5
-5
-3
-5
-6
-4
-6
-4
-2
0
0
2
2
5
7
6
5
3
3
2
0
-1
1
3
4
4
5
4
6
5
4
6
5
3
5
8
9
9
5
2
-1
-4
-5
-5
-2
1
5
5
2
0
-3
-1
-2
-1
0
-1
-1
0
1
-1
2
2
1
-1
-3
-5
-3
-1
0
5
7
4
2
1
0
1
0
-1
-2
-2
-3
-2
-1
-1
-2
-4
1
0
-4
-4
-5
-6
-3
1
0
-2
-2
-2
-2
-2
-3
-5
-6
-6
-4
-1
2
3
2
5
6
4
3
-1
-3
-2
-1
0
0
2
7
9
5
3
5
1
1
2
0
0
-1
0
4
4
2
3
4
4
4
4
3
3
0
-1
3
3
-1
-3
-5
-5
-2
-1
-1
0
3
1
-2
-1
-1
-4
-4
0
0
2
0
0
0
0
0
1
0
1
-1
-2
-4
-4
-1
1
-2
-4
-2
-1
-1
3
3
2
2
-2
-4
-4
-4
-4
-4
0
-2
-3
-2
0
2
4
4
2
2
0
0
1
2
3
2
4
5
5
3
2
0
-3
-1
0
0
0
-2
-3
0
-1
-2
1
2
2
2
2
2
2
0
-1
-4
-4
-2
-1
-4
-6
-7
-6
-7
-9
-10
-8
-5
-6
-3
-3
-4
-4
-4
-4
0
1
0
3
3
-1
-4
-3
0
-1
-1
3
6
8
6
5
7
5
6
4
3
2
3
4
2
3
3
3
1
-1
1
1
2
5
5
6
7
4
