-1
0
-3
-5
-5
-5
-6
-7
-4
2
2
0
-2
0
1
-3
-2
2
2
4
5
2
-2
-1
2
6
1
-1
2
1
0
-3
-5
-4
-3
-3
-4
-5
-4
-4
-4
1
2
3
2
3
6
6
3
-1
-2
-1
-3
-3
2
7
7
6
8
8
8
6
8
7
5
4
1
1
3
4
1
0
-1
-1
-1
-3
-1
2
3
2
-1
1
3
3
1
-1
-4
-5
-6
-7
-8
-3
-1
-1
-3
-6
-7
-6
-3
-3
-3
-1
3
3
-1
-2
-2
-1
1
3
3
2
3
5
2
1
0
-2
-1
0
2
4
6
5
1
-1
-3
-1
1
2
2
2
-3
-4
-3
-3
-2
0
-2
-5
-5
-4
-3
-2
-2
-1
0
1
1
-3
-3
-3
-2
0
-2
-3
-6
-5
-4
-1
2
2
1
0
0
1
1
3
4
4
3
2
1
1
-1
0
3
1
2
4
3
5
5
3
5
6
3
2
1
-1
0
2
4
4
0
0
1
-3
-6
-5
1
5
4
-1
-1
-1
-5
-2
0
0
6
10
6
3
-1
-5
-4
-7
-1
2
1
1
5
5
4
1
1
2
3
1
2
4
3
2
2
2
-1
-3
0
0
1
1
2
1
-3
-4
-2
-3
-8
-9
-6
-5
-5
-3
-3
-4
-3
-2
0
-1
-1
-1
0
-1
-6
-8
-6
-4
-3
-2
1
2
3
2
0
-1
-2
-6
-6
-5
-5
-1
4
2
2
5
2
0
-1
-3
-4
-2
0
0
-2
1
-1
1
1
2
1
0
1
3
2
1
0
1
2
3
1
1
3
3
3
1
3
3
0
-2
-1
-1
-2
-1
-1
1
7
10
10
9
7
7
6
1
-2
0
-4
-4
0
2
2
-2
-3
1
2
0
-1
-3
-1
-1
-3
1
5
3
-1
1
0
0
-2
-2
4
5
1
0
-1
-3
-4
-3
-3
-3
0
-1
-1
0
-2
-1
0
0
3
3
1
0
0
-1
2
3
2
1
2
2
0
-2
-1
1
2
-1
-3
-4
0
-2
-5
-3
1
0
-2
-4
-6
-6
-5
-5
-4
-2
-2
-5
-5
-2
0
-1
-1
-3
-6
-6
-4
1
3
4
4
4
7
8
4
0
-1
-1
-2
1
4
6
6
6
5
4
1
-1
-1
-2
-2
-2
1
3
3
3
4
5
4
2
4
7
5
3
-2
-4
-3
-5
-3
-1
0
0
0
0
-3
-3
-3
-3
-5
-4
1
3
2
-4
-3
-3
-4
-3
-1
1
1
3
5
4
1
1
2
1
1
-3
-3
1
0
-3
0
0
2
7
4
4
9
7
6
4
2
1
0
-1
2
5
6
7
5
3
2
3
1
-2
-2
2
6
6
4
1
0
-3
-1
1
2
-2
-6
-6
-9
-10
-12
-8
-3
-4
-7
-5
-5
-6
-2
-2
1
5
2
0
-1
0
1
0
1
0
-1
-2
-4
-4
-2
-2
-3
-1
-4
-3
-4
-4
-2
-3
-3
-1
-1
0
3
1
-3
-3
-1
0
-3
-2
-2
-4
-4
0
2
0
0
-1
3
7
7
10
10
11
10
9
7
7
6
6
4
2
1
1
3
4
1
0
-1
-2
-1
0
3
4
4
3
1
-1
-2
-2
2
1
-2
0
-1
-1
-2
0
-1
-3
-3
-4
-6
-4
-2
-3
-2
2
5
6
5
3
4
3
2
0
-1
-3
-5
-3
-4
-2
0
-5
-6
-7
-9
-7
-6
-5
-4
-5
-6
-6
-7
-9
-6
-3
-1
1
0
0
-5
-6
-4
-4
-2
0
3
2
-1
-3
-1
-1
-1
0
2
7
9
10
8
4
1
1
-2
-5
-6
-5
-1
0
2
0
3
4
1
2
5
2
2
6
6
3
2
-1
0
2
1
0
1
-1
2
5
4
4
4
2
-4
-6
-6
-6
-4
-1
-2
-1
3
4
4
6
6
5
5
6
5
2
1
4
2
0
-1
-3
-3
-1
-1
-5
-2
3
1
-1
-4
-9
-9
-7
-9
-6
-3
-5
-1
4
0
-2
-3
-3
0
1
-8
-14
-2
12
17
17
12
1
-4
-7
-16
-20
-14
-6
10
29
35
27
10
-8
-24
-33
-30
-17
1
21
31
31
19
-5
-28
-38
-38
-28
-6
20
36
36
25
6
-13
-27
-33
-25
-5
10
19
21
16
-1
-16
-15
-14
-10
3
9
11
11
7
1
1
-2
-5
-1
6
5
1
0
-1
2
4
4
2
-4
-9
-9
-8
-5
2
5
5
5
4
2
3
-1
-3
1
2
3
6
3
1
-1
-2
1
3
3
3
5
5
3
3
-1
-4
-4
-6
-6
-3
1
2
3
1
-2
1
2
4
3
4
6
7
7
8
9
7
9
9
5
2
2
5
0
-1
-1
0
1
-1
-1
-2
-4
-2
-1
-3
-2
-4
-3
-4
-5
-4
-4
-6
-4
-4
-4
-5
-4
-3
-4
-7
-6
-4
-5
-5
-5
-8
-4
-1
-4
-3
-2
-4
-4
-1
-4
-1
1
1
3
0
-2
0
0
3
4
5
5
4
4
5
4
3
6
4
3
4
4
7
5
2
3
4
3
2
0
0
-1
0
3
4
5
4
0
-2
-2
-1
-1
1
0
-1
0
4
6
9
11
6
6
6
3
1
2
2
2
2
0
-1
-3
-4
-6
-2
1
1
0
2
0
-4
-6
-7
-4
1
4
3
2
1
-3
-7
-9
-6
-3
-3
-1
-3
-6
-7
-9
-7
-5
-2
-2
1
1
1
-2
-4
-3
-1
0
4
6
3
1
1
0
3
1
0
6
5
2
0
-4
-7
-5
-5
-4
-6
-5
-3
-4
-4
-2
-1
2
7
10
8
6
2
1
3
7
3
4
5
2
2
0
-1
0
1
2
3
5
5
3
3
0
-3
-6
-3
-1
1
2
3
5
3
3
1
-3
-5
-5
-3
-2
2
4
5
3
0
-3
-2
-2
-1
1
4
4
1
-2
-1
0
0
-1
0
-1
-3
-2
-3
-2
-1
-1
-4
-1
-2
-7
-6
-7
-8
-6
-4
-4
-4
-4
-7
-6
-5
-3
3
5
5
2
1
1
2
2
4
4
4
1
1
0
0
1
1
2
4
4
3
3
3
3
1
-2
1
0
-4
-3
-1
-1
-3
-2
-3
-3
-2
2
5
6
4
1
0
-1
-1
-3
0
2
-1
1
2
3
5
3
3
1
1
4
6
6
0
-2
-2
-4
-3
-4
-3
2
3
3
5
3
0
2
0
-2
-3
-4
-4
-3
-3
-4
-1
1
2
-3
-3
-1
-2
-2
0
3
1
0
-3
-4
-5
-4
-2
-2
-1
0
-1
-2
1
0
-1
0
-1
-1
-1
0
0
-2
-2
-1
-1
3
4
2
2
3
5
6
3
1
-1
-3
-2
-3
-4
-1
1
1
4
1
-3
-4
-4
-3
-3
0
2
1
0
-2
-5
-5
0
-1
-2
-4
-4
-2
-1
-1
-1
-2
-2
1
3
5
6
7
6
3
-1
-2
-3
-3
5
8
6
3
2
3
5
2
2
1
-1
0
0
-1
-1
-1
0
-1
1
3
0
-1
1
3
2
-3
-4
-3
-1
-1
1
4
5
1
-1
-4
-5
-8
-8
-2
0
0
0
0
1
4
3
2
4
4
2
5
4
1
4
5
6
1
-3
-5
-5
-7
-4
-2
-1
5
3
1
3
5
5
1
-3
-5
-3
3
2
-1
0
0
1
0
-5
-5
-1
2
3
1
1
0
-1
-7
-9
-7
-2
0
0
1
1
-1
-3
-4
-4
-4
-5
-5
-3
-3
-4
-2
-2
-2
-2
-1
-1
-4
-5
-2
1
1
2
2
-1
-2
-5
-11
-13
-11
0
12
13
11
7
6
11
2
-8
-9
-5
11
25
29
27
18
8
-2
-11
-15
-12
-2
10
23
30
27
18
5
-6
-16
-18
-13
-6
-1
3
7
6
3
-3
-15
-18
-16
-13
-3
4
8
7
3
1
-2
-9
-11
-9
-8
-2
-2
-4
-3
-3
-3
-4
-3
-4
-7
-11
-10
-7
-3
1
1
0
0
2
1
-1
-2
0
3
5
5
3
2
0
-3
1
4
-1
1
2
2
1
2
2
2
3
6
8
9
6
2
3
4
2
1
4
5
3
4
6
7
8
4
1
1
0
-1
-3
-5
-7
-8
-6
-5
-9
-11
-11
-5
0
-4
-2
3
5
7
5
-2
-5
-6
-5
-6
-5
-3
-2
-4
-3
-2
-1
2
-2
-1
2
3
6
5
5
5
6
7
8
10
8
4
5
3
-2
-1
0
0
3
2
-1
-1
-2
-2
-1
3
6
5
6
8
5
0
-2
-2
-2
-2
3
3
2
3
1
0
-2
-4
-4
-1
-1
-2
-3
-2
-1
0
-2
-7
-8
-6
-2
-1
-3
-3
-2
0
-2
0
6
6
-1
-36
-26
37
22
-12
3
16
10
-8
-19
-17
-8
4
14
23
21
24
16
-10
-28
-33
-22
-6
0
7
21
23
5
-12
-13
-10
-14
-25
-12
23
22
5
7
7
-1
-12
-10
3
7
-3
-11
-6
6
10
0
-5
3
7
0
-9
-11
-5
1
4
-1
-1
3
4
-1
-4
1
5
3
0
1
3
3
4
2
3
2
1
1
0
2
3
0
1
6
4
4
5
4
3
1
-2
0
1
-1
1
6
2
1
2
2
2
2
1
-1
0
0
-3
-4
-4
-4
-2
2
5
6
8
7
3
2
3
0
-2
-3
-3
-1
-1
-1
-3
-3
-1
4
3
-1
-5
-6
-6
-9
-10
-8
-4
-5
-8
-10
-7
-4
-5
-5
-3
2
1
-2
-4
-3
1
-2
-4
-8
-7
-4
-3
1
5
4
2
0
-2
-2
0
2
2
-1
-1
2
0
-3
2
5
4
8
8
6
10
6
3
1
3
3
3
4
4
4
5
5
2
5
8
5
0
-3
-5
-3
-4
-3
2
5
5
0
-2
-4
-2
-2
-1
-1
0
-1
-6
-6
-3
-1
-2
-7
-6
-3
0
-2
-3
-4
-5
-4
-3
-1
0
2
2
2
0
4
4
1
-2
-5
-3
-1
-5
-8
-3
3
1
1
5
2
-3
-6
-6
0
3
0
-3
-4
0
1
2
2
4
4
3
9
7
2
0
-1
-1
1
4
3
2
2
4
5
2
-1
-3
-4
0
-1
-4
-6
-7
-7
-9
-9
-2
2
-1
-3
-3
-1
0
-7
-6
-2
-3
-3
0
2
6
5
3
7
10
10
7
6
6
7
8
7
2
0
-1
-1
-1
-3
-4
-2
-3
-6
-8
-6
-5
-3
0
3
1
-1
3
1
-2
-2
1
4
3
2
0
0
-1
-5
-7
-5
-3
-2
-2
-2
-2
-3
-6
-3
1
-2
-4
-1
-4
-5
-5
-6
-4
-1
1
4
5
3
3
7
4
3
1
0
4
6
4
3
3
4
1
-1
-1
3
1
-2
0
3
1
1
-1
-8
-5
-2
-3
2
2
0
1
1
-2
-1
0
-1
0
0
-3
-1
2
2
4
2
-1
2
1
-2
4
6
4
1
-2
-2
-2
-1
1
3
6
6
3
-1
-4
-4
-4
-5
-5
-5
-6
-4
-4
-7
-4
-3
-1
-5
-6
-1
1
6
4
1
2
3
5
2
1
3
8
9
4
-1
4
7
2
-3
-1
1
2
3
4
6
10
8
7
6
3
2
1
1
3
3
2
3
-1
-6
-5
1
-2
-5
-7
-8
-6
-2
-2
-2
-1
1
1
-2
-5
-5
-5
-5
-3
-2
-3
-4
-2
-5
-5
-3
-7
-6
-2
0
1
1
-1
1
0
-3
-4
-4
-6
-8
-10
-8
-4
-1
-1
-2
-4
-3
-2
-2
-2
4
5
5
6
0
1
3
3
4
4
4
2
5
10
10
9
8
6
7
6
3
2
4
5
3
1
1
1
0
1
5
5
4
3
4
5
4
5
3
5
8
3
-1
0
0
1
-1
-2
0
-2
-1
-3
-4
-3
0
0
-2
-1
2
0
-3
-1
-1
-2
-4
-3
-6
-9
-10
-8
-5
-5
-4
-1
-1
-1
-3
-6
-6
-3
-2
-1
0
0
-2
-3
-5
-6
-3
-1
0
1
5
0
-5
-4
-4
0
1
1
2
0
-2
-4
0
-1
-1
2
5
3
3
5
6
3
0
-2
-1
3
6
4
1
0
-2
-3
0
-2
-1
5
6
5
4
4
1
-2
-3
-5
-4
0
1
4
5
4
1
-1
1
0
-6
-5
-1
-4
-4
-6
-7
-3
-2
-3
-1
1
3
4
1
4
6
5
2
4
4
4
4
1
1
0
-3
-1
-2
1
2
-1
0
-1
-1
-1
-2
-4
-2
-2
-3
-4
-3
1
3
2
1
-6
-7
-1
0
1
4
5
4
2
-1
-6
-4
-3
-5
-5
-3
-2
-1
-1
-5
-4
0
1
-3
-4
-3
-3
-3
-4
-2
1
2
2
-2
-3
-2
0
3
5
4
-1
-6
-7
-5
-6
-5
-1
1
3
-2
-4
-1
1
0
0
1
3
6
7
12
13
8
4
2
5
6
3
0
1
3
3
3
2
1
1
2
4
3
1
2
0
-4
-4
0
0
-2
-2
-3
-3
0
-2
-3
-1
1
-1
-4
-7
-5
-1
-3
-3
3
2
0
-2
1
5
2
-2
-2
1
2
3
3
1
0
0
-7
-6
-5
-6
-3
-5
-3
2
1
-2
-7
-5
-1
-2
0
0
1
2
2
3
4
4
2
2
4
8
7
5
4
3
3
3
1
0
-2
-5
-5
-6
-3
-1
-2
0
1
-1
-2
0
-1
-1
0
2
1
2
5
6
3
1
-3
-5
-3
-5
-11
-8
-4
-1
-2
-3
-2
-4
-5
-4
-3
-1
1
-2
3
5
3
3
3
1
3
2
1
3
9
11
8
4
0
-1
-3
-3
0
-1
-2
-1
5
7
5
4
5
4
2
1
1
5
4
0
2
4
3
4
3
-2
-4
-4
-4
-5
-4
1
3
3
0
-2
-1
-4
-7
-3
2
4
5
5
1
2
4
-1
-1
0
-3
-3
-1
-1
-2
0
1
0
-2
-5
-5
-3
-2
-5
-2
-1
-1
-2
-3
-7
-8
-5
-6
-7
-7
-7
-6
-9
-10
-3
1
-1
-3
-3
-1
-1
-3
-5
-1
4
5
6
6
10
9
8
9
7
6
8
9
9
11
10
6
1
2
5
5
0
-2
1
3
4
3
1
3
5
5
5
4
0
-5
-9
-7
-1
3
3
2
3
1
2
1
1
1
-1
-1
-1
-8
-8
-6
-6
-3
-2
-6
-4
-1
-2
-2
-3
-3
-2
-2
-2
0
2
0
1
-1
-1
2
-1
-3
-1
0
0
4
3
0
1
2
2
1
1
1
-2
-2
0
1
1
1
-2
-1
0
-2
-2
-1
-2
-3
-4
-3
-1
-1
0
1
1
4
0
-3
-2
0
-1
-2
0
2
2
3
0
0
1
0
0
2
5
7
7
5
6
5
4
1
0
4
4
6
5
4
6
4
1
1
0
-4
-7
-6
-4
-3
-3
-5
-3
-3
-7
-11
-9
-4
-2
0
0
1
-2
-3
-3
-2
-4
-5
-3
-1
0
-2
-4
-3
-3
-3
-1
1
1
0
-1
-1
1
5
1
0
0
0
1
2
3
3
7
10
7
10
9
5
5
2
1
4
4
6
6
4
6
5
4
2
3
3
4
3
-1
-2
0
-3
-6
-5
-3
2
1
-3
-1
-1
-5
-4
-1
1
1
1
0
0
-3
-4
-3
-4
-2
-2
-1
0
-2
0
-1
-2
-2
-4
-4
-4
-7
-6
-6
-8
-9
-10
-6
-3
-2
-2
-3
-3
-1
1
0
1
0
0
0
-2
-2
0
1
1
3
3
4
0
-4
3
10
11
10
9
5
5
2
1
3
5
4
6
6
4
2
0
0
4
6
3
2
1
0
0
1
-1
-2
-2
2
5
4
2
1
3
1
-2
-1
0
0
1
1
0
0
-1
-1
-2
-3
-2
-2
-1
3
2
-2
-1
-1
-2
-3
-3
-5
-2
0
1
-1
-2
-2
-2
-1
-1
-2
-3
-6
-10
-11
-9
-6
-4
0
2
5
5
3
2
1
0
2
7
6
5
3
0
-2
-4
-4
-2
-2
-4
-3
1
2
-1
-3
-4
0
2
1
-1
-1
-2
-5
-4
-2
0
1
1
2
1
1
1
2
3
2
3
3
4
6
5
2
4
4
3
2
-1
-1
2
6
2
-5
-3
0
-3
-6
-12
-8
1
6
4
1
1
2
1
1
2
0
1
4
-1
1
2
2
0
0
0
-1
-4
-4
-2
2
1
-2
-3
0
0
-2
-5
-5
-2
3
4
2
0
-3
-4
-8
-8
-4
-3
-2
0
0
1
-1
-7
-7
0
3
4
2
0
5
6
2
-1
-3
-1
3
8
11
11
11
6
4
3
4
7
9
2
-3
-4
0
3
-2
-8
-7
-1
-1
-1
1
0
-3
-1
2
1
3
2
-2
-1
-2
-1
0
1
1
-1
-3
-1
0
0
1
-1
-3
2
4
1
-6
-7
1
9
9
2
2
4
0
-6
-7
-6
-3
-1
1
4
3
-1
-3
-1
3
5
1
-3
-2
1
0
-2
-3
-4
-3
1
5
4
-1
3
13
10
3
-2
1
3
1
-3
-1
4
1
0
4
0
-4
-3
-5
-9
-4
0
-3
-7
-1
6
0
-10
-6
4
8
-4
-9
4
18
13
-10
-21
-7
2
4
-10
-16
0
3
-3
-8
-13
-7
4
-3
-14
-4
5
0
-1
4
5
0
-9
-11
5
15
7
5
14
10
3
4
6
7
2
2
7
6
15
17
8
1
6
13
5
-3
6
7
-2
-1
1
6
5
0
3
-2
-3
9
1
-12
-6
1
7
8
5
-5
-11
-4
5
7
0
-10
-12
-7
1
9
0
-5
2
0
-7
3
10
-1
-12
-6
8
6
-5
-4
-2
-2
-5
-8
2
6
2
3
-4
-9
-2
0
-8
-18
-14
3
12
-3
-21
-9
-1
-7
-14
-8
6
3
-3
2
2
-3
-4
6
5
-6
-8
4
11
-9
-16
2
0
-3
-2
-3
-1
3
9
8
0
-12
-1
22
10
-11
-1
8
2
1
5
4
1
6
8
-1
-1
7
1
-7
-1
-7
-9
19
27
2
-10
-2
16
26
6
-15
-12
0
12
17
-2
-21
-6
10
5
6
5
8
15
5
-11
-10
5
18
3
-23
-13
13
21
9
-20
-25
-16
-3
25
14
-23
-20
3
8
-4
-7
-5
-10
-15
-12
-3
9
3
-12
-10
-9
-7
11
20
6
-15
-18
2
15
-4
-20
-12
-4
5
14
15
2
-13
-21
-12
16
17
0
-14
-23
6
36
17
-28
-43
-10
29
21
-12
-11
2
-6
-7
8
18
-9
-32
-3
22
6
-1
-2
-9
16
23
-16
-18
19
28
-15
-51
24
110
-2
-136
-18
104
73
-49
-159
-44
216
121
-192
-125
96
161
30
-153
-75
98
82
22
-74
-107
72
111
-59
-82
14
88
2
-228
20
374
-68
-461
21
412
116
-314
-335
156
427
0
-294
-142
7
181
210
-30
-252
-260
95
460
129
-364
-287
-2
348
399
-256
-665
-11
604
337
-186
-603
-341
593
750
-217
-907
-382
665
833
-221
-847
-232
418
535
131
-526
-528
271
615
92
-407
-434
147
570
151
-354
-444
-63
530
420
-368
-563
6
513
387
-436
-546
333
433
-220
-391
37
440
177
-386
-446
96
460
298
-14
-584
-508
397
771
137
-630
-287
195
-58
201
500
-37
-643
-433
386
645
256
-463
-650
195
482
25
-179
-30
353
-176
-826
128
1081
390
-948
-790
385
644
309
-120
-688
-468
604
871
-339
-1050
75
943
258
-818
-506
685
607
-437
-822
149
1009
409
-1181
-1161
1317
1398
-949
-1045
126
700
188
-404
162
87
-347
-28
-32
-32
839
254
-1230
-669
693
1212
61
-1129
-751
575
1323
-512
-1211
439
1044
222
-1765
-630
2204
763
-1506
-1352
956
1398
-496
-813
-448
947
746
-909
-645
-126
1149
828
-1177
-1067
305
1117
260
-468
-543
-236
709
-150
-135
977
-471
-1165
-183
1006
1295
-581
-1705
-467
1460
890
-673
-600
-209
739
68
-1032
501
1376
-508
-1421
36
646
700
118
-509
-820
-123
1277
-149
-660
565
341
-1119
-491
1672
595
-1215
-1113
932
1118
-779
-187
6
-251
513
349
-606
-381
682
87
-577
189
516
-261
-615
-21
1137
280
-1633
-563
1516
1075
-1097
-903
54
470
851
-138
-646
-422
230
381
182
41
-536
-122
692
-220
-615
720
211
-855
-44
1032
17
-1436
123
1329
203
-650
-1249
247
1699
-195
-1007
-197
526
352
-438
-211
165
477
-44
-628
-250
495
595
-472
-364
-162
316
530
-641
-126
108
290
126
-1081
564
1247
-945
-870
161
1164
597
-1649
-422
911
576
105
-1002
-447
891
-4
8
732
-1170
-793
1077
769
-104
-1006
-112
756
-108
117
-84
-83
299
-979
342
1679
-775
-1868
306
2303
186
-2193
-703
1467
1199
-798
-827
-375
299
1346
93
-1339
-946
1336
1507
-1273
-1285
445
885
681
-723
-743
294
-282
855
946
-1883
-857
2226
138
-1641
813
582
-1382
169
1434
-180
-1518
-517
2058
819
-1656
-735
343
702
41
159
-110
-833
195
340
858
-644
-1147
1675
-103
-1733
1394
158
-1382
1965
185
-2132
-99
1107
1308
-335
-1813
-718
1485
788
-42
-491
-1411
775
1051
-30
-798
-977
1013
366
-709
438
425
-597
-1512
1240
2656
-2894
-2340
2882
1323
-1041
-1355
-557
1140
1093
104
-1609
-1233
1243
1385
-113
-1607
-603
1418
960
-801
-1359
146
774
615
86
-1262
-433
1498
169
-1290
345
556
-524
-475
786
1092
-1427
-1010
1654
440
-1410
75
456
-121
566
22
-436
-17
-10
-587
745
365
-738
546
-656
-486
1736
587
-2709
-275
2813
-887
-936
693
-444
622
421
-1012
-207
532
670
6
-1111
490
1054
-622
-216
60
58
754
-57
-1004
383
1264
-375
-631
142
65
910
-87
-1318
1184
1294
-1594
-474
1853
-567
-983
1816
-410
-1447
434
1440
810
-1687
-1040
911
746
118
-533
-635
537
-277
-596
1113
223
-1558
-430
1646
-529
-1443
1116
350
-877
-589
264
547
-522
-17
-385
-960
863
475
-1422
-268
823
-635
-261
508
-510
652
-767
-1718
2368
279
-1649
176
497
88
-341
719
-642
725
-349
-1408
1150
-1984
622
2771
-772
1215
800
-2408
-792
1186
1346
-902
-3150
-380
3344
2235
-1604
-160
17
-2038
2357
1783
-2263
-986
1278
1380
261
71
-2703
-917
2962
638
-679
-1112
-91
797
880
686
-1254
26
878
-1201
346
428
-997
559
1018
-220
-1688
-964
1485
897
-1595
-1143
1495
1288
-227
608
-547
-2649
1146
2124
-1959
-1199
734
1007
568
-275
-380
-429
-229
761
423
-1770
1028
2701
-3009
-1525
2577
303
-887
-362
365
112
144
261
592
13
-1480
1569
829
-2318
901
1498
-1921
-1245
1563
882
-103
-522
-1017
1693
174
-1033
2471
-722
-3774
1220
2783
-250
-802
-495
53
-117
-305
337
32
575
179
-1846
-915
1502
1352
-1224
-1027
832
461
-668
-1189
581
1754
-1530
-2407
1670
710
-2247
1005
933
-2650
390
2199
-1606
-1142
2009
155
-2438
198
1106
-510
419
132
-155
238
-338
-794
611
117
-339
1528
-834
-1041
1342
-66
-538
221
337
216
-390
-520
549
393
-513
387
194
-373
876
1299
-150
-1079
-50
-142
-502
1046
259
-1340
518
1347
-52
229
1202
240
-548
-1252
-244
1894
-15
-1226
-566
1646
1500
1044
457
-2672
-374
-411
-567
1227
-1350
2209
2040
-3463
1262
4410
-1121
-3608
-1594
-688
2048
783
-3388
1897
4499
-1497
-1979
1052
1658
-386
-5440
-2278
4118
1160
-1959
-25
4513
2248
-4610
-4281
3468
2853
-6381
-1296
5182
-506
-1039
3234
-490
-3782
-486
2035
-196
-2487
1662
2443
-2569
-2650
915
2044
905
-2125
-2580
2468
513
-1786
657
-1179
548
1750
-1854
-1168
2537
640
-3727
-1539
3005
2675
-2269
-2848
2463
1692
-3410
-1600
2440
1213
226
-628
-1922
1151
1936
-870
320
-652
-2005
1735
176
-670
2654
364
-4044
-1142
6386
2046
-5999
-1619
3632
2140
-1358
-2826
361
2475
716
-940
388
597
-624
95
941
-190
-1214
2080
1045
-2831
703
2874
-172
-3309
-1955
4791
2589
-5349
-1040
4687
1389
-2547
-2782
2197
4116
-2554
-4877
970
4955
779
-5224
-628
5380
-1139
-5569
2257
5507
-2656
-4552
1619
2219
444
-1564
-1549
1978
-1049
-2468
3094
2623
-2082
-3540
-1039
2986
2284
-3439
-1071
3362
-1847
-1346
1577
-863
-424
-1353
119
3681
-2016
-4533
2189
3701
-2309
-3338
2450
2284
-2749
-2543
2852
3447
-4687
-3775
5102
2370
-2390
-2423
397
4011
-1383
-4466
3814
2926
-6153
-818
6118
-1188
-3501
2390
1810
-701
-2070
1256
2032
-2278
-281
851
1000
-896
-2482
2961
3361
-2790
-2441
2248
902
-3207
2454
4281
-6106
-2671
4450
1914
285
-1710
-1236
263
1461
-71
-401
-193
-2944
2375
2251
-2174
-1351
400
3475
-2058
-3317
2519
1181
-690
-234
-937
-374
508
-1125
-9
1741
-238
-1404
449
411
-778
896
273
-3037
-349
2015
1043
211
-2222
1672
2552
-3740
-1227
2468
1359
-1213
-3010
730
4279
-193
-3845
462
3548
-635
-4312
182
2257
-1015
146
2086
-2043
-1942
2037
474
801
-610
-1898
426
-1167
-347
3015
-757
-2590
2394
894
-2292
-227
2095
31
-3353
391
1097
-634
-32
-31
1478
-1458
571
1344
-2785
804
2433
-2325
-2746
3913
1322
-5100
330
4954
1061
-5831
-1572
7997
174
-6398
-1613
2810
3105
-4098
-1741
5007
-63
-3547
-1111
2616
1225
-3153
-1510
2254
1269
-1865
-724
1760
598
-1529
-2086
867
2600
132
-1368
-1279
1078
309
-824
1340
-78
-969
-1470
1209
3657
-1819
-1771
919
-999
-47
608
-1114
1545
1956
-3034
-869
1766
493
1055
-1434
-2810
1238
3288
-1866
-1884
2581
-231
-1807
-627
2061
1655
-3461
-1541
2168
2773
-1183
-5858
1156
6710
-2910
-7187
3144
5746
-3416
-4402
3946
2649
-4275
-1590
1539
1960
693
-3507
-447
3744
1024
-2550
-1594
3265
1684
-3737
54
4541
-223
-4358
726
4919
-913
-4555
770
3323
-60
-2674
-1894
2446
1433
-3796
-641
-743
-3331
3536
356
-5644
1153
1051
-4850
-1049
2671
-2362
-4792
-463
2704
-1363
-3935
2503
419
-4193
1441
125
-1753
2842
672
-3436
233
4279
1806
-402
-908
2291
4325
-3662
-939
10454
2165
-5842
3478
6518
1165
1366
5012
963
-2855
5100
6645
-458
959
2628
1344
3032
3093
-378
1052
3127
-2720
276
5354
-232
-1047
648
-446
-796
1022
2055
-1851
-2813
-988
1666
-1517
-2634
2724
-2172
-5947
-614
3117
-1131
-5017
-2222
1392
-979
-4768
-460
827
-2384
-4968
-2396
4448
-1501
-6865
-255
1236
-964
-2083
-2780
-1329
386
-866
-3247
-137
1599
-3319
-637
4109
-4297
-3884
5621
-1611
-6096
3172
1532
-1244
1633
-3731
-2358
5877
1891
-5479
-1838
3861
557
-2806
513
2551
1640
-2671
-1973
3656
850
-480
1737
-188
-1559
-303
2221
2165
-1701
-1361
4954
2005
-5879
3173
7571
-3526
-4914
2477
5163
439
-1494
1932
2512
-377
-2
4377
-214
-2803
4265
1941
-769
4215
1749
-2318
1777
2311
1635
4376
1114
-1218
2512
1154
1973
5742
-653
-1580
3895
2103
1490
2574
2927
-70
-1357
2342
3887
3036
-1379
-752
2355
-16
1240
1852
-502
213
-771
200
2208
-236
-1202
-2353
-1500
1403
1035
-4254
-3759
4318
-1120
-6750
286
2732
-2753
-7865
-3339
4177
-1945
-7021
909
418
-6927
-3432
-212
-3025
-2547
-2869
-3637
-2081
-2754
-1476
-1137
-4092
-2886
-3975
-4514
493
2075
-4387
-7421
-615
1020
-905
-2315
-2887
935
-2177
-4032
2972
1642
-1899
2573
-1925
-5421
6177
7271
-3683
-2126
5013
1457
-728
5193
6128
230
-672
2287
3773
5951
3680
644
2029
1678
3298
6072
2827
1890
2480
1614
2415
3651
4169
2686
1921
548
434
4466
5713
2007
-2274
852
4177
262
1739
4709
-112
-2934
1673
2271
-335
1677
557
-2207
-477
1175
1534
-1010
-2293
795
-66
-2621
-1385
934
-54
-3027
-1990
-350
-2381
-857
803
-2524
-5408
-2692
1691
-1026
-2867
-1671
-2458
-3200
-1994
101
-2829
-3305
474
-2574
-6446
-993
4195
-2610
-6814
171
-722
-5067
665
1994
-4040
-4972
-1690
63
-1218
-1456
-234
-2514
-4192
-2891
1012
3685
-2166
-6019
-1297
-140
1483
515
-4186
1461
-627
-6784
2429
7099
-2487
-7261
-725
4243
1487
-1349
-110
-930
-2090
1463
2184
955
1452
-1387
-1977
2416
3943
1153
-363
2997
-382
-3674
6764
7931
-843
-3094
1298
6557
2582
1333
4972
911
-1268
2566
6238
4506
415
527
615
1077
4479
6326
-378
-4207
2836
4276
1817
619
-177
-914
-906
2586
3673
1795
-3320
-3649
3918
515
-1739
3759
-1432
-3510
87
-576
3437
2250
-3397
-3029
1
3462
1782
-2491
-2581
2128
1073
-3637
-171
5979
1177
-8571
-2202
4938
3343
-123
-7451
-891
3868
-2086
580
283
-5680
-1656
3023
-2173
-2205
-128
-949
-1419
-5965
-1461
5418
-1696
-6820
-2532
1410
363
-3540
-3167
-133
332
-3891
-4772
2380
1676
-2657
-3713
-3629
3093
1288
-6922
1104
6666
-4977
-6556
3676
4964
-466
-5764
1080
5018
-3755
-56
6135
-159
-2446
738
1294
4051
1129
54
3870
-1174
-780
4832
4486
1014
-2130
74
4359
4973
770
-1878
3923
5518
-2548
-2290
5477
6933
899
-4202
-405
6308
3839
-687
-73
571
3013
1497
-2435
4785
5799
-4322
-3193
2863
2949
2729
292
-2543
-730
1119
2890
1016
-777
-1518
-1226
2559
-1361
-292
3686
-1887
-4277
-1335
2912
1981
-1868
-1825
-4015
-651
5276
-1277
-5254
-1287
1202
-2465
-3162
4451
1605
-6346
-3549
1268
-1028
36
2369
-6589
-4282
4020
-1183
-1110
352
-1896
-3774
-3511
4058
3394
-3686
-2491
-1718
-845
2988
1343
-2156
-1010
680
-1096
112
1969
2352
741
-4846
-1629
6992
3198
-3166
-783
434
1000
3855
951
-2263
2182
2631
-1138
-1039
2251
5873
-47
-5401
1504
4196
2239
2690
-1103
-4740
3296
8433
-2931
-4210
5541
2141
-3759
974
4647
-315
-1994
999
-42
500
2317
-454
-2359
-616
2183
972
-1780
-1601
620
454
-1676
-307
525
-1297
-2475
-511
2482
-1402
-4679
2418
1235
-5683
-2230
2391
1567
-3259
-3351
-381
-1808
950
2547
-3152
-3831
-1247
1131
1202
-1372
-382
-448
-2526
-665
2980
870
-2156
494
1344
-2167
-889
5160
2366
-5189
-896
4557
841
-1174
2401
2815
-1605
-2430
2570
4491
-427
-838
563
896
3200
1823
-508
-150
878
737
-323
769
3709
1669
-2761
-1152
3678
792
-2437
2344
530
-1917
2146
-760
-1636
3143
212
-3357
-573
1718
-834
-1166
906
-1259
-1739
342
-747
-2591
-992
2306
401
-4781
-2879
1065
1612
-613
-3693
-2269
-286
-1458
-1200
1145
-117
-3591
-2823
-316
66
578
-580
-3739
-2821
1158
298
-1591
-353
-892
-2778
-1590
975
54
-818
-67
-1091
-2219
-1147
1090
2487
-977
-4713
-1275
3101
1830
-1303
-1380
-158
-386
-1129
913
2190
-838
-1571
37
-106
1221
1593
-1377
-1572
80
404
527
551
155
-1051
-680
888
-681
-519
1219
373
-688
-1619
-395
1623
1690
-1498
-3082
1700
2304
-1413
-334
1116
6
-781
-364
647
1090
1091
312
-1039
-156
1180
-146
580
2705
-1151
-2587
2857
1834
-1581
849
2364
-196
-941
554
296
933
1526
151
-1192
88
1739
467
-815
878
1250
-1312
-1340
962
1654
197
-687
197
423
-1800
-101
3216
-931
-3613
225
1922
-173
-677
1103
-865
-2306
900
1374
-124
-669
-2076
-2333
1951
3176
-2207
-3007
891
1089
-1403
-1268
825
69
-2225
-1783
723
1562
-561
-1469
-729
-1301
-944
774
886
-1471
-3749
-1834
1870
1838
-875
-2411
-1542
-267
-1295
-1806
1659
1555
-2923
-3308
-242
1505
1181
-271
-2295
-1456
73
-305
920
1317
-404
-2224
-2028
838
2752
1448
-1388
-1812
-263
1071
1350
991
656
-990
-2524
232
3077
989
-210
288
-892
-362
1381
941
769
436
-1423
-1302
2159
3354
-966
-2470
365
1280
318
785
1236
-700
-628
511
-57
961
1222
-948
-1273
1143
2009
-204
-767
431
-164
-861
390
1763
916
-915
-1181
412
1280
-501
-894
827
438
-615
35
860
538
-549
-1279
-407
675
383
-569
-178
968
-308
-1550
95
1424
-237
-1731
-789
833
261
-926
342
639
-967
-984
52
382
135
-523
-923
-445
61
113
853
139
-1498
-244
514
-620
-351
355
88
-602
-865
229
1266
217
-1651
-777
918
339
-844
-570
646
375
-598
-332
-51
-291
40
-188
-329
374
210
-492
-88
81
-84
93
-747
-736
95
107
106
204
77
-315
-541
-92
78
-363
-163
72
-480
-184
714
347
-320
-272
-19
-86
431
434
-831
-620
1036
989
63
522
-269
-971
328
1148
566
266
469
-472
-312
1430
827
-284
490
335
-250
91
1190
1898
272
-1120
-265
412
575
1356
1287
70
-528
-648
41
963
1084
605
-846
-881
1142
1858
1203
54
-1833
-2772
-1699
1499
2907
442
-1193
-1051
-656
276
960
0
-1204
-1942
-1509
1016
2537
1348
-1101
-2151
-924
159
568
412
-319
-344
-885
-1385
496
2047
866
-1860
-2321
574
1752
911
516
-336
-1190
-1029
369
1833
1250
-392
-1324
-929
675
923
221
-184
-1118
-730
761
1444
1150
-427
-2168
-1101
1693
1757
-86
-293
185
-704
-983
716
1809
375
-1360
-946
454
1585
1079
-569
-557
-195
-765
-289
1548
1852
-74
-1641
-1464
118
489
-939
-2286
-1655
1215
1726
-274
-878
-617
-618
-884
-997
69
-1
-1304
-698
805
1640
552
-1314
-1575
-379
1120
887
202
332
311
517
383
-506
54
1524
729
-611
-368
1213
2361
617
-946
-77
792
1072
988
705
603
-271
-970
138
1182
1251
-158
-1236
312
658
-139
118
315
182
-115
157
837
519
-180
-428
-385
616
1301
220
-732
-70
491
-353
-402
1116
1279
-74
-701
-590
613
1267
-570
-1210
-12
735
986
274
-868
-1299
-897
-741
-1228
-1485
-1022
-2
495
94
-754
-1497
-1377
-739
-503
-563
-648
-808
-821
314
1135
73
-1347
-1634
-434
355
337
246
-56
134
4
-197
853
584
-889
-585
525
857
304
500
950
-218
-959
575
2040
1036
-709
-710
425
357
-121
86
269
459
-168
-763
-23
246
-230
-51
560
637
-139
-46
935
30
-1146
43
1636
1194
-441
-642
73
200
429
856
611
184
343
472
394
372
265
242
124
-225
254
968
907
485
-551
-1468
-1120
-844
-907
-383
-285
158
315
-757
-1182
-971
28
-2
-1724
-1620
-94
499
185
-194
-61
-175
-935
-962
-250
284
335
-154
-246
318
354
-93
-21
420
400
-296
-811
157
1652
883
-814
-1062
-246
1108
2112
1758
-493
-1724
-623
307
824
355
-275
98
102
-292
-345
-123
-126
-791
-951
763
1931
850
-629
-965
-432
18
896
1182
113
-223
-463
-578
961
1862
440
-941
0
853
518
791
436
-120
30
-392
-298
1195
1309
-353
-638
-175
-320
-858
-1645
-1656
-1112
276
1745
591
-1752
-2270
-1191
478
844
-1128
-1931
-862
-247
669
1160
409
-611
-1578
-1110
441
1305
1149
-641
-1545
669
1430
191
480
442
-155
335
646
209
-158
293
492
6
432
1138
1043
462
73
36
-311
-201
267
59
138
583
482
-262
-1039
-638
564
320
-894
13
1508
516
-1022
-817
730
1335
81
-519
261
838
190
-459
741
1261
-207
-552
544
1256
765
-395
-250
708
851
354
-516
-609
159
56
-248
723
836
-968
-2097
-1912
-1125
-614
-704
237
671
-660
-1655
-1645
-319
533
-477
-1378
-1384
-792
655
1446
253
-797
-588
-525
-549
-84
510
522
-424
-450
799
1042
267
-363
-528
373
1408
707
-679
-233
828
189
-461
90
1172
1658
334
-663
88
329
-100
-13
355
838
361
-1072
-372
1272
265
-792
-234
-164
-83
769
726
-334
-400
640
867
75
108
962
567
-231
201
692
725
472
332
322
434
759
345
143
618
372
29
40
230
-153
-1108
-298
1032
973
55
-926
-892
-1334
-2520
-1906
-184
1335
1370
-672
-1987
-1364
-375
22
42
-614
-1590
-1002
516
1157
561
-92
-572
-1472
-788
584
343
196
311
-176
-400
407
1240
217
-1159
-49
1503
860
-197
14
170
-298
-532
-44
966
1751
859
-611
-314
-27
-427
274
717
366
-156
-698
-235
299
-41
-221
-267
-322
-29
-31
-141
423
524
-94
156
842
491
-392
-222
760
760
235
381
528
67
-248
440
887
569
793
544
-580
-823
-106
976
1230
-179
-1416
-868
520
1195
534
-670
-1103
-1145
-1300
-774
-738
-1148
-139
733
623
295
-859
-1408
-526
-175
-377
-256
-264
-164
184
383
675
34
-1406
-1115
-151
214
659
326
-121
80
-136
-185
285
399
676
1103
459
-475
-755
-514
308
792
561
606
555
-138
-307
297
494
98
-407
-384
423
570
-549
-943
-147
420
406
-58
-338
-128
-336
-545
226
1116
1094
239
-270
99
351
144
457
863
318
-189
264
858
836
274
-227
-202
344
804
783
471
103
-177
-521
-223
421
148
-209
-169
12
884
609
-920
-1699
-1553
-796
-937
-1302
688
1793
-105
-1462
-1158
-268
226
-474
-1076
-901
-798
-404
335
893
978
-411
-2013
-1170
-146
-496
36
888
430
-187
57
236
-250
-402
429
947
269
98
663
26
-982
-762
-117
1194
1895
339
-469
-26
-252
-347
-282
211
713
-408
-691
561
316
-251
50
-87
-376
-373
-13
311
287
505
410
67
315
319
97
172
439
579
210
204
642
346
290
712
457
366
438
577
926
716
353
-74
-472
221
730
20
-319
-133
-313
569
1508
295
-1774
-2453
-1283
-391
-804
-836
456
582
-607
-1152
-912
-137
-225
-1260
-1703
-970
-59
7
163
331
-134
-927
-931
-730
-744
47
454
133
45
494
610
-242
-728
-97
1011
1235
564
163
83
-360
-925
-458
826
1423
375
-254
293
277
-492
-888
-313
591
436
-504
-332
-32
-173
-76
-84
70
-131
-762
-676
193
536
324
168
72
469
570
305
197
140
349
609
672
658
728
665
649
590
401
770
981
601
430
518
400
-163
-172
585
700
-194
-504
-154
37
456
87
-666
-1142
-1307
-1276
-1816
-1446
283
1169
-62
-1261
-1248
-453
-134
-886
-898
-571
-826
-820
-22
812
562
-413
-1275
-961
-481
-79
509
343
-10
-67
193
-1
-39
291
602
733
226
-50
-111
-40
-213
-306
14
714
1000
38
-265
116
2
-282
-220
240
421
-65
-842
-642
172
460
179
-280
-425
-509
-373
163
678
543
155
339
447
189
200
500
847
907
485
160
520
761
666
576
493
638
958
1001
668
277
-141
176
750
488
-106
-744
-655
313
677
88
-122
-206
-449
-1001
-1867
-1776
-1363
-1181
-418
512
339
-777
-1458
-957
130
-40
-1214
-1534
-856
-10
196
327
545
370
-496
-1357
-1069
-271
513
734
369
-175
-86
175
100
208
376
644
552
62
-43
131
-117
-226
166
417
440
159
-97
143
214
30
-210
-318
-21
293
17
-293
-63
217
161
-310
-439
39
244
-73
-148
331
803
685
145
9
384
737
735
697
659
638
575
529
715
959
805
574
603
597
547
330
429
812
699
114
-196
-262
-248
-398
-187
207
-49
-579
-344
40
-516
-1713
-2307
-1330
-735
-950
-633
278
538
-294
-1362
-1299
-487
-344
-710
-931
-856
-124
440
268
-50
-343
-637
-970
-901
-282
768
905
45
-481
-169
401
201
-149
241
1072
815
-162
-176
415
402
-324
-559
229
946
691
128
-10
36
84
-86
-238
29
195
-43
-313
-74
401
378
-197
-522
-123
246
192
99
391
699
562
405
581
979
873
521
518
718
871
852
746
738
720
608
455
518
620
599
546
368
281
-27
-240
-306
-117
-86
-242
-229
-505
-468
-92
117
-483
-1442
-1827
-1370
-1052
-1502
-1260
28
770
241
-945
-1270
-583
-320
-861
-1112
-706
-218
125
-30
96
461
210
-716
-1371
-1038
16
813
506
144
208
197
-190
-340
276
1133
1197
235
-155
247
486
85
-256
91
528
195
-370
165
1022
783
-230
-726
-220
248
-146
-443
101
599
256
-171
-57
240
88
-201
58
556
665
598
814
929
600
262
451
877
870
524
467
648
752
715
581
268
-3
229
545
454
63
33
242
-54
-514
-514
-179
-437
-859
-587
-36
-156
-801
-589
33
-225
-1279
-1760
-1339
-1320
-1572
-899
801
1548
344
-1134
-1259
-474
-430
-1097
-1310
-567
409
710
594
501
413
-184
-1200
-1616
-803
502
986
598
376
716
772
110
-477
-184
465
630
564
876
1218
750
-302
-926
-663
-82
275
471
687
822
642
200
-238
-539
-698
-615
-158
469
882
937
672
246
-186
-378
-192
140
451
660
840
955
818
511
154
-12
65
279
511
583
518
259
-57
-98
44
51
-176
-291
-127
-15
-118
-242
-334
-404
-409
-382
-419
-584
-520
-354
-325
-395
-228
81
-287
-922
-999
-526
-606
-1380
-1303
-171
706
354
-313
-54
493
303
-541
-1000
-744
-518
-412
-7
731
1173
822
177
-257
-457
-518
-475
-175
202
540
828
835
555
131
-27
101
185
254
356
430
205
-124
-146
74
165
33
44
306
502
458
248
55
-85
-138
-5
273
506
493
297
142
205
439
491
222
-123
-118
115
196
250
418
534
224
-163
-81
182
44
-421
-492
-43
327
212
-180
-448
-567
-516
-295
5
133
-136
-542
-675
-328
14
-142
-579
-673
-339
-72
-126
-226
-163
2
52
-31
-114
-41
88
-162
-884
-1324
-788
240
640
371
349
794
904
338
-229
-353
-445
-725
-758
-285
242
457
634
999
1123
646
-109
-673
-949
-969
-677
-186
230
537
942
1200
833
17
-575
-664
-594
-542
-284
260
729
772
533
428
486
379
-21
-388
-317
104
426
519
609
724
566
102
-210
-77
225
280
82
-102
-77
43
66
-36
-109
-41
86
36
-231
-402
-301
-168
-213
-299
-303
-318
-338
-202
-24
-71
-254
-298
-318
-461
-487
-287
-175
-286
-276
-33
7
-319
-497
-179
209
235
101
183
329
200
-43
124
624
715
-3
-845
-861
-179
217
6
-98
393
914
839
394
103
-38
-380
-916
-1132
-691
83
596
691
688
700
473
-62
-558
-748
-738
-610
-283
223
689
898
826
561
266
43
-126
-273
-313
-123
182
327
321
431
641
628
322
26
-130
-260
-296
-3
453
559
260
64
177
241
20
-161
-33
96
-75
-277
-226
-193
-359
-306
70
185
-204
-592
-594
-435
-318
-175
-114
-291
-534
-540
-323
-141
-146
-269
-313
-239
-127
-58
-38
-13
3
11
93
219
253
170
82
110
291
428
291
9
-76
79
216
264
375
414
45
-539
-723
-420
-133
-133
-152
49
316
446
475
435
252
-84
-425
-583
-534
-383
-122
306
730
872
664
259
-126
-333
-330
-226
-158
-115
8
223
483
702
713
386
-136
-503
-502
-251
-9
147
326
537
661
622
449
207
-38
-224
-252
-76
208
383
331
100
-152
-220
-65
84
-39
-336
-479
-420
-345
-334
-285
-133
-17
-109
-369
-531
-423
-228
-152
-149
-102
-36
-85
-207
-201
-53
26
-51
-131
-71
37
16
-95
-96
65
245
269
173
143
200
139
-112
-281
-136
114
130
-2
34
200
202
56
22
63
-126
-497
-614
-357
-143
-257
-348
-11
466
540
256
128
232
132
-258
-463
-212
143
268
311
437
479
317
128
122
214
199
51
-130
-198
2
371
548
391
183
186
181
-132
-454
-301
142
286
178
367
795
713
-4
-500
-286
45
-171
-466
-187
234
90
-359
-271
171
168
-307
-557
-250
-78
-285
-367
-133
95
-58
-220
-233
-292
-281
-189
66
225
187
117
-97
-272
-295
-102
140
129
50
-8
22
29
-27
46
72
-10
-135
-103
69
33
-44
18
147
83
-159
-170
-19
11
-144
-174
101
277
93
-299
-548
-508
-369
-248
-211
-154
32
270
404
355
299
255
22
-332
-439
-139
208
324
423
616
635
321
34
98
250
161
-11
13
123
183
265
347
297
171
110
25
-220
-425
-273
59
118
-39
25
332
433
111
-283
-381
-316
-358
-448
-306
65
249
50
-198
-147
95
136
-71
-207
-77
142
86
-116
-128
52
178
58
-51
-22
-20
-91
-125
13
61
-40
-88
-47
-39
-208
-254
-95
-27
-122
-172
5
73
-88
-148
-7
91
-78
-192
-17
234
307
154
7
-80
-224
-352
-311
-9
356
430
164
-252
-530
-569
-500
-445
-386
-173
183
430
453
431
468
338
-83
-458
-420
-91
177
336
562
719
501
70
-57
127
133
-143
-267
-58
137
75
-33
27
82
-48
-219
-213
-70
-4
-72
-126
-37
117
172
123
78
61
23
-60
-99
-20
80
69
-17
-5
112
176
131
99
191
307
311
176
45
4
-10
12
17
-52
-94
-35
11
-78
-154
-71
27
-79
-284
-310
-170
-64
-92
-141
-134
-118
-81
-50
-50
-59
-37
-5
-36
-75
-66
-7
59
106
171
175
74
-58
-129
-156
-162
-83
40
8
-275
-575
-568
-377
-351
-447
-303
77
249
115
116
379
411
-54
-479
-336
60
158
78
316
715
653
154
-78
185
301
-107
-488
-280
178
269
105
147
317
135
-371
-638
-395
-4
127
99
205
412
447
259
92
72
82
-46
-240
-212
119
444
408
127
8
107
139
48
113
327
283
-72
-232
-1
165
8
-194
-202
-144
-167
-132
63
193
72
-140
-200
-103
-25
-21
-39
-80
-158
-202
-131
-17
1
-32
-12
16
8
18
29
-51
-162
-151
-31
30
-13
-20
58
52
-49
-32
19
-268
-874
-1175
-872
-463
-380
-341
43
505
517
229
228
403
65
-686
-916
-349
263
384
378
679
943
621
29
-62
253
190
-274
-359
33
256
183
174
300
358
151
-255
-455
-274
-60
6
95
238
300
310
291
241
231
238
9
-314
-232
150
368
274
153
125
174
53
-115
41
266
4
-402
-225
275
423
132
-62
-49
-71
-306
-311
57
325
55
-296
-139
191
128
-276
-337
-137
-92
-280
-215
74
126
-151
-279
-84
93
117
-33
-158
-172
37
168
44
-141
-1
223
117
-44
19
16
-621
-1478
-1513
-716
-234
-364
-332
313
837
567
121
173
220
-448
-1249
-1046
71
821
675
484
814
978
436
-213
-249
3
-175
-591
-378
473
930
571
98
121
300
37
-429
-436
-73
41
-197
-241
220
641
426
29
87
423
453
39
-177
127
360
180
17
269
600
445
-19
-105
207
250
-80
-248
-13
246
148
2
227
500
211
-432
-507
-173
-23
-76
-253
-32
286
-18
-354
-233
-27
-133
-563
-715
-202
233
129
71
281
419
158
-317
-343
4
158
75
124
334
277
67
-128
-475
-1065
-1879
-1991
-1118
-546
-481
-357
146
887
775
101
-46
-76
-533
-1161
-1121
-58
807
818
771
1149
1375
707
-165
-198
180
46
-628
-724
175
794
589
249
258
461
125
-476
-363
61
110
-298
-805
-693
-279
-183
-141
112
599
873
662
623
1012
1194
620
-323
-621
-191
209
256
269
607
773
368
56
199
391
15
-715
-579
267
595
328
96
387
647
135
-375
-309
-212
-473
-789
-488
188
431
299
328
645
644
133
-386
-524
-169
-110
-332
-72
241
497
178
-585
-435
-548
-1578
-2632
-3153
-2115
-1005
-1064
-691
277
1140
1078
154
63
348
-345
-1409
-1419
47
1302
1295
1124
1626
2168
1579
337
-12
132
-397
-1313
-1660
-733
419
344
122
399
555
460
-314
-678
-115
-265
-893
-1471
-1620
-726
-112
96
612
1086
1620
1752
1513
1561
1301
301
-1017
-1603
-941
31
594
879
1295
1637
1224
471
60
-264
-805
-1357
-1234
-169
851
1218
1445
1511
1244
643
-217
-504
-559
-894
-740
-299
507
1445
1507
1586
1552
990
628
-430
-1302
-1307
-1540
-1273
-1231
-1491
-1233
-1886
-2599
-2576
-2202
-1223
-1043
-1201
-482
324
1010
941
422
296
-177
-568
-220
721
1833
1966
1441
1342
1401
1173
441
-515
-1022
-1485
-1961
-1669
-888
-121
-2
-573
-552
-240
-210
-204
-476
-510
-546
-872
-497
250
926
1380
1301
1393
1661
1654
1420
836
150
-439
-925
-1012
-597
86
606
753
763
778
684
359
-156
-449
-500
-486
-127
499
1269
1748
1504
1252
1021
702
442
-55
-108
-43
-126
372
824
1376
1618
982
774
239
-589
-882
-1528
-1554
-1663
-2555
-2651
-3033
-3282
-2766
-2431
-1329
-565
-543
196
843
1437
1609
813
396
52
-190
386
1160
2096
2443
1788
1307
867
344
-265
-1407
-2174
-2575
-2830
-2204
-1357
-386
330
-15
-247
-243
-46
330
-149
-676
-895
-797
114
1123
2144
2751
2397
1788
1195
841
450
-542
-1611
-2203
-2007
-1002
183
1184
1719
1515
998
403
-80
-279
-705
-1008
-788
-190
961
1881
2282
2450
1932
1295
750
192
-1
-336
-571
-261
310
1063
1508
1532
1431
946
94
-789
-1349
-1432
-1673
-2397
-3062
-3415
-3505
-3391
-2876
-1590
-339
92
269
890
1924
2220
1260
161
-452
-564
-247
630
2180
3154
2739
1656
789
434
-300
-1718
-2898
-3496
-3486
-2933
-1866
-289
877
923
387
10
150
432
134
-428
-717
-564
248
1294
2343
3058
2779
1851
757
-15
-399
-1156
-2054
-2529
-2262
-1194
-31
1070
1929
1968
1381
501
-84
-229
-537
-801
-655
-4
981
1759
2274
2461
2103
1281
402
-84
-267
-353
-495
-375
199
728
1199
1352
1213
982
183
-509
-870
-1180
-1246
-1887
-2651
-3037
-3563
-3524
-3018
-2101
-751
-75
438
1241
1858
2232
1730
735
32
-544
-531
228
1304
2297
2419
1795
1067
211
-689
-1683
-2740
-3406
-3632
-3220
-1992
-478
813
1392
1144
697
471
592
861
672
53
-334
-111
725
1731
2333
2398
1710
463
-429
-804
-1097
-1712
-2477
-2424
-1446
-186
1024
1885
2245
1846
840
72
-187
-268
-547
-739
-237
731
1671
2241
2358
2023
1100
74
-490
-526
-419
-526
-422
14
553
1115
1314
1323
1049
164
-453
-716
-844
-763
-1261
-1940
-2479
-3317
-3540
-3086
-2173
-796
-110
289
1096
1761
2220
1897
882
66
-759
-1098
-385
907
2190
2452
1763
1095
377
-589
-1753
-2862
-3416
-3591
-3300
-2023
-218
1291
1818
1354
873
575
334
324
110
-71
-52
31
793
1717
2168
2063
1063
-20
-686
-1185
-1436
-1773
-1992
-1705
-1054
81
1317
2176
2326
1691
976
386
-8
-256
-557
-420
28
581
1522
2146
2271
1823
617
-144
-622
-964
-853
-820
-425
236
641
1400
1727
1492
1079
18
-418
-513
-812
-808
-1397
-2093
-2491
-3401
-3438
-2851
-2063
-778
-139
603
1811
2307
2364
1705
452
-266
-957
-989
142
1374
2322
2362
1564
926
27
-1258
-2446
-3590
-3904
-3632
-2887
-1177
527
1809
2153
1361
867
504
274
272
-331
-364
24
373
1362
1991
2280
1974
371
-833
-1314
-1574
-1639
-2164
-2186
-1264
-236
971
1990
2544
2381
1328
295
-174
-189
-244
-440
-181
549
1323
1949
2113
1983
1401
255
-594
-992
-929
-860
-834
-424
88
874
1335
1503
1521
778
72
-333
-630
-585
-1013
-1933
-2421
-3064
-3320
-2726
-2132
-961
-39
258
1083
1713
1894
1689
632
-248
-592
-782
-80
1074
2047
2552
1918
1085
279
-816
-1927
-3214
-3832
-3671
-3152
-1740
-78
1336
2254
1779
1126
782
193
187
-201
-708
-331
-145
817
2072
2289
2183
938
-581
-1139
-1711
-1832
-1890
-2224
-1751
-789
640
2186
2822
2604
1781
892
202
-257
-299
-473
-416
-39
453
1763
2403
2124
1621
281
-400
-637
-1021
-755
-771
-726
-154
471
1313
1878
1654
963
97
-265
-183
-380
-847
-2007
-2822
-3212
-3706
-2993
-2060
-1122
-39
312
1239
2494
2511
1881
754
-659
-1085
-1202
-573
1190
2151
2477
2212
1437
894
-329
-2009
-3257
-4160
-4256
-3560
-2160
11
1538
2223
2192
1512
1059
331
-147
-41
-272
-321
-112
389
1496
2007
1719
981
-498
-1627
-1995
-1866
-1369
-1487
-1625
-1079
-22
1466
2464
2820
2446
1268
404
32
103
171
-304
-329
197
1035
1987
2307
2145
1206
-136
-814
-936
-671
-748
-1038
-697
-133
640
1401
1742
1669
860
-67
-334
-403
-988
-2150
-3282
-3970
-3965
-3308
-1995
-232
822
1296
1867
2368
2487
1591
87
-1025
-1592
-1475
-424
1273
2580
2873
2324
1338
264
-1262
-2894
-3790
-4196
-4042
-3128
-1527
543
2072
2669
2551
1917
1120
335
-47
-194
-478
-463
23
905
1734
1751
1195
219
-1185
-2187
-2531
-2479
-2209
-1941
-1154
343
1679
2558
2984
2703
1838
627
-345
-548
-516
-521
-207
428
1306
1934
2054
2034
1576
617
-262
-867
-932
-879
-952
-381
372
929
1281
1274
1289
873
207
91
-38
-621
-1829
-2874
-3042
-3250
-3251
-2573
-1213
289
910
1572
2773
3237
2482
823
-558
-1141
-1701
-1774
-667
837
1718
1558
952
557
-384
-2107
-3565
-4130
-3760
-2965
-1768
222
2130
3114
3200
2771
2304
1409
217
-596
-1090
-1155
-885
-322
490
804
579
0
-909
-1652
-1961
-1778
-1377
-1010
-310
897
2002
2490
2538
2322
1704
573
-538
-915
-918
-973
-867
-171
964
1604
1640
1565
1520
1082
209
-462
-716
-680
-866
-595
430
1292
1776
1659
1636
1499
731
9
-549
-884
-1839
-2987
-3390
-3544
-3318
-2931
-1855
-144
916
1639
2487
3205
3108
1903
462
-502
-1192
-1628
-1206
69
1152
1384
1099
746
119
-1326
-2975
-3794
-3845
-3319
-2300
-577
1549
2812
3150
3040
2587
1848
532
-512
-951
-1438
-1491
-1010
11
988
891
454
-43
-881
-1578
-1949
-1772
-1259
-915
-13
1505
2616
3075
2792
2248
1476
48
-1067
-1589
-1743
-1539
-1071
84
1378
1841
1874
1804
1421
842
-291
-979
-1029
-1289
-881
-64
1085
2046
2055
2048
1968
1328
450
-390
-1258
-2199
-3421
-3907
-3622
-3511
-2938
-1902
-223
1274
1866
2588
3221
2950
1830
405
-535
-954
-1458
-1193
67
1074
1586
1244
818
463
-937
-2519
-3526
-3792
-3245
-2507
-1133
969
2397
3043
3105
2665
2149
865
-358
-876
-1519
-1779
-1608
-744
680
1133
864
337
-601
-1245
-1616
-1667
-1319
-1281
-703
827
2364
3445
3472
2809
1950
514
-790
-1445
-1793
-1771
-1514
-688
784
1743
2081
2122
1680
980
-145
-1072
-1170
-1195
-1042
-436
542
1719
2276
2379
2312
1627
701
-218
-1092
-1953
-3211
-3977
-4086
-3946
-3139
-1916
-203
1225
1820
2516
3195
3078
2028
487
-724
-1375
-1854
-1580
-288
961
1583
1372
993
724
-326
-1842
-3025
-3565
-3359
-2801
-1566
501
2157
2963
3095
2806
2494
1513
243
-652
-1673
-2219
-2106
-1350
-33
565
648
634
120
-437
-829
-1046
-1092
-1441
-1303
-48
1339
2410
2938
3071
2885
1688
224
-628
-1263
-1791
-2151
-1690
-230
851
1529
2064
2232
1955
699
-449
-889
-1224
-1353
-1146
-308
965
1724
2079
2378
2160
1605
490
-912
-2025
-3299
-4105
-4541
-4487
-3344
-1803
53
1647
2559
3291
3541
2920
1794
313
-1105
-1974
-2467
-1894
-439
829
1730
1795
1446
982
-257
-1631
-2701
-3344
-3175
-2679
-1538
424
2018
3001
3255
2846
2458
1462
251
-525
-1609
-2264
-2350
-1788
-262
659
915
808
218
-133
-529
-1021
-1323
-1584
-1286
-227
954
2080
2874
2962
2563
1553
344
-581
-1495
-2027
-1902
-1267
-329
571
1371
2158
2503
1931
982
-10
-820
-1186
-1400
-1023
-268
378
1194
1865
2239
2133
1419
418
-746
-2176
-3403
-4084
-4587
-4391
-3386
-1699
396
1782
2744
3549
3617
2875
1520
-11
-1191
-2118
-2549
-1754
-418
860
1676
1653
1552
911
-401
-1572
-2668
-3110
-2936
-2533
-1176
520
1922
2997
3085
2886
2465
1390
555
-426
-1391
-1802
-2172
-1755
-822
-182
496
533
155
113
-45
-162
-439
-927
-689
-134
375
1173
1823
2279
2192
1362
819
292
-589
-1275
-1648
-1287
-651
-284
539
1552
2094
2106
1420
698
85
-888
-1283
-1088
-690
30
507
1185
1912
2029
1657
669
-750
-2316
-3587
-4549
-4906
-4333
-3072
-1031
774
2250
3628
4170
3902
2672
1030
-452
-1902
-2815
-2760
-1743
-367
769
1534
1877
1656
740
-584
-1773
-2649
-3142
-3042
-2221
-718
903
2211
3047
3281
3062
2382
1500
480
-820
-1940
-2504
-2380
-1735
-921
-28
697
907
760
665
528
60
-676
-1178
-991
-514
96
1081
2059
2552
2207
1480
1018
334
-655
-1467
-1777
-1438
-1019
-388
857
1872
2184
1912
1389
989
232
-783
-1229
-1176
-851
-266
409
1200
1755
1599
1051
142
-1196
-2470
-3720
-4615
-4537
-3667
-2047
-231
1350
2944
4014
4088
3301
1972
488
-1039
-2350
-2827
-2309
-1361
-360
590
1327
1642
1192
233
-665
-1525
-2287
-2659
-2377
-1381
-239
808
1940
2782
3014
2686
2101
1483
418
-960
-1850
-2103
-2012
-1768
-1160
-110
622
762
820
958
844
167
-566
-689
-515
-332
117
905
1666
1790
1396
1145
880
254
-517
-1101
-1211
-1073
-861
-56
926
1469
1629
1357
1265
1005
238
-272
-626
-647
-466
-234
237
669
766
430
-103
-1072
-1962
-2899
-3886
-3847
-3274
-1956
-388
718
2187
3327
3663
3302
2155
899
-379
-1712
-2278
-1966
-1281
-650
-281
267
897
913
343
-405
-1047
-1500
-1891
-1752
-924
-90
628
1223
1936
2668
2589
2019
1185
104
-661
-1232
-1428
-1259
-1308
-1143
-607
-75
451
656
575
487
155
-95
43
195
465
721
859
1139
1030
769
752
509
220
-269
-756
-647
-520
-239
268
520
796
817
800
1082
850
302
-156
-438
-116
215
300
478
294
-59
-444
-1134
-1714
-2494
-3440
-3652
-3173
-2052
-710
211
1200
2266
2964
3131
2494
1421
350
-706
-1381
-1470
-1195
-790
-543
-341
154
523
307
-342
-1033
-1280
-1316
-1486
-1304
-641
209
983
1526
2215
2758
2365
1364
396
-198
-562
-1189
-1561
-1270
-827
-494
-307
35
524
519
147
-83
-36
168
185
234
647
1060
1162
1034
973
1091
955
413
-100
-382
-511
-525
-408
4
469
622
723
861
936
886
489
81
-40
-46
93
187
212
352
189
-422
-1196
-1876
-2395
-3012
-3477
-3151
-2084
-996
-181
765
1917
2685
2461
1761
1320
791
-59
-921
-1207
-836
-675
-716
-419
77
323
-151
-789
-927
-970
-1119
-1268
-1116
-549
-53
441
1145
1831
2232
2100
1689
1212
547
-188
-880
-1339
-1419
-1194
-724
-285
-56
192
548
728
548
216
75
134
124
239
724
1116
1020
667
660
1033
966
320
-274
-480
-431
-397
-120
478
783
594
397
639
964
718
142
-101
53
152
121
332
558
195
-743
-1558
-1938
-2492
-3296
-3491
-2655
-1432
-639
11
1086
2151
2437
2003
1507
1040
241
-676
-994
-606
-300
-509
-698
-350
210
256
-251
-673
-814
-999
-1305
-1370
-959
-481
-269
69
901
1861
2177
1717
1213
990
682
47
-590
-745
-631
-665
-705
-425
82
268
-12
-283
-203
60
234
418
786
1096
1010
700
687
1000
1082
652
119
-51
-5
-54
-88
71
235
169
124
479
937
897
393
24
72
171
62
0
147
232
26
-309
-627
-1146
-2028
-2803
-2886
-2374
-1767
-1282
-658
273
1190
1731
1827
1553
1007
356
-160
-378
-383
-367
-414
-449
-320
-41
122
-88
-507
-716
-630
-574
-736
-882
-767
-516
-295
29
588
1074
1120
916
923
1108
998
478
46
17
56
-198
-523
-548
-391
-422
-601
-560
-201
180
403
656
1027
1273
1185
916
790
791
619
228
-95
-125
18
101
130
241
415
499
454
406
414
365
190
10
-26
31
34
-20
-37
-65
-299
-771
-1250
-1558
-1757
-1898
-1886
-1631
-1227
-765
-155
558
1004
922
583
468
599
549
152
-247
-355
-308
-272
-98
231
270
-224
-698
-518
12
36
-539
-924
-721
-367
-240
-65
333
474
137
-68
352
926
907
462
361
705
886
631
323
211
1
-500
-944
-913
-551
-264
-102
184
613
875
884
927
1147
1260
976
477
157
86
19
-179
-362
-348
-154
111
402
680
827
716
422
212
173
75
-246
-573
-617
-489
-538
-797
-994
-1062
-1165
-1261
-1114
-789
-631
-636
-396
162
510
293
-84
-97
147
196
15
-71
-58
-165
-292
-151
160
178
-168
-357
-88
282
281
-40
-295
-385
-418
-389
-252
-126
-184
-319
-250
51
368
527
557
561
594
693
806
790
602
337
71
-185
-372
-347
-128
22
-38
-99
80
417
636
703
781
856
790
633
578
572
325
-161
-476
-368
-110
-31
-11
195
478
593
577
586
519
178
-283
-538
-610
-814
-1181
-1383
-1285
-1095
-946
-744
-452
-211
-41
180
394
329
-93
-507
-554
-332
-183
-245
-363
-372
-238
-17
185
204
-51
-387
-461
-139
318
513
332
36
-51
101
260
216
-29
-345
-589
-641
-439
-77
190
193
86
190
535
844
904
776
565
258
-58
-111
140
324
136
-201
-231
76
367
446
408
353
279
268
444
696
721
434
149
157
341
371
158
-68
-106
4
172
341
433
382
230
147
174
56
-443
-1159
-1667
-1719
-1463
-1192
-998
-763
-339
292
936
1247
969
257
-378
-560
-402
-357
-659
-1055
-1117
-690
-51
355
299
-112
-500
-491
-96
296
286
-87
-356
-169
358
790
778
326
-230
-494
-335
-1
155
17
-219
-251
37
493
825
818
506
153
31
191
435
501
318
45
-97
17
297
530
527
267
-21
-53
181
390
327
60
-141
-79
218
577
774
679
396
200
258
416
379
88
-223
-277
-68
163
171
-151
-678
-1117
-1237
-1055
-866
-920
-1089
-978
-367
465
992
917
422
-22
-98
97
160
-218
-898
-1368
-1252
-682
-161
-77
-381
-671
-547
-7
528
606
180
-324
-441
-104
354
542
340
-41
-233
-29
408
698
583
152
-208
-195
159
524
559
224
-166
-244
105
616
854
624
135
-161
-1
433
711
561
118
-204
-128
229
474
315
-131
-463
-373
66
480
557
322
105
196
547
820
739
348
-45
-152
23
204
98
-369
-913
-1139
-901
-444
-202
-374
-728
-826
-439
184
541
338
-194
-492
-231
370
738
478
-238
-853
-962
-646
-369
-496
-937
-1234
-991
-285
403
623
345
-44
-136
108
392
369
-23
-492
-643
-304
286
696
684
370
121
192
521
777
632
101
-451
-592
-229
286
505
306
-27
-87
256
725
901
587
30
-303
-182
203
389
145
-303
-520
-251
280
611
503
124
-107
45
431
725
684
378
107
110
352
527
376
-71
-548
-807
-791
-560
-301
-252
-456
-669
-518
22
503
505
49
-399
-457
-162
201
271
-73
-584
-851
-625
-188
-87
-467
-963
-1096
-788
-345
-29
51
-66
-182
-52
373
716
526
-122
-676
-655
-150
345
494
315
95
169
621
1133
1171
530
-299
-611
-247
286
390
25
-366
-359
128
780
1113
849
207
-236
-107
365
558
156
-501
-791
-444
201
598
486
96
-113
107
562
799
550
53
-201
-20
359
536
370
52
-217
-330
-311
-251
-238
-395
-651
-790
-612
-100
392
519
227
-186
-299
-58
203
113
-381
-891
-1000
-644
-145
53
-200
-673
-964
-825
-415
-107
-143
-429
-584
-347
188
640
607
93
-458
-553
-91
448
517
83
-353
-230
442
1096
1160
571
-142
-351
73
642
705
126
-562
-697
-128
633
946
642
118
-64
292
827
947
394
-446
-880
-601
20
345
144
-227
-272
158
751
1025
771
224
-129
-24
317
466
271
-53
-238
-231
-140
-56
-46
-209
-539
-825
-781
-360
106
248
8
-309
-347
-63
276
293
-140
-727
-1021
-804
-315
-47
-218
-593
-795
-649
-274
38
52
-232
-532
-494
-65
384
405
-17
-425
-377
128
619
641
202
-250
-248
214
668
630
116
-336
-217
384
879
787
211
-294
-294
148
563
553
148
-220
-114
446
988
1020
501
-102
-301
-66
196
114
-277
-606
-493
47
626
838
609
286
219
399
536
387
49
-222
-310
-261
-205
-175
-140
-167
-300
-505
-602
-413
-75
112
-48
-406
-559
-343
66
269
11
-510
-870
-760
-286
53
-80
-568
-963
-879
-389
97
194
-118
-476
-490
-106
331
350
-96
-537
-461
138
687
695
289
-32
72
428
608
372
-154
-531
-399
169
674
646
205
-76
147
611
783
508
86
-157
-96
221
608
741
450
56
47
405
592
253
-309
-578
-457
-189
53
232
293
239
275
543
787
648
214
-105
-164
-206
-380
-449
-252
-61
-178
-486
-580
-284
122
286
52
-419
-742
-625
-106
309
103
-575
-1065
-855
-157
311
140
-486
-1015
-997
-480
91
194
-253
-699
-593
36
574
460
-154
-656
-571
22
561
615
257
-50
100
585
898
649
-24
-522
-440
48
402
285
-77
-213
75
572
865
743
343
10
31
339
590
501
140
-115
3
353
574
439
80
-197
-230
-61
107
104
-54
-183
-50
316
642
696
510
336
263
166
-39
-256
-332
-336
-437
-620
-689
-433
35
363
298
-103
-465
-465
-149
100
-126
-733
-1178
-1004
-303
283
265
-247
-737
-745
-329
64
68
-327
-714
-667
-184
334
399
-12
-415
-374
72
444
398
96
-85
67
408
606
481
129
-125
-43
236
350
119
-224
-301
-36
310
466
400
269
226
323
490
569
458
222
50
64
186
250
200
100
46
93
221
320
273
80
-106
-126
-5
92
73
46
148
347
460
377
182
38
-20
-145
-471
-836
-894
-489
82
314
55
-332
-371
-1
329
149
-530
-1189
-1265
-707
-19
224
-99
-562
-642
-229
280
388
-7
-513
-628
-249
209
254
-160
-595
-549
-25
465
481
122
-99
137
602
790
472
-42
-238
49
472
551
175
-281
-375
-38
375
462
182
-133
-140
169
504
569
347
89
40
220
419
410
171
-83
-142
14
221
295
196
40
-33
21
115
112
-25
-173
-167
3
185
220
119
54
109
153
-4
-361
-647
-592
-242
61
32
-254
-428
-235
152
283
-79
-685
-1022
-808
-284
48
-87
-487
-697
-461
17
315
219
-100
-274
-139
121
196
-18
-320
-429
-266
-20
105
95
107
252
443
501
376
205
163
260
325
215
-22
-183
-119
103
276
267
143
84
177
326
369
261
126
97
179
259
249
173
114
122
165
207
243
268
272
238
172
111
81
55
-29
-160
-238
-185
-28
87
65
-13
-16
66
90
-72
-317
-415
-269
-46
0
-176
-355
-312
-79
63
-116
-538
-873
-853
-533
-223
-169
-341
-495
-431
-183
46
98
14
-54
-22
53
85
39
-36
-97
-163
-237
-270
-186
22
228
295
204
108
173
392
579
534
264
-18
-91
61
240
256
108
-26
32
250
422
388
200
64
136
336
430
273
-9
-163
-76
126
238
206
149
191
317
390
310
133
-28
-93
-105
-125
-152
-158
-116
-58
13
89
110
24
-162
-317
-308
-143
15
4
-147
-240
-149
41
91
-138
-521
-795
-784
-559
-351
-309
-389
-435
-350
-189
-50
16
25
23
4
-24
-17
49
146
169
45
-161
-277
-176
67
232
152
-101
-248
-91
285
566
512
204
-40
23
322
557
496
195
-54
-17
243
441
368
101
-52
103
435
611
423
15
-272
-237
10
191
161
25
9
202
454
540
380
107
-88
-131
-105
-115
-209
-323
-355
-252
-80
15
-51
-236
-383
-351
-176
-28
-41
-159
-192
-55
144
184
-24
-352
-591
-631
-548
-468
-451
-446
-376
-259
-169
-142
-136
-78
17
66
21
-25
46
223
328
214
-42
-209
-118
140
288
156
-167
-361
-198
199
478
378
14
-234
-94
331
670
644
324
34
37
274
451
336
11
-193
-45
348
623
520
155
-125
-114
82
193
93
-77
-97
104
377
505
412
221
99
93
122
86
-34
-184
-269
-249
-156
-89
-119
-231
-323
-299
-194
-125
-168
-240
-194
-13
150
131
-76
-306
-415
-409
-411
-503
-611
-601
-444
-267
-218
-288
-321
-216
-50
27
-37
-102
-15
200
339
239
-5
-131
11
279
380
189
-131
-260
-59
276
408
185
-190
-349
-127
285
530
436
169
43
198
459
533
320
5
-115
72
382
502
322
34
-85
47
248
283
121
-57
-63
119
325
366
225
44
-18
67
188
218
114
-56
-158
-135
-52
-33
-164
-373
-492
-412
-220
-127
-215
-352
-315
-55
212
237
-3
-288
-404
-341
-271
-343
-510
-591
-492
-306
-182
-178
-227
-251
-235
-217
-187
-94
69
208
226
129
51
122
299
400
302
68
-89
-16
219
383
293
3
-230
-189
91
355
381
187
7
52
283
474
433
199
17
88
348
527
415
92
-158
-130
95
248
178
-9
-94
31
248
332
196
-36
-153
-73
92
174
115
-14
-93
-55
38
79
-1
-178
-345
-405
-340
-249
-253
-355
-431
-330
-57
189
216
17
-230
-337
-293
-237
-301
-451
-540
-466
-269
-88
-33
-112
-261
-367
-340
-183
12
121
84
-29
-81
30
246
379
308
92
-48
42
279
443
371
115
-101
-106
82
285
325
188
17
-11
138
323
375
262
127
139
313
490
490
287
38
-62
28
168
194
97
23
98
269
368
272
45
-133
-151
-47
37
13
-61
-89
-37
32
39
-28
-120
-186
-235
-301
-364
-409
-405
-356
-312
-264
-181
-66
32
23
-110
-282
-385
-383
-336
-316
-339
-343
-271
-155
-86
-138
-277
-363
-287
-86
87
121
53
14
86
211
262
179
31
-49
17
178
298
292
188
88
78
153
246
278
228
142
90
110
177
219
195
146
152
244
360
416
372
275
203
184
184
153
83
23
26
86
147
154
109
62
59
81
74
21
-58
-113
-119
-96
-81
-88
-99
-107
-122
-173
-270
-357
-382
-345
-300
-295
-301
-242
-97
47
70
-55
-234
-337
-320
-265
-267
-325
-374
-336
-247
-191
-209
-264
-268
-186
-87
-27
-23
-19
35
113
152
115
41
16
67
148
184
144
86
97
194
311
359
325
270
254
278
274
212
120
68
113
220
308
312
246
192
212
271
293
244
161
114
140
188
175
82
-25
-63
-13
69
113
95
56
37
48
46
-18
-135
-232
-244
-173
-99
-109
-214
-331
-372
-333
-282
-294
-347
-354
-262
-109
-10
-55
-209
-345
-348
-242
-143
-145
-231
-305
-291
-210
-138
-132
-171
-178
-115
-10
68
87
64
38
20
10
14
58
132
183
171
108
68
113
218
294
263
167
115
177
311
378
311
186
149
238
341
312
131
-55
-83
70
266
341
265
171
196
323
399
285
13
-205
-206
-29
146
163
48
-36
32
192
265
143
-86
-239
-207
-77
-35
-170
-394
-513
-435
-252
-139
-183
-284
-297
-193
-75
-86
-239
-414
-473
-387
-238
-150
-169
-228
-231
-155
-71
-64
-142
-233
-244
-173
-60
26
53
53
62
92
119
107
63
15
-8
-2
26
85
155
215
246
245
228
209
200
204
212
227
253
281
294
277
218
137
75
60
85
129
172
206
240
274
295
283
226
146
72
31
23
27
19
-13
-41
-38
0
39
47
27
8
3
-13
-85
-215
-350
-428
-423
-370
-312
-259
-191
-96
-13
2
-84
-223
-341
-404
-419
-417
-417
-396
-328
-220
-105
-32
-24
-48
-54
-29
-9
-16
-47
-69
-43
23
89
121
115
106
123
161
191
181
136
94
93
133
187
220
218
208
224
273
326
337
281
191
143
171
228
252
204
128
101
144
211
221
152
54
8
48
117
126
49
-53
-101
-66
-15
-15
-71
-134
-136
-65
20
43
-19
-129
-213
-236
-233
-255
-311
-361
-346
-256
-146
-86
-98
-154
-202
-222
-232
-262
-312
-357
-366
-326
-266
-219
-195
-177
-146
-105
-53
-14
7
6
-6
-9
6
39
75
110
142
176
218
258
278
261
219
177
161
167
177
190
207
232
268
294
295
268
232
206
200
210
222
229
234
232
227
206
168
116
70
45
46
63
80
89
86
70
48
17
-22
-60
-90
-105
-109
-106
-108
-124
-154
-192
-225
-244
-247
-245
-235
-218
-200
-186
-182
-190
-210
-236
-261
-276
-278
-266
-245
-224
-209
-202
-198
-197
-193
-193
-195
-182
-156
-124
-85
-47
-15
9
26
42
56
72
87
103
127
156
184
205
216
222
224
229
241
248
248
232
210
193
184
189
200
219
245
272
292
297
274
224
166
111
70
53
50
53
65
71
70
57
30
3
-23
-46
-62
-63
-58
-56
-62
-74
-91
-117
-150
-179
-202
-209
-198
-171
-141
-111
-93
-91
-105
-134
-182
-239
-289
-315
-310
-273
-222
-164
-114
-81
-64
-62
-68
-82
-100
-120
-124
-115
-100
-77
-52
-18
25
69
107
134
146
140
129
123
122
132
145
159
175
187
193
198
193
175
156
139
125
111
105
109
129
157
178
185
178
158
133
105
81
63
51
38
31
28
26
20
17
25
33
38
33
19
3
-21
-49
-74
-95
-114
-131
-146
-151
-149
-139
-125
-107
-94
-87
-89
-101
-124
-159
-196
-232
-248
-249
-234
-201
-163
-124
-88
-59
-38
-21
-18
-31
-44
-61
-71
-69
-57
-38
-8
22
55
82
93
97
95
88
84
86
96
107
122
134
145
154
153
143
128
116
111
110
111
112
116
125
130
128
119
95
68
50
45
51
63
81
92
92
82
56
27
1
-23
-37
-37
-31
-23
-21
-30
-45
-64
-86
-113
-141
-165
-182
-188
-184
-167
-145
-123
-101
-89
-83
-82
-95
-114
-134
-148
-160
-166
-165
-159
-145
-120
-93
-63
-34
-11
2
6
2
-1
-1
1
6
19
37
58
80
95
103
102
102
102
106
116
128
141
158
172
181
182
171
149
127
114
111
113
119
128
141
150
154
146
116
75
38
11
-6
-11
-8
4
24
46
56
55
41
18
-11
-41
-71
-91
-99
-96
-86
-72
-60
-57
-63
-78
-100
-129
-162
-185
-196
-197
-186
-166
-144
-122
-103
-87
-84
-94
-113
-129
-136
-136
-128
-114
-94
-75
-57
-41
-28
-20
-28
-35
-39
-37
-32
-24
-9
12
37
60
81
99
110
113
116
118
114
112
111
112
113
120
127
127
120
111
100
90
88
89
101
125
152
176
187
180
158
121
82
45
10
-17
-32
-36
-26
-6
14
34
48
49
39
25
0
-30
-57
-81
-94
-93
-92
-82
-63
-56
-58
-66
-85
-108
-129
-145
-153
-157
-155
-139
-115
-93
-75
-65
-63
-69
-74
-84
-90
-92
-92
-82
-66
-49
-32
-22
-17
-13
-8
-6
-5
-2
6
22
42
59
79
96
109
117
121
122
119
116
110
107
100
95
85
76
69
66
66
68
74
84
95
103
113
121
121
107
86
63
35
7
-26
-56
-75
-79
-72
-61
-53
-46
-45
-42
-35
-32
-36
-41
-51
-64
-74
-89
-100
-102
-99
-98
-93
-91
-90
-90
-90
-98
-110
-115
-114
-108
-98
-86
-66
-40
-13
10
31
44
45
45
40
34
26
21
20
23
27
35
47
57
65
75
80
82
85
90
93
98
103
102
100
98
89
83
70
49
35
28
23
25
34
45
55
56
55
59
60
58
53
50
45
35
23
18
9
-4
-20
-35
-45
-54
-64
-75
-84
-87
-85
-81
-71
-60
-48
-39
-36
-39
-48
-59
-71
-80
-88
-93
-96
-94
-91
-88
-85
-86
-80
-74
-66
-58
-51
-44
-40
-29
-12
2
15
24
28
35
38
33
32
30
27
28
37
44
53
55
54
63
71
72
70
68
67
68
71
68
66
60
53
47
38
22
11
-1
-13
-19
-21
-22
-23
-23
-21
-13
-4
6
17
23
24
28
27
22
16
5
-6
-18
-30
-37
-40
-43
-44
-41
-35
-23
-9
-1
7
11
13
16
16
12
6
-7
-15
-23
-29
-34
-42
-47
-45
-43
-38
-30
-23
-14
-9
-5
-2
1
5
6
7
11
15
17
18
18
12
5
-1
-6
-6
-8
-13
-14
-10
-4
0
5
7
12
17
19
20
21
21
22
24
23
17
9
-4
-13
-20
-27
-29
-32
-36
-36
-25
-7
6
17
23
28
35
35
33
30
18
8
5
6
4
0
-6
-10
-9
-7
-6
-4
0
1
5
12
21
28
31
35
37
31
25
15
-1
-13
-30
-45
-48
-49
-50
-44
-38
-36
-34
-28
-21
-14
-11
-11
-10
-7
-5
-4
-3
-3
-5
-6
-9
-7
-7
-15
-18
-14
-10
-5
0
0
7
22
33
38
43
45
47
48
46
39
30
20
9
1
-4
-10
-11
-7
-7
-1
12
18
24
30
32
29
26
21
16
10
6
0
-7
-11
-13
-13
-12
-17
-18
-16
-16
-18
-21
-23
-24
-21
-19
-12
-2
0
-4
-7
-11
-15
-20
-25
-31
-36
-40
-39
-33
-31
-33
-32
-25
-15
-7
-4
-3
-1
4
13
21
29
34
29
29
32
29
19
8
-1
-8
-12
-11
-13
-13
-11
-8
1
5
5
7
11
14
19
21
16
9
4
1
-1
-1
-6
-7
-8
-9
-4
1
5
9
15
17
18
20
16
13
10
9
5
2
4
3
-1
-3
-2
-6
-5
-3
-6
-7
-4
-5
-7
-7
-3
-2
-4
-4
-1
2
3
3
2
0
1
1
-2
-4
-9
-15
-11
-5
-3
-6
-6
-4
-2
0
3
5
7
3
-2
1
3
1
0
-1
-1
1
1
-5
-9
-5
-2
1
1
0
-2
-3
-2
-4
-2
-2
-6
-5
-3
3
5
6
3
-3
-7
-7
-3
-5
-6
-5
-2
5
10
12
15
13
10
12
10
5
2
1
3
2
2
2
-1
-1
-6
-11
-7
-4
-1
2
3
3
2
4
6
6
6
3
0
3
6
6
1
-6
-12
-10
-7
-7
-9
-9
-7
-2
1
2
5
6
4
5
5
4
2
0
-3
-3
-3
-1
-4
-6
-3
-2
0
-3
-6
-5
-4
0
0
0
1
-1
0
4
0
1
4
1
0
-1
-4
-3
-3
-6
-7
-6
-7
-7
-7
-5
0
2
1
3
2
1
1
1
0
2
4
2
-1
-1
-4
-4
-4
-4
-1
-3
-8
-4
-1
-1
0
0
1
2
6
9
9
6
1
-2
-2
-2
-1
-3
-4
-6
-2
5
4
3
5
6
6
3
-2
-1
0
3
2
5
8
4
0
0
3
7
8
5
3
-2
-4
-4
-2
-1
1
1
4
4
2
2
0
-3
-4
-1
-2
0
2
4
4
1
2
0
0
-1
-4
-1
0
-2
0
2
2
2
-2
-1
2
3
-1
-3
-2
-5
-4
-3
-6
-2
-3
-3
-4
-5
-8
-9
-7
-3
0
1
-2
-3
-1
-1
-3
-3
-6
-10
-11
-8
-6
-3
-4
-4
-2
-1
-1
1
6
9
10
8
8
7
1
-3
0
2
2
4
3
2
2
3
5
7
7
4
3
2
-2
-4
-6
-6
-5
-2
2
5
5
6
5
3
4
4
4
2
-1
-5
-6
-3
3
6
6
4
5
5
6
3
0
0
2
4
2
2
3
-4
-7
-2
-1
-2
-4
-7
-4
-2
-4
-1
1
1
1
0
0
-2
-4
-6
-4
-3
-3
-2
-1
0
0
-1
1
1
1
3
3
-1
-5
-4
0
1
0
0
-2
-1
-1
-2
-1
1
-2
-2
-2
-3
-2
-4
-7
-5
0
4
5
5
2
-1
-1
1
1
2
4
4
6
7
6
1
-1
-1
-2
-2
0
-1
-1
0
0
0
0
-1
0
4
4
6
5
3
1
1
0
-4
-3
-1
2
2
-3
-6
-6
-7
-8
-8
-7
-7
-5
-2
-1
-4
-4
-4
-3
1
0
1
0
-2
-1
0
0
-3
-1
0
1
6
10
7
3
3
2
3
6
7
6
4
7
6
4
2
3
4
5
4
7
6
2
2
1
-1
-2
-2
-2
-2
0
1
1
1
1
-2
-1
1
0
-1
-6
-11
-8
-7
-6
-1
-3
-4
-2
-1
0
-1
-3
-4
-3
-3
-4
-3
-4
-4
-3
-1
0
1
-2
-3
-2
0
0
1
2
4
5
5
1
2
8
10
8
5
5
4
4
5
2
1
-1
-1
-1
-2
-4
-3
-3
-1
2
2
-1
-2
-3
-2
-1
4
5
2
1
-1
1
3
3
2
4
7
6
6
4
-2
-5
-6
-3
-3
0
-3
-5
-6
-7
-5
-6
-5
-2
0
-1
-2
-1
-4
-2
4
3
2
1
1
-1
-4
-3
-2
0
2
3
3
-1
-2
1
0
3
2
-3
-2
1
-3
-6
-4
0
1
4
7
7
5
2
0
0
3
4
4
7
6
6
7
5
3
4
5
2
2
4
5
7
0
-1
2
3
3
2
0
0
2
4
3
1
-2
-3
-4
-6
-3
-2
-3
-5
-8
-9
-7
-7
-6
-5
-4
-1
1
4
0
-1
1
1
2
1
-1
-2
-4
-4
-2
-5
-8
-8
-7
-4
1
0
1
-1
-1
1
0
1
2
3
2
1
3
5
4
3
3
2
4
4
3
5
0
-4
-4
-3
-3
-1
2
1
5
6
5
5
1
-1
-1
3
2
1
-2
-3
-3
-3
-2
-1
-2
-2
-1
-4
-2
2
1
1
1
1
2
4
3
0
-2
-1
1
0
-1
-1
-2
0
-1
-5
-2
0
2
2
3
3
1
1
2
0
-1
-2
-1
1
1
0
-2
-2
-1
-2
-3
-3
-2
1
2
2
2
-2
-3
-3
-4
-2
1
0
1
1
2
2
2
1
3
5
2
4
3
-1
0
2
3
1
-4
-2
-3
-4
-2
-1
-1
-1
0
-2
-5
-2
-4
-4
-5
-10
-8
-3
-5
-3
-3
-4
-3
-1
-1
3
5
4
3
4
2
-4
-4
-5
-6
-5
-4
-5
-1
4
4
6
7
5
7
7
5
4
2
-1
1
5
4
3
6
4
2
2
-1
-4
-5
-7
-6
-7
-12
-10
-5
-2
-2
-2
-1
-4
-5
-6
-8
-5
-3
-3
-1
-1
-1
-3
-5
-4
-3
0
0
0
1
5
5
7
10
10
8
8
8
4
3
4
4
2
-1
-1
1
-1
-2
-2
-4
-2
0
3
4
5
6
7
5
4
3
3
7
7
4
-1
-4
-3
-4
-3
-2
-1
0
-2
-3
0
0
2
2
1
-1
-3
-4
-2
-3
-6
-7
-7
-4
-1
-2
-4
-2
-2
-3
-4
-6
-5
-5
-8
-5
-3
-4
-4
-2
-3
-6
-8
-11
-9
-5
-1
1
-2
-5
-5
-5
-6
-6
-2
3
3
0
-2
2
3
4
7
9
7
6
5
3
3
1
0
0
1
1
2
3
2
0
-1
-2
-2
1
4
2
6
8
7
7
7
6
4
3
3
3
1
1
2
0
-2
-1
-1
1
5
5
2
-2
-4
-2
-1
-1
-1
-1
0
1
-2
-1
2
3
-2
-2
0
-2
0
0
3
6
5
2
-1
0
-1
-4
-4
-4
-6
-6
-5
-6
-5
-2
-3
-3
-1
0
0
1
2
4
7
5
2
0
1
1
-3
-7
-5
-4
-4
-3
-3
-5
-6
-1
-1
-1
0
-1
-2
-1
1
2
4
0
-1
0
-1
0
-2
-2
-2
-1
0
1
0
0
0
-1
-1
2
5
6
6
2
3
4
2
0
-3
-3
1
-1
-3
1
4
3
4
4
3
4
4
3
2
3
1
-2
-1
1
-1
3
8
9
6
5
5
4
2
1
-3
-2
0
1
0
1
-1
-2
-2
3
5
3
5
3
-1
0
-3
-4
-4
-4
-1
1
2
1
3
3
3
3
2
1
-3
-5
-5
-5
-5
-4
0
1
1
4
7
6
5
3
3
2
1
0
0
0
-1
-1
-3
-1
1
-1
-2
-2
-2
-2
-5
-8
-9
-8
-6
-8
-9
-8
-9
-9
-8
-9
-6
-3
-4
-3
1
2
1
2
6
6
5
4
5
3
1
0
1
5
9
8
5
5
6
5
4
4
3
2
0
3
2
1
3
4
4
3
2
2
5
9
10
10
10
4
-2
-2
1
3
2
2
1
-1
2
8
10
9
7
4
5
6
5
-1
-1
0
-3
-2
-4
-9
-6
-11
-10
-6
-5
-6
-4
-2
1
0
-4
-6
-4
-3
-1
0
-4
-4
0
-2
-3
0
-1
-2
0
2
2
2
3
1
0
0
-1
-2
-3
-5
-5
-5
-1
-1
0
2
0
-1
-1
1
2
4
4
2
2
4
1
-2
-2
-3
-5
-3
0
0
0
-1
-1
4
5
4
4
1
-4
-7
-6
-8
-9
-7
-4
-1
0
-2
0
3
2
1
2
2
4
4
1
0
2
3
4
5
7
6
5
3
1
0
1
0
-2
-4
-3
-3
-1
2
0
-1
-3
-5
-1
2
2
6
4
3
5
5
5
7
7
3
5
9
6
5
6
3
3
5
2
2
5
-2
-5
-3
-3
-4
-4
-4
-4
-3
-4
-4
-2
-2
-3
-2
-1
-5
-6
-7
-9
-9
-7
-7
-10
-11
-10
-9
-6
-2
0
2
-1
-3
-6
-4
-1
0
0
-2
-4
-7
-8
-7
-4
-2
-1
-1
-1
-4
-4
-3
-2
1
3
5
7
8
6
5
5
3
2
2
3
6
5
4
5
7
7
7
7
7
8
6
6
6
5
5
6
4
3
3
5
4
4
6
2
0
2
3
3
0
-4
-6
-6
-3
-4
-5
-4
-1
0
-1
-4
-6
-7
-7
-7
-3
-1
0
-1
1
1
-3
-4
-3
-5
-3
-6
-6
-6
-5
-1
-2
-2
1
-2
-3
-2
-2
-5
-5
-2
-4
-3
-1
0
0
-2
-4
-4
-3
0
2
1
1
3
2
4
6
4
4
5
2
0
2
2
2
1
1
2
2
4
-1
-6
-5
-5
-2
1
1
-1
-1
-1
-2
1
1
2
2
1
2
3
-1
-1
0
-1
-1
-1
-1
1
1
1
1
1
2
1
2
5
8
7
4
2
1
3
0
-3
-5
-3
-3
-3
-1
2
3
3
1
1
4
3
0
-2
1
1
0
3
5
7
7
5
1
-1
-2
-3
-3
-3
-5
-4
0
-1
-4
0
5
8
6
1
1
1
0
-5
-5
-5
-5
-3
-2
-2
-2
-3
0
0
-3
-3
-2
-1
-3
-5
-5
-2
0
-4
-5
-4
-3
-2
0
0
2
5
7
7
9
6
4
3
2
0
0
0
-2
-1
-4
-3
-4
-8
-5
-6
-6
-7
-8
-7
-8
-5
-3
-3
-1
-2
-1
2
0
2
4
3
4
5
2
1
1
2
1
0
-1
1
3
4
3
4
5
4
4
5
8
8
7
3
2
0
-2
3
3
1
3
5
0
1
1
-1
-2
-3
-2
1
1
-2
-3
-4
-2
-2
0
4
3
1
3
3
2
0
2
2
3
2
-1
0
-1
-1
1
-1
-4
-3
-1
3
3
1
0
-1
-1
-4
-3
-3
-5
-8
-9
-8
-5
-4
-3
-2
-2
-2
1
2
-1
-3
-4
-4
-3
-4
-6
-9
-5
-4
-3
-2
-2
-5
-2
0
-1
-2
-2
1
3
1
2
3
4
9
7
2
1
3
3
2
3
3
0
0
1
0
0
0
-1
1
2
0
1
-1
-3
-5
-2
1
-1
1
2
-1
0
2
2
3
6
2
1
3
3
-1
-2
-4
-8
-7
-4
-4
1
3
2
2
1
-2
-3
-2
-3
-4
0
0
0
1
2
-1
1
0
-3
0
0
-2
-1
-1
0
2
3
4
6
5
6
5
5
6
4
2
1
0
-2
-1
0
2
3
1
2
3
2
2
3
6
6
7
6
0
-2
-2
-2
-1
0
0
-2
-5
-4
-2
-5
-7
-11
-12
-8
-6
-6
-4
-1
-3
-5
-8
-5
-5
-6
-3
-1
4
4
3
0
-3
-5
-3
0
0
-1
-2
0
1
3
3
1
1
1
3
5
3
-1
-4
-5
-4
-3
-2
0
-5
-5
-1
-1
-2
-2
-3
-2
2
5
5
3
2
1
-1
-2
2
3
4
5
5
5
4
4
3
3
1
1
1
2
3
1
2
2
0
-1
-1
1
0
-3
-1
1
0
-4
-6
-3
0
4
7
8
6
4
4
6
8
5
4
1
1
0
-1
1
1
-2
-3
-1
-2
-2
0
2
3
0
0
1
0
-4
-4
-4
-4
-4
-4
0
3
2
1
1
3
0
-3
-5
-6
-9
-9
-8
-8
-7
-1
-1
-4
-4
-1
-1
-1
1
-1
0
4
4
2
2
0
-2
1
1
0
1
3
4
3
1
-3
-2
-1
2
0
-2
-2
-4
-4
-5
-4
-1
4
5
2
-1
-1
0
-1
-1
3
6
5
0
-3
-3
-4
-3
0
-2
1
3
0
0
0
2
-1
-3
-2
-1
-2
0
-2
-1
5
5
3
3
7
10
8
6
1
-3
-3
-2
-1
0
1
2
0
2
1
-2
-2
-2
0
1
1
2
4
4
4
2
0
-1
-2
-2
-3
-3
-2
0
2
1
0
0
-2
-3
0
2
2
0
0
-2
-2
2
1
-1
0
0
-3
-2
-3
-5
-2
0
3
7
9
7
4
0
0
-1
0
1
2
1
-2
-4
-7
-8
-8
-7
-6
-4
-3
-2
-3
-4
-6
-4
-5
-5
-8
-9
-7
-6
-5
-5
-4
-4
-4
-5
-4
-4
-5
-2
1
4
6
5
3
4
6
7
7
9
12
7
4
2
-3
-2
3
3
5
6
6
9
4
2
-1
1
4
2
1
0
-1
0
4
2
-2
-3
-2
-1
-2
-1
3
1
2
2
1
3
4
1
1
2
1
1
2
2
2
-1
-2
-4
-6
-2
2
4
4
3
0
-3
-2
-1
-3
-4
-2
-2
-2
-3
-8
-10
-10
-6
-2
-1
-2
-2
-3
-5
-4
-5
-2
0
1
0
-2
-1
2
3
7
8
7
7
6
5
5
3
4
4
1
0
-2
-6
-5
-1
-1
-2
-4
-5
-6
-7
-5
-2
0
2
0
-3
-2
-1
0
1
-1
-3
-2
-1
-2
-1
1
1
2
2
4
1
5
3
0
1
-1
-2
0
0
2
2
0
-2
-2
0
0
0
2
2
3
4
-2
-4
-4
-3
-1
-1
-1
1
4
4
5
5
4
5
8
8
8
7
6
5
5
4
3
1
1
1
-1
-3
-4
-2
4
2
-1
-1
-4
-6
-1
-1
2
6
6
4
4
1
-1
-4
-5
-3
-2
-1
1
1
-3
-1
-1
-3
-5
-7
-6
-4
-2
1
0
-1
-3
-3
-2
-1
-5
-7
-7
-9
-9
-6
-3
-4
-3
-1
-2
-1
-1
-2
-2
0
-1
-1
0
-3
-6
-4
-1
-2
0
0
0
1
-3
-1
4
6
5
3
5
5
5
4
4
2
0
3
3
5
5
6
8
5
0
1
2
3
1
-2
-2
-1
-1
1
3
5
5
4
6
4
2
1
0
0
0
-1
-2
-1
2
4
3
2
0
1
4
3
1
1
0
0
-1
-1
2
5
4
2
0
1
-1
-1
1
0
-2
0
-1
-3
0
3
5
1
-3
-2
1
1
-2
0
1
-1
-1
-1
-3
-4
-5
-2
-1
-2
3
2
-2
-4
-6
-7
-5
-9
-12
-8
-4
-4
-3
0
-1
0
0
-3
-4
-2
-2
-3
-2
-2
-1
-1
-1
0
1
-3
-2
-3
-3
-2
-4
-3
-1
2
0
-1
2
3
2
3
3
4
5
8
8
9
8
5
5
6
4
3
4
3
4
5
3
2
1
1
3
5
5
4
6
4
2
1
2
2
3
3
2
5
6
5
6
7
6
3
1
2
2
0
-3
-1
-3
-2
3
2
1
-2
-3
-1
0
-1
-1
0
1
-1
-3
-4
-3
-3
1
-2
-6
-6
-8
-7
-5
-5
-1
1
-3
-4
-2
-3
-2
-2
-4
-1
0
0
-3
-6
-8
-7
-6
-7
-6
-5
-4
-5
-5
-5
-5
-4
-3
-2
-4
-4
0
0
-1
3
0
-2
-2
-5
-4
-1
1
1
3
4
4
5
4
6
11
10
10
10
7
8
7
8
8
9
10
9
7
8
4
5
3
3
3
5
7
3
2
2
2
3
1
0
3
4
3
2
0
-3
-2
-3
-5
-5
-4
-4
-4
-4
-3
0
0
-1
-1
-3
-3
-3
-3
0
3
3
-1
-4
-5
-3
-4
-3
-1
-1
0
-1
-1
-1
0
1
-1
0
-2
-4
-6
-7
-5
-1
2
3
3
-1
-3
-4
-5
-3
-2
1
1
0
3
1
-2
0
2
0
-2
-6
-6
-6
-5
-6
-6
-5
-6
-6
-4
-5
-2
-4
-2
1
1
0
0
3
5
5
7
4
2
2
3
3
5
7
9
10
8
4
6
7
5
6
7
5
1
4
7
3
1
2
3
2
1
0
-3
-1
0
-2
-3
-4
-4
-2
-3
-3
-6
-9
-8
-5
-6
-7
-4
-1
1
-1
-3
-2
1
-1
-2
-4
-3
-2
0
-1
-5
-3
-1
-1
-2
0
-2
-2
-1
-3
-2
0
-1
-5
-3
0
2
2
