-2
1
-1
-5
-3
-1
-1
-1
1
2
4
4
2
1
0
0
1
3
2
7
7
7
8
9
6
7
7
7
12
14
10
11
8
7
8
7
5
5
5
4
8
6
5
6
6
4
6
8
8
10
6
10
13
9
9
11
10
11
10
10
7
12
7
6
7
9
5
0
4
6
7
4
5
2
5
4
3
0
-3
-6
-9
-9
-13
-12
-15
-12
-15
-16
-14
-15
-21
-20
-16
-19
-12
-17
-13
-13
-20
-18
-12
-13
-13
-10
-12
-14
-16
-14
-13
-12
-13
-10
-12
-9
-10
-8
-13
-15
-14
-11
-13
-12
-2
-5
-7
-2
-3
-5
1
-3
-2
2
-1
-3
0
4
3
6
9
10
10
10
5
5
6
7
11
11
13
12
14
13
14
15
18
21
19
20
23
21
20
19
17
16
15
11
14
15
12
20
18
17
16
17
15
17
18
16
15
13
11
12
12
12
11
8
10
8
10
4
5
9
4
4
6
6
3
1
3
0
-2
-4
-5
-1
-1
-3
-3
-5
-8
-9
-14
-17
-17
-19
-15
-15
-15
-9
-10
-14
-17
-16
-17
-18
-23
-19
-15
-18
-19
-15
-18
-14
-14
-14
-16
-18
-20
-19
-18
-18
-16
-20
-19
-18
-17
-13
-9
-9
-3
-4
-7
-3
-7
-7
-5
-4
-8
-2
-4
-8
-6
-6
1
-1
1
3
0
-2
-4
-3
0
0
0
3
3
6
6
8
11
9
6
6
4
8
9
6
14
15
12
15
12
11
13
13
14
14
13
11
12
11
13
11
11
10
11
10
12
13
12
9
10
8
4
7
4
0
-1
1
-2
0
0
4
1
2
4
2
2
4
4
6
6
5
6
4
5
6
4
0
3
-2
-3
-1
-3
1
6
3
6
6
6
6
8
12
10
7
6
5
4
5
4
3
3
6
6
5
4
6
4
1
3
-1
-5
-6
-4
-4
-10
-10
-12
-12
-14
-14
-13
-16
-19
-18
-18
-17
-17
-15
-18
-13
-13
-12
-13
-14
-11
-14
-10
-10
-13
-12
-10
-12
-14
-12
-13
-11
-11
-6
-11
-13
-8
-10
-12
-6
-6
-6
-4
-2
-1
3
-2
-3
2
0
0
1
0
-2
-1
-1
-3
-4
-3
1
2
-2
0
0
-3
-5
1
4
6
7
3
8
5
5
10
7
7
13
9
9
12
13
9
15
14
17
19
14
18
18
17
19
20
17
25
22
19
23
20
17
17
20
20
18
18
14
13
15
12
9
12
11
7
4
4
6
2
2
4
0
-4
-3
-6
-7
-6
-5
-9
-12
-11
-14
-13
-13
-12
-10
-10
-9
-12
-11
-10
-12
-12
-11
-12
-8
-7
-8
-7
-8
-8
-11
-12
-10
-15
-12
-10
-10
-7
-6
-6
-8
-5
-4
-5
-9
-10
-11
-8
-6
-6
-7
-7
-12
-9
-10
-10
-8
-13
-10
-5
-6
-7
-3
-3
-7
-1
-3
-6
-8
-9
-4
-3
-1
-2
-2
-1
-2
2
-1
0
1
-3
0
6
3
5
5
5
3
3
3
5
5
4
6
6
10
8
11
16
16
11
14
13
11
12
15
15
18
19
18
16
14
13
11
10
7
6
4
4
5
5
6
8
8
6
7
7
7
6
2
0
-4
-2
0
-1
0
0
-5
-2
-2
-7
-5
-5
-8
-8
-5
-6
-6
-6
-6
-8
-7
-8
-11
-12
-13
-12
-13
-17
-13
-14
-16
-16
-15
-13
-12
-8
-8
-6
-3
0
-2
1
0
-3
1
3
4
5
6
7
6
8
15
13
15
17
11
9
12
15
13
17
18
15
13
14
14
12
14
13
13
15
16
16
15
13
11
5
0
3
4
3
3
-1
-1
-7
-8
-5
-9
-9
-6
-7
-7
-9
-14
-15
-21
-19
-19
-17
-21
-17
-14
-18
-14
-11
-11
-12
-12
-8
-9
-12
-10
-10
-14
-13
-16
-15
-14
-9
-8
-7
-6
-5
-4
-2
-3
-3
1
-3
2
0
-2
-1
1
1
4
3
0
5
2
3
2
3
2
3
2
1
1
1
0
-1
2
3
1
-1
4
2
3
3
-2
0
1
-2
2
6
6
7
8
12
14
13
17
18
12
11
10
9
9
9
9
9
10
8
6
6
7
7
8
8
9
8
5
4
-1
-3
-3
-3
-7
-3
0
0
1
3
1
3
1
3
2
1
4
1
6
0
0
3
1
-6
-3
-3
-2
-2
-2
1
-3
-4
-4
-3
-2
-1
2
3
4
3
0
-1
-3
-8
-7
-8
-12
-11
-11
-14
-12
-10
-11
-9
-10
-6
-8
-7
-4
-4
-5
-4
-3
-7
-8
-4
-6
-6
-1
-3
1
3
3
6
5
5
7
5
3
6
5
6
9
5
10
13
10
13
12
14
8
8
7
6
7
7
9
6
2
4
-1
-1
1
2
1
0
0
-4
-5
-5
-5
-3
3
3
1
-2
2
0
-3
-2
-3
-8
-8
-5
-7
-7
-3
-3
-8
-4
-4
-2
0
2
1
1
0
-5
-4
-6
-2
1
-2
-2
-2
-3
-7
-4
-7
-8
-7
-6
-2
-6
-6
-7
-9
-9
-10
-9
-11
-9
-9
-12
-8
-7
-5
-10
-10
-8
-11
-9
-5
-4
-2
0
0
-2
3
4
3
5
7
7
8
6
8
8
7
5
8
12
9
10
12
12
10
9
11
13
13
15
13
13
9
7
8
9
11
10
5
3
3
2
2
5
3
4
2
1
1
1
0
-2
-2
-2
-3
-6
-5
-7
-8
-4
-3
-3
-4
-1
-6
-10
-8
-7
-8
-8
-4
-8
-3
-1
0
-2
0
3
1
-2
0
0
1
-1
-2
-1
-2
4
3
6
9
6
7
7
8
5
6
10
10
7
7
9
7
7
5
4
0
-4
0
-3
-7
2
1
-4
0
1
-1
-1
-2
-4
-7
-9
-6
-7
-5
-6
-10
-8
-9
-7
-5
-8
-8
-11
-9
-7
-5
-4
-4
-8
-9
-11
-12
-10
-10
-10
-11
-7
-4
-5
-3
-1
0
2
3
5
11
4
5
6
6
9
6
7
7
7
10
8
9
13
8
6
3
3
3
-2
-2
2
0
-2
0
-1
-2
-3
-4
-4
-2
2
0
0
0
0
1
1
2
3
2
3
7
3
1
0
-3
0
-3
-2
0
-1
0
3
6
4
5
1
0
1
-3
-5
-4
-6
-7
-6
-7
-8
-8
-6
-7
-5
-5
0
0
1
3
4
2
0
-1
-1
2
4
5
-1
1
0
3
4
12
7
11
9
9
11
11
13
12
13
13
14
10
14
11
13
12
6
10
7
5
1
0
-1
-1
-2
0
-1
2
3
-2
-3
-4
-7
-6
-7
-7
-9
-11
-11
-14
-15
-13
-15
-17
-14
-13
-8
-14
-12
-10
-12
-12
-11
-11
-14
-14
-12
-11
-11
-7
-10
-7
-11
-12
-10
-11
-12
-7
-9
-11
-5
-6
-4
-1
-2
2
5
1
5
5
5
6
2
6
6
0
2
5
4
6
7
7
8
8
10
11
6
11
15
15
15
17
17
13
10
9
8
11
12
10
12
13
12
11
13
12
13
12
10
12
12
9
6
8
6
4
3
4
-1
0
4
1
2
4
6
4
4
2
0
-2
-4
-5
-7
-5
-8
-10
-8
-7
-11
-10
-7
-9
-5
-3
-4
-1
1
-3
-2
-7
-8
-6
-9
-7
-7
-5
-4
-5
-2
-2
-4
-4
-2
-4
-4
0
-1
-5
-2
1
0
-2
-2
-3
-6
-5
-3
-3
-4
-2
-1
-1
0
3
0
0
0
-4
-4
-6
-8
-10
-12
-15
-14
-17
-15
-14
-12
-12
-10
-9
-10
-12
-10
-13
-12
-12
-12
-9
-11
-8
-6
-9
-8
-3
-5
-6
-3
1
-2
0
-2
-1
-2
2
3
7
10
11
13
16
13
16
18
16
16
18
22
21
24
24
27
28
26
21
20
19
17
18
16
19
15
11
9
13
12
11
15
15
12
5
8
7
4
5
3
2
7
1
1
2
0
-6
-7
-5
-13
-12
-13
-17
-19
-18
-20
-18
-18
-13
-11
-11
-11
-10
-10
-12
-8
-12
-8
-9
-10
-11
-10
-8
-5
-6
-10
-6
-6
-5
-3
3
1
4
3
1
2
-1
-2
-2
-5
-8
0
-3
-5
1
0
-4
-1
1
-1
-2
-7
-1
-1
-1
-1
4
2
-4
-2
1
1
0
2
0
-3
-2
-1
2
4
-1
1
3
2
5
7
7
6
4
1
5
4
0
5
2
3
0
3
1
2
5
4
5
-2
3
1
3
1
5
5
1
3
3
4
4
5
6
6
4
6
3
4
7
3
6
8
5
7
10
9
13
10
5
8
6
6
5
-1
-1
-1
-1
-1
0
-2
-4
-5
-5
-2
-5
-2
-7
-9
-12
-12
-14
-16
-11
-11
-10
-12
-14
-14
-13
-10
-9
-13
-11
-13
-14
-9
-9
-9
-9
-8
-8
-7
-6
-4
-8
-5
-1
0
0
-2
0
2
-1
1
3
1
5
5
5
0
7
5
4
5
11
6
7
7
3
7
7
8
6
9
7
6
3
7
8
10
10
7
8
4
-2
-2
0
-1
2
4
6
7
7
5
7
6
5
3
1
3
0
5
1
5
6
2
-1
2
2
-1
1
-3
1
-2
-1
-5
-3
-4
-1
-1
-6
2
-1
-7
-6
0
-1
-5
0
2
-1
-4
3
5
3
2
6
3
1
-2
-1
3
4
1
4
7
4
5
6
5
7
5
2
5
1
2
0
-1
-3
0
2
2
0
-3
-2
-1
-5
-6
-3
-6
-8
-5
-5
-9
-7
-6
-5
-6
-8
-5
-7
-5
-6
-8
-9
-11
-13
-10
-8
-7
-7
-11
-6
-7
-15
-12
-4
-7
-10
-2
-3
-8
-9
-6
-7
-7
-6
-3
-4
-8
-5
-5
2
3
0
4
5
4
2
5
4
7
5
3
6
6
7
8
11
10
11
17
15
17
17
14
10
11
7
7
9
7
4
4
11
7
10
12
16
11
9
11
7
7
8
6
1
6
5
5
4
2
6
3
-1
2
0
2
0
1
-2
-3
-3
-8
-4
-4
-4
-1
4
-2
-3
-3
-3
-6
-10
-9
-9
-10
-10
-13
-11
-13
-16
-15
-15
-12
-16
-13
-15
-17
-14
-17
-14
-14
-13
-9
-11
-10
-7
-8
-6
-4
-3
-2
1
1
4
3
3
8
7
5
6
9
10
9
12
14
17
14
16
9
11
11
8
10
8
9
5
8
9
10
11
9
11
6
7
3
-2
-1
-5
-5
-4
-8
-6
-6
-5
-8
-6
-10
-11
-6
-11
-9
-6
-10
-10
-8
-10
-7
-7
-3
-2
-3
0
3
-2
3
3
0
2
1
2
2
3
5
5
5
8
8
6
8
11
9
11
15
15
12
12
11
11
7
8
6
8
8
5
6
6
3
4
6
4
7
8
-1
-3
2
-6
-5
-4
-4
-9
-10
-10
-11
-14
-11
-12
-14
-16
-17
-17
-18
-17
-15
-11
-8
-9
-8
-2
-5
-7
-6
-3
-5
-3
-4
-5
-5
-5
-5
-4
0
0
3
5
7
7
6
5
3
9
5
7
6
7
9
10
14
7
10
5
8
8
4
9
13
13
7
8
9
9
5
8
8
6
5
8
8
7
10
4
5
6
4
-1
0
-2
-5
-7
-5
-7
-10
-12
-11
-9
-14
-10
-12
-12
-13
-10
-12
-10
-11
-13
-7
-13
-7
-7
-8
-5
-7
-11
-13
-16
-15
-12
-12
-12
-10
-8
-7
-5
-2
-3
-4
-4
0
2
2
4
4
3
9
9
9
13
11
12
13
11
16
14
17
19
17
17
13
9
10
9
9
9
11
9
9
8
8
9
5
7
6
6
7
5
4
4
2
1
-2
-6
-7
-8
-9
-9
-7
-9
-7
-6
-7
-6
-6
-6
-4
-3
-8
-8
-6
-8
-7
-8
-6
-11
-12
-10
-13
-12
-9
-9
-2
-2
-6
-3
-4
-2
1
2
3
3
4
10
5
9
9
7
9
11
10
11
13
16
19
16
17
19
17
16
13
14
13
10
11
13
11
7
11
12
11
12
10
6
3
5
-3
-6
-6
-11
-10
-10
-11
-13
-14
-16
-10
-16
-16
-13
-14
-13
-11
-11
-11
-15
-15
-16
-19
-20
-23
-19
-21
-22
-19
-20
-19
-15
-14
-16
-14
-14
-13
-11
-10
-9
-8
-10
-7
-5
-4
-2
0
3
2
3
5
8
7
11
12
11
9
12
15
11
15
16
14
16
19
13
14
12
9
10
10
13
12
12
11
14
15
13
15
12
10
8
8
5
7
5
6
5
1
2
3
2
-2
-2
-7
-7
-7
-7
-6
-11
-12
-9
-13
-13
-6
-7
-6
-7
-7
-5
-5
-5
-3
-5
-1
-4
-2
0
-1
-2
-5
0
2
2
-2
3
2
3
6
8
6
10
8
2
1
2
4
1
6
7
5
4
5
4
4
4
4
3
0
4
5
6
7
8
10
9
5
1
2
2
-1
-3
-2
-3
-1
-3
-2
0
0
-1
-3
-2
0
-2
-4
-5
-6
-9
-5
-8
-7
-9
-12
-14
-15
-14
-12
-11
-13
-14
-11
-12
-11
-11
-8
-8
-9
-6
-7
-4
-6
-2
0
-1
1
-2
-2
-1
-3
-2
0
0
1
0
3
4
3
5
6
6
7
6
4
6
5
6
10
9
9
9
13
15
16
15
17
12
16
16
12
14
12
16
14
11
11
11
9
11
6
4
7
4
4
7
9
3
3
4
-1
-3
-3
-9
-13
-11
-13
-14
-11
-14
-13
-13
-12
-12
-14
-14
-15
-17
-18
-18
-21
-23
-20
-21
-23
-18
-16
-17
-15
-13
-12
-14
-11
-9
-9
-6
-7
-1
-1
-3
0
3
1
4
4
6
9
8
11
8
13
12
12
14
12
12
16
13
8
14
9
12
13
13
6
4
8
8
7
12
10
8
10
4
8
3
0
0
-1
-2
-3
1
1
-1
2
2
0
4
2
3
-1
-1
1
-1
1
6
3
7
8
6
7
7
6
4
1
0
2
-3
-1
0
-3
-3
1
1
2
6
4
5
2
3
3
-2
-4
-5
-7
-6
-6
-6
-4
-5
-4
-6
-10
-7
-7
-11
-11
-11
-11
-11
-11
-12
-13
-14
-16
-12
-12
-11
-10
-8
-8
-8
-8
-7
-6
-8
-8
-7
-5
-5
-8
-3
-1
1
1
3
5
7
4
5
8
7
6
9
10
8
10
10
8
7
10
9
10
9
9
8
6
9
10
6
8
11
7
9
11
12
13
11
12
13
14
13
12
9
11
8
5
5
1
-3
-3
-7
-9
-6
-9
-7
-7
-4
-2
-2
-5
-6
-5
-8
-11
-14
-11
-10
-11
-6
-6
-8
-2
-6
-6
-5
-7
-9
-6
-6
-10
-4
-9
-5
-5
-4
-6
-8
-6
-5
-7
-2
-4
-6
-3
-1
2
0
3
1
-2
-1
4
4
5
3
1
2
2
1
0
1
3
2
0
2
2
-4
-5
1
2
0
2
5
4
1
5
4
3
8
5
3
3
1
1
-1
1
2
4
3
7
5
1
7
3
3
2
3
1
2
3
2
2
0
-3
0
-2
-2
0
2
2
3
11
10
7
3
4
3
-2
-1
2
-1
2
2
0
-1
-1
-4
-2
-4
-5
0
-2
-4
-5
-1
-3
-6
-3
-4
-3
-4
-3
-3
-3
-6
1
0
-2
2
3
-1
-2
-4
-6
-3
-5
-6
-7
-4
-4
-6
-4
-1
-1
-1
-1
-4
-3
-4
-3
0
1
3
2
1
1
1
0
0
4
3
4
5
2
0
3
0
2
4
0
-1
-1
0
2
3
3
2
4
3
4
6
4
3
6
6
3
3
4
2
4
9
7
8
8
5
4
4
5
6
5
5
3
4
6
9
8
10
8
5
7
9
7
3
4
3
3
1
2
2
1
1
-1
1
0
-1
-5
-7
-6
-8
-13
-15
-14
-15
-15
-17
-14
-14
-14
-13
-14
-13
-15
-13
-11
-13
-16
-16
-20
-15
-15
-14
-10
-12
-12
-8
-11
-9
-6
-7
-7
-2
-3
-2
0
0
-1
-2
0
0
1
1
4
5
4
4
3
9
7
9
9
8
7
10
7
7
12
10
12
10
11
14
11
9
11
12
9
8
9
7
8
5
8
12
12
12
11
12
7
11
10
7
7
3
3
5
4
3
3
3
2
1
2
3
1
1
-3
-2
-4
-2
-6
-8
-6
-7
-13
-9
-8
-11
-9
-10
-11
-12
-15
-11
-12
-11
-11
-10
-7
-7
-2
-6
-5
-3
-5
-5
-3
-3
-5
-4
-1
-1
3
6
7
9
10
8
10
9
10
9
10
9
9
8
7
7
8
9
9
10
10
11
12
12
9
9
8
5
5
2
3
2
0
-3
-2
-4
-6
-7
-11
-10
-11
-14
-11
-9
-12
-7
-9
-6
-5
-6
-5
-3
-3
-3
-3
-4
-6
-8
-7
-10
-8
-11
-10
-11
-13
-10
-8
-7
-6
-2
-6
-2
-2
-2
-1
-2
-2
-4
-2
-3
-3
2
4
6
7
4
5
4
1
1
0
1
2
4
6
6
4
6
8
5
8
5
3
6
6
6
8
7
7
4
3
1
2
1
-2
1
1
0
-1
0
-1
3
4
4
3
1
1
-4
-2
-1
-4
-3
-5
-6
-2
0
-2
2
1
-1
4
2
-1
1
0
-1
-1
-2
-3
0
-1
-2
4
3
3
4
0
1
0
-2
-3
-6
-1
-4
-4
-2
-2
-2
1
0
2
1
0
1
2
2
2
3
2
2
2
2
4
1
1
-1
1
2
0
1
5
4
1
4
5
5
4
1
-1
-1
0
-3
2
0
-1
4
1
0
1
3
3
4
1
1
1
-5
-3
-6
-7
-10
-11
-10
-11
-12
-13
-10
-15
-13
-9
-8
-10
-7
-3
-4
-3
-4
-1
-3
0
-2
0
1
2
4
3
1
2
5
6
9
7
13
14
14
17
15
13
14
10
10
14
12
13
10
8
11
8
7
7
7
5
6
4
4
4
3
3
4
5
4
3
0
1
2
0
0
-2
-3
-6
-4
-5
-8
-5
-8
-9
-5
-10
-11
-8
-10
-11
-12
-15
-17
-14
-13
-12
-11
-15
-15
-10
-12
-9
-11
-11
-10
-13
-14
-10
-9
-12
-10
-12
-11
-7
-4
-3
-2
-3
-3
-3
-4
-3
-1
0
0
7
10
14
18
16
19
20
20
20
19
17
16
17
15
14
14
12
11
13
15
17
11
16
12
11
8
9
9
7
0
-4
0
-6
-6
-5
-4
-9
-8
-5
-9
-12
-11
-13
-14
-17
-17
-17
-17
-20
-17
-12
-14
-11
-7
-8
-4
-3
-4
-4
1
0
0
5
3
7
6
6
7
6
11
10
9
9
9
9
12
12
8
9
10
6
5
7
7
3
6
5
4
4
3
4
3
1
1
5
5
3
4
-1
-2
-4
-4
-2
-4
-3
-4
-5
-7
-11
-12
-8
-9
-6
-5
-8
-4
-9
-7
-6
-5
-5
-6
-4
-3
-6
-5
-5
-4
-3
-3
-1
-5
-8
-10
-9
-12
-11
-10
-10
-10
-10
-5
-7
-5
-5
-3
-5
-7
-2
-3
-1
3
0
2
4
3
4
9
12
13
12
12
12
14
15
16
18
19
20
20
21
20
16
16
16
11
10
8
10
13
10
13
13
10
9
10
9
6
6
2
0
0
-5
-6
-5
-6
-6
-4
-8
-9
-10
-13
-13
-12
-13
-13
-14
-13
-11
-15
-14
-13
-12
-11
-9
-11
-10
-11
-12
-10
-9
-10
-7
-5
-8
-5
-3
-1
-2
-2
1
4
4
3
4
5
6
8
10
8
12
10
9
11
8
9
8
7
8
10
9
9
9
6
9
5
6
3
0
-3
1
-6
-6
-2
-5
-3
-2
-3
-4
-5
-8
-9
-5
-8
-7
-5
-1
1
0
-2
-1
-2
-7
-8
-7
-6
-9
-9
-7
-6
-4
-6
-4
-5
-3
-1
-2
0
-1
-5
-4
-2
-4
-5
-2
0
0
3
3
4
5
4
2
0
0
1
-3
-3
-2
-2
1
0
0
3
3
5
6
8
9
9
4
6
8
9
10
12
12
12
12
9
9
8
7
6
7
6
6
1
2
0
0
2
4
2
3
2
2
-1
-5
-4
-8
-6
-4
-4
-5
-6
-5
-7
-6
-7
-6
-8
-9
-7
-8
-5
-4
-3
-4
-4
-7
-4
-5
-6
-6
-6
-7
-4
-6
-5
-4
0
-1
-2
1
1
3
1
5
4
7
5
7
9
8
8
6
6
9
7
10
7
6
7
6
7
9
8
9
10
7
7
8
5
5
4
0
0
0
-1
1
1
2
3
-1
1
1
1
1
0
0
-4
-4
-8
-8
-6
-7
-8
-6
-5
-4
-5
-6
-3
-4
-6
-8
-8
-9
-5
-6
-7
-6
-5
-3
-4
-6
-7
-6
-7
-7
-8
-6
-6
-8
-7
-5
-6
-3
-6
-2
-3
-5
-7
-4
-3
-5
-2
-1
0
-5
-3
-5
-1
-1
-1
-1
0
-6
-5
0
-4
-2
3
0
0
1
-1
0
2
-1
5
6
6
5
3
4
1
1
3
3
1
4
2
2
6
6
5
5
7
8
11
13
14
14
14
13
10
9
13
11
11
11
11
11
12
15
15
14
16
14
12
11
11
9
9
8
5
5
3
4
5
5
7
5
4
4
3
0
-2
-2
-5
-5
-5
-5
-7
-5
-4
-5
-3
-4
-7
-11
-11
-17
-16
-18
-16
-14
-14
-11
-12
-10
-12
-13
-14
-15
-16
-17
-16
-14
-16
-14
-14
-11
-9
-8
-6
-1
1
-1
1
-1
0
0
0
1
0
0
1
0
0
3
3
0
1
4
2
2
1
2
5
1
2
1
1
1
-1
0
-1
0
1
2
2
-2
-1
-2
0
2
3
2
0
-3
-1
-1
-1
-2
0
2
1
0
0
-2
-3
-1
2
2
0
1
3
2
6
9
6
5
3
3
2
1
4
1
2
1
3
4
4
3
7
8
7
7
7
7
8
5
5
3
4
5
2
5
5
2
7
7
8
12
9
8
7
6
4
5
5
1
3
3
3
4
3
0
-1
-2
-1
-4
-3
-4
-4
-2
-4
-4
-5
-7
-4
-4
-3
0
-1
-1
-2
-5
-5
-4
-6
-5
-4
-1
-2
-3
0
2
2
4
3
-1
-2
-1
-3
-4
-2
0
-3
-1
-2
-3
-2
-3
-3
-1
-4
-1
-3
-4
-2
-2
5
2
4
0
2
4
0
2
-1
-5
-2
-4
-8
-2
-2
-4
-3
-5
-2
-4
-7
-6
-7
-9
-6
-8
-6
-1
-4
-5
-5
-8
-9
-9
-12
-10
-9
-10
-9
-5
-7
-6
-4
-3
-3
-1
-1
-2
-2
-4
-4
-4
-3
-3
-2
0
2
3
4
5
6
5
3
3
4
5
5
9
10
10
14
13
14
13
14
14
16
15
12
15
16
15
15
15
16
13
14
16
11
10
9
8
7
7
9
8
7
4
8
3
0
-1
-2
-6
-9
-9
-10
-11
-12
-14
-14
-13
-14
-16
-15
-11
-14
-11
-10
-9
-10
-8
-9
-8
-6
-5
-3
-5
-4
-4
-6
-6
-2
-3
-2
0
1
2
3
3
3
4
3
2
5
7
5
5
8
8
8
9
11
11
9
9
9
6
1
2
2
-1
0
3
2
2
0
1
1
-1
1
-1
1
-1
0
-3
-2
-1
-6
-5
-4
-6
-6
-4
-7
-9
-9
-8
-7
-7
-6
-4
-2
-3
-1
0
-1
-1
-1
-2
1
1
-2
-1
0
-4
-5
-4
-8
-7
-8
-9
-5
-4
-5
-7
-8
-11
-12
-13
-11
-10
-11
-9
-7
-7
-5
-4
-3
-2
0
3
3
5
3
2
1
0
6
7
8
10
10
11
7
9
12
11
12
14
17
17
20
18
16
13
12
11
9
11
8
7
10
9
6
5
0
-1
0
-2
-2
-1
-2
-3
-2
-4
-3
-6
-9
-8
-7
-4
-5
-8
-9
-9
-9
-9
-6
-4
-6
-4
-6
-8
-9
-6
-7
-4
-3
-3
0
-2
-2
-1
1
2
2
4
6
5
5
4
3
7
2
0
3
0
2
4
8
9
9
7
4
2
2
0
-1
3
4
1
5
6
5
5
4
6
7
10
10
10
11
9
7
7
6
3
1
0
2
0
2
-1
1
1
-1
1
1
0
-3
-1
1
1
-3
-7
-9
-7
-6
-6
-5
-5
-7
-10
-10
-8
-13
-10
-10
-11
-14
-14
-13
-14
-15
-18
-19
-21
-18
-21
-16
-15
-16
-13
-13
-11
-12
-10
-10
-7
-5
-5
-4
-5
-7
-7
-4
-3
-1
0
-1
1
3
4
7
5
6
7
8
8
8
8
9
8
6
9
10
6
8
10
9
12
13
12
14
15
15
16
18
18
19
16
15
14
13
12
10
9
7
5
5
5
7
5
3
8
6
5
5
3
1
0
-2
-1
0
-2
-4
-1
3
4
2
3
0
1
1
-2
1
2
3
5
5
2
5
2
4
1
4
5
5
4
3
3
5
3
2
4
-1
-1
0
-2
-2
-2
-2
1
-2
-3
-2
-6
-5
-5
-4
-4
-4
-8
-7
-5
-8
-7
-6
-9
-13
-11
-11
-7
-6
-8
-4
-3
-6
-7
-7
-10
-7
-8
-8
-7
-12
-11
-13
-14
-15
-12
-11
-9
-7
-8
-5
-7
-7
-8
-8
-10
-8
-8
-6
-4
-7
-7
-11
-15
-14
-13
-12
-9
-8
-4
-4
1
-1
0
-1
-2
-1
-1
-3
-4
-3
-2
-2
2
7
9
8
7
12
12
9
10
12
11
9
12
11
13
15
17
17
20
19
17
16
15
19
19
22
20
18
17
17
16
14
12
10
10
4
5
5
2
-1
0
-3
-1
-2
2
5
1
-1
1
-1
-1
0
1
0
4
2
2
2
2
0
-4
-2
-4
-5
-6
-4
-2
0
0
0
2
6
4
1
4
3
0
0
-4
-5
-6
-7
-5
-3
-1
-5
0
1
1
0
-2
-1
-4
-4
-5
-4
-7
-10
-11
-6
-11
-11
-8
-11
-9
-10
-10
-15
-13
-15
-15
-16
-12
-12
-12
-9
-9
-10
-12
-10
-10
-8
-9
-6
-6
-6
-5
-1
-1
3
2
-1
1
-2
1
1
1
5
5
2
1
0
-1
0
0
-3
1
1
-2
-2
-1
0
5
6
6
8
6
12
11
11
12
11
8
9
11
9
9
6
6
6
6
5
8
11
11
13
14
12
11
8
8
6
4
3
5
4
4
2
-1
-5
-6
-2
-4
-3
-2
-3
-4
-2
-2
-6
-9
-8
-6
-7
-6
-4
-6
-7
-4
-3
-4
-3
-1
0
-2
-2
0
-5
-6
-4
-3
-7
-8
-7
-4
-3
0
-2
0
-1
-5
2
7
7
7
9
5
4
3
2
0
1
0
2
2
4
3
2
1
-1
-3
3
4
5
5
6
2
-1
-5
-6
-4
-2
1
2
7
7
7
5
8
4
3
6
4
3
2
1
-2
-4
-7
-6
-3
2
-1
1
3
1
-3
-3
-2
-3
-3
-2
1
2
0
-1
1
-2
-3
-5
-2
-2
-4
-4
-5
-8
-4
-5
-5
-1
0
-2
-3
-2
-2
1
-2
1
1
-4
-4
1
1
2
3
0
4
1
0
-2
-2
-10
-6
-5
-1
-3
-1
2
0
0
-3
-1
1
3
2
5
4
3
-1
2
0
1
-1
2
3
3
4
3
-4
-6
-3
-4
-4
-3
-2
-4
-1
-6
-6
-4
-7
-9
-10
-8
-8
-3
-6
-5
-4
-6
-6
-4
-2
2
2
2
3
4
-1
-1
-2
-2
3
3
6
12
13
12
13
12
14
11
11
13
11
10
11
14
9
9
9
9
8
15
19
19
16
14
12
7
7
4
5
11
4
4
5
5
-2
-3
-11
-12
-9
-11
-13
-15
-11
-14
-19
-17
-17
-12
-17
-19
-9
-17
-20
-23
-16
-16
-11
-19
-14
-10
-6
-11
-6
-5
-12
-6
-6
-6
-1
3
-2
2
10
5
7
10
12
12
14
18
15
16
16
11
8
9
6
13
18
19
19
19
19
15
9
11
10
9
12
15
12
13
2
4
5
-5
-3
0
-2
1
-1
-2
-3
-5
-7
-8
-1
-4
-6
-5
-4
-9
-5
-15
-15
-21
-19
-23
-19
-14
-16
-17
-21
-22
-16
-19
-21
-16
-18
-16
-16
-16
-16
-13
-19
-17
-20
-9
-12
-8
-15
7
-8
1
-9
6
-4
-2
7
-9
13
-11
13
-5
21
-1
10
7
11
23
5
22
10
23
7
24
14
23
18
19
26
26
30
19
20
18
24
15
24
26
27
24
20
7
11
4
4
5
3
7
-6
-4
-7
-2
-14
-10
-5
-4
-2
-11
-1
-13
-4
-16
-11
-12
-8
-8
-12
-6
-10
-16
-19
-5
-15
-13
-16
-6
-1
0
4
6
1
-3
2
1
7
11
8
10
14
14
8
5
16
22
18
27
25
23
16
9
7
8
1
-4
2
5
4
-1
1
3
3
-2
0
4
6
4
-3
-1
-6
-13
-21
-22
-15
-21
-27
-18
-15
-10
-15
-16
-19
-19
-20
-23
-23
-22
-24
-29
-23
-16
-17
-27
-25
-24
-19
-21
-11
-20
-2
-18
-30
-22
-14
-12
-20
-24
-14
-1
-10
-28
-19
-2
-16
-31
-16
-4
15
-6
-17
20
33
4
-5
-1
20
22
-3
5
38
46
29
12
32
50
30
17
25
57
66
56
46
61
61
48
36
45
68
62
56
59
66
64
47
30
38
54
44
44
38
38
29
9
-9
-3
-9
-18
-16
-27
-18
-28
-46
-61
-57
-66
-80
-77
-74
-66
-67
-81
-88
-67
-77
-81
-79
-73
-78
-79
-73
-80
-70
-70
-67
-60
-51
-51
-40
-46
-41
-35
-37
-25
-23
-22
-25
-14
-10
-11
0
-1
-7
15
26
44
53
54
65
57
61
61
82
86
105
130
142
157
162
155
151
191
201
226
243
273
278
265
232
171
136
110
107
90
106
96
75
27
-32
-81
-144
-189
-224
-213
-180
-158
-168
-203
-249
-277
-296
-311
-302
-264
-227
-192
-177
-176
-186
-213
-238
-238
-196
-154
-113
-90
-80
-77
-85
-116
-144
-143
-124
-85
-62
-42
-36
-37
-49
-57
-48
-47
-32
-2
35
69
79
83
73
67
96
131
163
189
208
219
239
244
242
228
215
247
273
291
295
287
302
321
368
465
590
632
534
381
244
213
207
251
270
280
280
280
307
203
7
-268
-416
-410
-283
-154
-136
-142
-218
-293
-431
-558
-611
-567
-443
-355
-289
-280
-284
-350
-419
-495
-541
-497
-397
-246
-144
-117
-157
-219
-297
-365
-396
-397
-313
-207
-116
-74
-107
-160
-230
-287
-318
-313
-227
-104
-7
31
39
18
8
6
24
48
119
229
334
408
408
365
299
274
267
326
354
388
431
472
485
455
404
350
313
301
329
347
396
394
395
381
381
464
557
649
601
454
271
95
33
68
195
352
432
459
455
354
160
-94
-287
-325
-185
34
236
291
206
6
-280
-535
-719
-730
-660
-517
-418
-452
-575
-794
-961
-1061
-1072
-1026
-922
-790
-680
-665
-679
-738
-788
-751
-678
-545
-417
-289
-217
-169
-130
-135
-130
-142
-156
-114
-37
58
183
259
307
340
327
284
245
214
231
322
399
489
548
544
513
458
395
365
369
357
406
451
508
571
569
550
462
406
375
386
435
456
509
538
519
446
370
313
270
272
311
364
391
388
341
247
161
113
128
163
211
224
203
155
55
-51
-127
-192
-145
-62
0
50
36
-47
-148
-265
-383
-432
-440
-353
-246
-159
-126
-186
-302
-419
-541
-610
-580
-462
-313
-222
-204
-237
-346
-463
-552
-601
-596
-521
-414
-348
-309
-373
-462
-567
-669
-721
-703
-609
-512
-377
-330
-370
-453
-512
-518
-470
-355
-239
-135
-71
-20
-8
-20
-25
-5
25
92
157
233
307
337
389
370
358
350
343
394
429
475
512
504
485
431
415
437
476
538
572
578
537
492
469
459
476
540
588
641
648
607
545
477
438
474
556
633
677
656
548
409
320
252
240
270
321
463
597
628
567
390
185
-12
-96
-97
37
208
339
386
270
14
-320
-599
-762
-738
-621
-462
-339
-357
-455
-672
-923
-1129
-1266
-1239
-1120
-938
-807
-746
-804
-969
-1130
-1240
-1279
-1152
-951
-777
-617
-606
-601
-691
-782
-810
-783
-691
-602
-485
-402
-329
-279
-254
-252
-259
-259
-206
-190
-105
-54
-17
58
124
279
385
473
556
600
707
768
795
847
905
981
1043
1107
1095
1086
1116
1097
1061
1030
1013
1037
1078
1110
1154
1135
1080
1014
953
892
808
802
855
922
1047
1084
1045
985
868
738
558
427
353
379
506
586
604
554
404
216
-40
-299
-528
-667
-685
-629
-464
-422
-516
-649
-879
-1123
-1311
-1451
-1496
-1445
-1336
-1220
-1168
-1152
-1268
-1415
-1597
-1719
-1799
-1818
-1726
-1610
-1568
-1544
-1562
-1621
-1609
-1664
-1646
-1575
-1392
-1183
-986
-859
-794
-749
-703
-691
-599
-477
-375
-160
61
254
419
449
481
508
536
655
765
944
1091
1196
1234
1220
1227
1234
1268
1284
1340
1424
1491
1577
1718
1793
1914
1813
1865
1796
1838
2103
1800
2081
1582
1615
1598
1390
1701
1500
1659
1381
1148
986
691
580
261
114
194
173
215
196
-30
-89
-255
-407
-233
-115
-49
34
-282
-397
-648
-751
-672
-540
-243
-112
28
-148
-409
-742
-1215
-1420
-1521
-1274
-974
-774
-652
-883
-1148
-1572
-1828
-2064
-2127
-1917
-1813
-1610
-1531
-1526
-1574
-1688
-1703
-1844
-1865
-1997
-1858
-1665
-1575
-1402
-1298
-1047
-752
-614
-734
-911
-1113
-1518
-1165
-596
-238
-8
-70
121
-211
-182
-164
-315
-159
-390
333
915
1215
1440
1326
1239
996
1085
1036
1188
1712
1758
1849
2301
2551
2240
2220
2079
1675
1775
1772
1782
2128
2434
2594
2601
2283
1944
1800
1402
1111
1320
1523
1756
1796
1739
1636
1420
1133
771
964
1313
1492
1709
1645
1644
1339
939
733
444
291
233
331
541
762
495
-35
-573
-1185
-1442
-1851
-2046
-2058
-2102
-2059
-2209
-2369
-2735
-2992
-3243
-3405
-3402
-3493
-3450
-3513
-3489
-3339
-3296
-3194
-3157
-3191
-3330
-3427
-3471
-3164
-3044
-2838
-2280
-2014
-1854
-1734
-1637
-1668
-1584
-1823
-1731
-1190
-983
-355
205
233
295
298
10
61
699
586
842
1647
1537
1944
2423
2096
2073
2210
1800
2112
2396
2368
2765
3103
3284
3499
3420
3091
2997
3072
2891
2797
3411
3349
3582
3679
3259
3378
2983
2765
2372
2181
2478
2777
3207
3705
3793
3355
2654
2023
1295
1011
1089
1165
1384
1749
1886
1746
1164
271
-651
-1513
-1907
-2180
-2267
-2134
-2080
-1976
-2188
-2459
-2899
-3531
-3971
-4394
-4765
-4846
-4839
-4570
-4223
-3844
-3506
-3583
-3743
-4210
-4644
-4949
-4855
-4482
-3849
-3003
-2446
-2056
-2019
-2213
-2542
-2721
-2839
-2855
-2548
-2006
-1329
-873
-393
-54
-209
-494
-758
-829
-725
-442
186
821
1461
1835
2108
2020
1769
1712
1580
1789
2128
2505
2544
2909
3310
3476
3902
3690
3657
3535
3339
3610
3512
3673
3835
3796
3759
3731
3880
3528
3640
3918
4367
5188
5162
4686
3895
3162
2639
2557
2905
3174
3416
3407
3303
3161
2654
1663
406
-544
-1274
-1487
-1554
-1509
-1371
-1531
-1717
-2303
-3050
-3864
-4552
-4869
-5188
-5119
-5016
-4830
-4438
-4171
-3904
-3685
-3715
-4026
-4355
-4728
-4892
-4760
-4404
-3638
-3048
-2510
-2279
-2334
-2626
-3093
-3440
-3660
-3417
-3072
-2572
-2147
-1935
-1541
-1418
-1464
-1635
-1995
-2087
-1869
-1418
-719
-50
502
814
1167
1369
1253
1219
1286
1401
1856
2399
2664
3155
3281
3290
3560
3616
3526
3318
3096
2988
3075
3340
3378
3597
3730
3384
3584
4022
4827
5623
5845
5379
4540
3906
3109
3160
3529
3950
4238
4394
4702
4724
4589
3412
2165
916
-35
-457
-760
-556
-578
-545
-683
-1093
-1448
-2242
-2895
-3801
-4486
-4894
-5352
-5297
-5149
-4483
-3867
-3345
-3012
-3070
-3221
-3807
-4390
-4722
-4685
-4199
-3552
-2700
-2134
-1837
-1837
-2038
-2143
-2552
-2931
-3443
-3737
-3655
-3362
-2716
-2257
-1893
-1956
-2056
-2078
-2225
-2138
-2079
-1763
-1497
-1198
-658
-416
-77
316
779
1149
1370
1470
1388
1321
1363
1552
1881
2074
2357
2639
2917
3105
3138
2919
2767
2352
2265
3039
4248
5844
6289
6096
5190
4564
3985
3860
4089
3792
3740
3382
4137
5043
5859
5604
4426
3251
1694
790
-199
-561
-634
-680
-380
-476
-175
-395
-754
-1329
-2521
-3407
-4860
-5475
-5854
-5181
-3966
-2788
-1601
-1303
-945
-1567
-1990
-2629
-3184
-3290
-3426
-3153
-2521
-1783
-1024
-501
-94
-126
-766
-1821
-3115
-3860
-4334
-4128
-3651
-3244
-2740
-2324
-1684
-1414
-1352
-1769
-2519
-2879
-3264
-2849
-2403
-1678
-970
-353
461
794
1198
973
956
671
363
346
341
604
895
1548
2146
2570
2936
2663
3037
3679
5002
5552
5129
4412
3434
3574
3353
4153
4081
4056
3559
3400
4553
4949
5193
3474
2337
1245
855
608
-10
42
-634
-706
-861
-770
-380
-728
-955
-1963
-2756
-3626
-4445
-4420
-4458
-3560
-3227
-2542
-2170
-1571
-746
-228
295
-194
-808
-1614
-1959
-1628
-954
-397
-62
12
249
423
680
603
102
-853
-2144
-2901
-3579
-3392
-2910
-2186
-1183
-787
-376
-680
-774
-1129
-1622
-1871
-2495
-2352
-2252
-1092
-145
747
1315
1195
1221
866
721
301
21
-136
-232
224
456
953
936
1429
2697
4357
5835
5181
4278
2952
2548
1916
1767
1393
1008
1047
1416
3364
4342
4618
2702
1211
548
305
16
-1302
-2141
-3118
-3216
-2916
-2269
-1266
-1000
-943
-1631
-2345
-3218
-4182
-4459
-4928
-4601
-4745
-4318
-3492
-2104
-360
610
1202
979
828
646
499
328
-46
-226
-199
450
1545
2321
2728
2588
2581
2511
2117
1327
250
-854
-1492
-1611
-1190
-678
136
846
1504
1970
1643
1360
563
-21
-817
-1247
-1441
-1282
-538
374
1405
2145
2350
2126
1442
842
189
-96
-331
-562
-760
-137
1554
3669
4845
4791
4465
3932
3720
2425
1644
96
-594
-1377
-872
892
1783
2248
732
843
697
873
-299
-2154
-3244
-4442
-4689
-4902
-4249
-3416
-3081
-2777
-3253
-3298
-3623
-4013
-4064
-4845
-4815
-5586
-5056
-4470
-3234
-2044
-1546
-688
-258
1144
1721
2157
1534
811
320
130
627
1072
1513
1562
1922
2467
3129
3174
2661
1879
1120
632
207
66
-299
-265
-53
408
812
1208
1773
1981
2262
1805
1516
1042
772
610
389
866
992
1640
1903
2552
2742
2918
2825
2431
1872
1362
2129
3172
4086
3144
3163
3345
4557
4182
3336
2235
1012
312
-836
145
560
1009
-406
-1024
-601
98
39
-1361
-2080
-2719
-3228
-4214
-4769
-4549
-3971
-3882
-3991
-4241
-3887
-4085
-4261
-4887
-5279
-5539
-5667
-5319
-4857
-3907
-3406
-2701
-2108
-1025
-189
505
404
291
-10
7
233
319
471
179
492
1114
2248
2647
2529
1957
1343
1007
564
193
-234
-367
-313
45
606
1212
1759
2149
2203
1807
1359
1039
975
884
999
1400
1794
2312
2376
2698
2997
3366
3300
2985
2498
3000
4169
5549
5305
4813
4946
5562
5797
4275
3717
2655
2398
748
348
1107
1548
898
-1145
-709
189
1054
-448
-1565
-1893
-1987
-3050
-4449
-4668
-4202
-3875
-4620
-4918
-4676
-3696
-3795
-4343
-5071
-5080
-4976
-5167
-5501
-5650
-5492
-4797
-4336
-3471
-2552
-1359
-451
-421
-420
-704
-100
-272
-557
-1334
-1596
-1078
-465
223
501
1224
1637
1568
1151
594
447
184
-324
-809
-801
-442
-281
-227
59
948
1726
2322
2169
2137
1763
1711
1543
1350
1547
1714
2345
2458
2914
3222
3745
3690
4407
5297
6607
5850
5063
4846
5400
5623
4313
4579
4013
4058
2096
1722
2096
2217
815
-1183
-476
640
1001
-745
-1089
-291
224
-1547
-2976
-3171
-2519
-3442
-5166
-5465
-4440
-3171
-3932
-4674
-4777
-3749
-3610
-4211
-4628
-4221
-3991
-4396
-5077
-4444
-3159
-2183
-2201
-2463
-1647
-720
-17
-332
-397
-439
-586
-1067
-1301
-1233
-910
-950
-1057
-880
-250
462
340
61
-319
-39
-67
-519
-1178
-1234
-786
-475
-457
-287
281
710
724
709
1332
1852
1847
1294
1276
1842
2287
2511
2296
3473
4950
6234
5735
5506
6424
7014
6381
4334
4317
4385
4000
2446
2392
3830
3718
1722
-348
565
1678
849
-1379
-1643
-411
-299
-2204
-2764
-1288
-165
-1585
-3671
-3653
-2769
-2825
-4749
-5387
-4560
-3516
-4060
-4557
-3400
-1796
-1487
-2690
-2779
-1911
-1348
-2158
-3105
-2638
-1767
-1465
-2026
-1512
-231
612
175
-548
-157
328
-12
-976
-1187
-741
-397
-929
-1360
-1029
-298
-357
-1010
-1225
-972
-847
-1343
-1533
-1089
-325
-269
-596
-722
47
635
584
111
314
757
1081
952
1360
2123
3230
4228
4982
5320
5558
6469
6607
6174
4857
4733
4340
3130
1761
1782
3169
2838
1115
-13
1054
2043
589
-1328
-1188
246
-440
-2970
-3607
-1844
-901
-2673
-4048
-2808
-1249
-1933
-3728
-3691
-2287
-2321
-4026
-4746
-3313
-1893
-2625
-3521
-2454
-131
410
-930
-1353
-176
515
-1045
-2642
-2043
-707
-643
-1498
-599
1475
2003
707
-111
1082
1532
240
-1572
-1285
-208
-363
-1182
-1002
297
447
-672
-1495
-922
-310
-865
-1717
-1601
-797
-407
-631
-248
694
1293
668
187
509
1177
1044
877
2198
3807
4823
4178
4921
6323
6897
5649
4477
5060
4402
2725
949
1713
2522
972
-553
-398
1570
898
-1152
-1575
-43
362
-2282
-3752
-2844
-1725
-3065
-4849
-3988
-2511
-2760
-4393
-4539
-3069
-2721
-3973
-4667
-3604
-2411
-3040
-3718
-2934
-973
-217
-788
-651
392
1082
241
-552
-237
228
-464
-1471
-977
694
1189
546
606
2160
3061
2214
1263
1386
1668
502
-743
-770
1
-148
-1190
-1320
-254
475
131
-16
444
686
-12
-643
-623
-244
-213
-654
-739
-311
308
794
1185
2538
3664
4408
4037
4335
5489
5870
5407
4248
4784
4343
3256
2038
2156
2864
1347
183
-255
1209
917
-747
-1448
-819
-103
-1582
-2558
-2194
-1633
-2645
-4173
-4009
-3197
-3516
-4716
-5054
-4125
-3651
-4032
-4167
-3537
-2695
-2902
-3405
-3333
-2451
-1893
-2078
-1807
-980
-173
-421
-631
57
615
173
-865
-829
152
409
-241
-355
672
1659
1557
1416
2126
2934
2514
1463
1401
1988
1938
612
-355
-404
-388
-1140
-1701
-1466
-736
-447
-530
-15
594
914
372
203
410
534
171
-200
699
1867
3024
3056
3991
5408
6251
6053
5522
6124
5558
4426
3102
3254
3344
1788
354
-65
1030
705
-221
-629
-193
40
-1141
-1703
-1590
-1375
-2621
-4027
-4100
-3529
-3417
-4094
-4458
-4145
-3982
-4144
-4202
-3753
-3151
-3138
-3244
-3001
-1976
-1456
-1490
-1650
-1241
-834
-1078
-1369
-1080
-458
-569
-991
-1144
-439
-351
-672
-1026
-589
-70
-182
-23
713
1895
2032
1754
1523
1656
1451
613
30
-429
-662
-1150
-1544
-1467
-1373
-1266
-1158
-548
103
547
363
294
648
1023
879
717
1522
2331
2774
2541
3371
4247
4719
4551
4900
5771
5384
4884
4317
5168
4648
3353
2088
1744
1940
708
-73
-687
-241
-727
-1386
-1267
-753
-436
-1375
-1954
-2078
-2005
-2306
-2938
-3124
-3454
-3919
-4010
-3794
-3165
-2874
-2587
-2489
-2231
-1677
-1480
-1404
-1680
-1370
-1140
-1207
-1335
-1285
-878
-1136
-1435
-1615
-1519
-1464
-1543
-1143
-377
357
766
1004
1226
1234
855
442
178
129
66
134
310
499
522
138
-285
-847
-1412
-2216
-2612
-2390
-1780
-1239
-1120
-823
-431
94
174
243
746
1201
1373
986
1466
2353
3009
3339
3781
4932
5210
4968
4395
4645
4810
3968
3142
2470
2722
2110
1583
1071
1126
1061
239
-123
-285
151
-210
-590
-1028
-1168
-1208
-1481
-1748
-1964
-1872
-2074
-2322
-2558
-2390
-2211
-2325
-2359
-2038
-1423
-1362
-1554
-1503
-1121
-968
-1368
-1667
-1674
-1477
-1559
-1560
-1232
-881
-509
-472
-243
-12
221
105
-61
33
-20
111
-19
244
442
554
418
137
-40
-457
-719
-1258
-1434
-1865
-2213
-2087
-1890
-1572
-1747
-1714
-1583
-1252
-1028
-836
-270
-136
-113
57
405
963
1126
1457
2014
2767
3054
3371
3983
4150
4166
3821
3980
3788
3125
2513
2215
2156
1578
1341
1305
1591
1312
883
991
1236
1352
747
381
212
-25
-645
-1042
-905
-825
-909
-1057
-857
-648
-754
-895
-844
-893
-1090
-1234
-1139
-1054
-1225
-1332
-1324
-1305
-1272
-1053
-871
-865
-816
-865
-741
-577
-364
-339
-461
-451
-440
-517
-754
-660
-581
-601
-682
-843
-912
-1277
-1454
-1549
-1536
-1696
-1915
-2117
-2205
-2238
-2364
-2277
-2155
-1891
-1911
-1818
-1484
-1053
-684
-463
-26
377
637
710
938
1257
1494
1703
1992
2375
2579
2882
3135
3336
3163
3065
3032
2611
1999
1622
1783
1718
1395
1159
1490
1827
1596
1399
1465
1640
1133
467
291
647
804
545
506
806
916
709
599
796
944
547
226
52
180
94
-111
-339
-583
-743
-941
-955
-956
-835
-899
-946
-823
-756
-680
-842
-1066
-1271
-1517
-1734
-2006
-2169
-2295
-2331
-2338
-2379
-2400
-2255
-2081
-2022
-2115
-2063
-1910
-1818
-1942
-2134
-2171
-2216
-2244
-2328
-2021
-1489
-1031
-717
-424
84
421
533
595
826
1195
1370
1494
1684
2085
2332
2556
2737
2745
2557
2267
2113
1850
1574
1361
1416
1359
1152
1109
1205
1419
1269
1118
1074
1051
786
348
200
278
462
382
512
876
1127
1177
1135
1293
1389
1122
824
677
830
810
671
586
571
581
424
435
434
565
558
484
350
184
73
-266
-516
-661
-783
-1067
-1342
-1549
-1699
-1736
-1845
-2021
-2371
-2567
-2706
-2776
-2987
-3132
-3129
-3077
-3014
-2829
-2445
-2222
-2214
-2366
-2260
-2118
-1994
-1971
-1673
-1219
-768
-376
5
498
928
1122
1223
1310
1526
1681
1754
1907
2139
2285
2110
2174
2102
2001
1773
1688
1668
1423
1241
1008
993
885
863
934
866
645
261
-75
-319
-525
-603
-682
-490
-286
34
374
674
967
940
923
797
880
815
728
643
561
664
769
1080
1369
1521
1649
1732
1904
1802
1599
1165
749
430
215
86
-146
-339
-587
-524
-507
-594
-842
-1063
-1280
-1621
-1820
-1913
-1944
-2184
-2497
-2540
-2421
-2228
-2209
-2346
-2381
-2370
-2268
-2179
-1926
-1464
-1074
-852
-677
-407
-133
21
112
209
416
541
653
867
1104
1296
1350
1425
1522
1564
1459
1355
1269
1175
1023
829
599
408
399
405
354
184
66
-115
-314
-481
-494
-459
-510
-565
-615
-503
-424
-267
-168
-36
104
308
532
701
849
797
821
834
936
1062
1068
939
797
748
778
923
973
832
696
615
594
515
325
89
-38
-196
-403
-396
-374
-345
-626
-1025
-1209
-1240
-1303
-1554
-1734
-1654
-1547
-1527
-1442
-1274
-1092
-1095
-1219
-1277
-1142
-882
-724
-542
-346
4
343
603
889
1109
1197
1172
1148
1239
1258
1264
1190
1164
1156
1117
1138
1019
959
801
794
719
587
507
451
382
102
-83
-304
-521
-777
-984
-1057
-1152
-1248
-1255
-1133
-1012
-837
-600
-438
-308
-193
35
271
410
386
299
259
294
304
344
356
329
256
230
332
358
355
272
262
310
352
309
228
148
-17
-234
-436
-497
-439
-545
-762
-855
-809
-657
-710
-796
-819
-751
-808
-970
-1000
-946
-877
-981
-973
-801
-451
-206
-24
190
481
785
947
1115
1259
1362
1386
1375
1384
1457
1631
1692
1639
1586
1480
1456
1438
1369
1232
1173
1078
860
671
498
330
11
-338
-574
-773
-986
-1252
-1369
-1467
-1466
-1394
-1328
-1239
-1118
-886
-750
-709
-714
-633
-425
-337
-243
-169
-112
-40
33
198
252
310
229
222
241
162
144
53
-12
-108
-260
-400
-532
-515
-483
-482
-517
-500
-339
-292
-439
-649
-631
-651
-836
-1045
-1176
-1189
-1257
-1269
-1218
-904
-684
-544
-582
-438
-191
-29
123
184
449
565
729
801
988
1327
1494
1554
1540
1572
1712
1817
1794
1766
1819
1906
1901
1857
1878
1867
1663
1439
1295
1215
1131
929
644
293
0
-232
-491
-710
-911
-1049
-1153
-1236
-1253
-1174
-957
-793
-778
-677
-546
-460
-467
-358
-294
-246
-368
-497
-435
-349
-289
-241
13
165
108
-73
-144
-220
-403
-662
-816
-911
-930
-911
-991
-1026
-1037
-972
-961
-1050
-1151
-1159
-1173
-1247
-1341
-1322
-1341
-1459
-1570
-1645
-1483
-1387
-1278
-1211
-897
-517
-154
145
368
756
948
998
1052
1079
1208
1287
1292
1253
1422
1694
1889
2048
2131
2332
2407
2361
2305
2375
2414
2219
1790
1551
1623
1554
1412
1235
1121
1014
747
470
266
114
-176
-479
-645
-715
-633
-612
-537
-500
-381
-347
-422
-467
-478
-421
-412
-481
-497
-361
-272
-269
-179
-82
-24
-164
-412
-525
-613
-646
-802
-949
-988
-1001
-982
-1012
-998
-991
-979
-1055
-1167
-1297
-1423
-1512
-1672
-1787
-1759
-1699
-1739
-1886
-1943
-1766
-1648
-1640
-1616
-1385
-1131
-889
-666
-491
-126
80
255
414
604
830
940
1071
1078
1229
1284
1379
1485
1616
1862
2024
2096
2057
2251
2433
2390
2142
1802
1657
1541
1288
1068
1008
995
787
622
598
790
826
579
328
132
44
-215
-447
-535
-440
-369
-398
-285
-53
145
98
64
93
116
85
-150
-267
-243
-178
-233
-236
-99
-4
-32
-256
-351
-363
-452
-597
-644
-595
-593
-627
-712
-635
-641
-781
-948
-1143
-1284
-1345
-1364
-1409
-1450
-1520
-1461
-1412
-1412
-1375
-1342
-1305
-1318
-1209
-980
-713
-474
-228
89
412
691
821
957
1003
1006
1007
947
954
937
994
1113
1233
1307
1406
1591
1700
1645
1574
1498
1398
1094
800
689
638
447
133
53
148
224
108
1
5
-80
-269
-522
-580
-537
-679
-818
-816
-564
-362
-286
-272
-125
25
-5
-100
-160
-93
-102
-201
-253
-76
98
49
-143
-177
-52
-31
-120
-95
-59
-94
-245
-307
-321
-269
-267
-380
-395
-417
-391
-469
-511
-590
-696
-765
-884
-883
-820
-761
-755
-791
-694
-536
-357
-186
-20
187
425
555
712
1039
1160
1132
1077
1068
1059
920
777
750
790
758
795
983
1179
1234
1192
1242
1309
1126
756
486
331
113
-176
-432
-451
-507
-575
-586
-442
-335
-430
-585
-701
-742
-875
-1031
-1159
-1123
-1040
-1013
-962
-864
-698
-560
-422
-313
-185
-8
-31
-113
-109
2
-15
-110
-213
-255
-261
-323
-286
-229
-149
-203
-168
-85
4
-16
-101
-196
-306
-383
-344
-277
-285
-223
-186
-160
-85
-1
32
68
58
113
185
337
539
732
872
953
1087
1211
1356
1406
1330
1263
1165
1082
928
899
934
834
709
678
823
931
944
793
795
887
869
672
513
499
302
-42
-346
-412
-476
-682
-849
-871
-754
-799
-902
-886
-729
-717
-899
-1127
-1213
-1275
-1462
-1554
-1536
-1383
-1236
-1164
-976
-645
-386
-299
-264
-203
-111
-109
-209
-340
-447
-546
-610
-625
-591
-526
-545
-498
-413
-332
-198
-202
-285
-360
-322
-335
-341
-344
-428
-447
-455
-430
-352
-164
-8
114
287
506
708
935
1110
1234
1358
1446
1517
1638
1654
1559
1443
1365
1285
1221
1267
1286
1340
1249
1171
1186
1229
1241
1088
1047
939
855
714
596
599
519
353
180
171
155
12
-195
-259
-288
-400
-600
-791
-775
-779
-960
-1060
-1047
-1072
-1159
-1251
-1247
-1118
-1078
-1058
-915
-783
-664
-606
-547
-516
-480
-476
-444
-483
-562
-562
-640
-596
-592
-590
-661
-742
-739
-721
-636
-687
-753
-836
-888
-965
-1042
-1025
-997
-1034
-1048
-923
-750
-569
-434
-314
-129
40
214
378
553
720
819
866
1010
1265
1460
1613
1719
1773
1838
1758
1686
1611
1565
1427
1237
1211
1224
1261
1294
1379
1396
1488
1440
1302
1300
1252
1070
836
751
632
387
86
-117
-152
-276
-465
-570
-652
-708
-840
-926
-938
-909
-950
-981
-991
-1063
-1145
-1218
-1149
-1099
-1084
-1007
-882
-769
-657
-531
-373
-241
-257
-349
-447
-502
-533
-608
-695
-832
-815
-816
-754
-692
-714
-675
-702
-800
-840
-826
-829
-863
-954
-988
-900
-812
-769
-632
-538
-404
-234
-87
135
268
400
418
464
590
761
891
980
1133
1231
1278
1272
1338
1405
1359
1279
1202
1178
1136
1038
1050
1155
1237
1221
1245
1377
1440
1323
1194
1145
1115
1009
791
534
410
270
127
-32
-35
50
4
-79
-178
-185
-245
-338
-424
-528
-605
-687
-713
-789
-777
-777
-751
-789
-828
-736
-659
-568
-587
-608
-604
-593
-611
-636
-679
-746
-913
-1020
-1061
-1078
-1024
-1017
-985
-900
-715
-628
-562
-472
-491
-572
-719
-722
-720
-720
-646
-597
-398
-257
-89
85
257
418
522
655
708
813
898
1008
990
954
1113
1212
1032
953
927
971
957
748
845
896
882
849
891
1054
1220
1277
915
691
582
482
284
206
46
104
-102
-367
-213
-319
-422
-531
-624
-565
-414
-511
-629
-596
-764
-916
-923
-897
-908
-847
-795
-711
-661
-709
-720
-669
-453
-231
-234
-243
-261
-154
-65
-103
-161
-140
-14
-47
-76
33
23
-126
-238
-95
113
155
177
241
327
488
393
333
290
197
213
282
460
576
739
858
954
952
994
1014
994
928
822
684
438
336
236
154
36
56
-2
-64
-91
-196
-339
-465
-756
-1097
-1363
-1437
-1399
-1648
-1682
-1433
-962
-965
-928
-653
-666
-1140
-1440
-1358
-1450
-1715
-1817
-1599
-828
1659
4410
5502
4580
5484
7119
6774
4384
2755
1882
-816
-3738
-4454
-1945
-1420
-3612
-5200
-2294
1078
921
-1264
-1065
982
-150
-2115
-1640
1077
985
-402
-458
1732
3680
3208
1422
463
930
-104
-2310
-4391
-4775
-5134
-6187
-6319
-4546
-2277
-1441
-855
314
2160
2616
1171
-31
-111
-545
-1965
-2262
-1811
-1342
-1333
-932
-38
504
-125
-1211
-1224
-871
-1093
-1778
-1774
1008
6563
9947
8633
7357
10963
12488
8868
4166
4046
2449
-3869
-7869
-3950
1221
-2585
-8379
-7115
1110
3455
-632
-4006
97
2074
-2975
-4758
278
3860
-539
-2019
1020
5717
5953
4587
2534
1439
724
-371
-2108
-5926
-7723
-8195
-7953
-9166
-7608
-3424
-490
-1099
-1047
2879
5472
3354
-366
-849
-719
-1860
-3622
-4238
-3549
-2768
-2936
-3177
-1530
-520
-2032
-3869
-3202
-2019
-2603
-3743
-3575
-2382
-1593
-1146
-1102
-638
3535
10099
13826
10882
9689
13144
14097
8666
2998
2644
-473
-7537
-11507
-4518
1770
-1794
-8781
-5619
4383
7101
1548
-2722
2283
2759
-2377
-4540
2180
5206
1689
-128
3219
8275
8582
6523
2888
1492
-1008
-2252
-5221
-8673
-10376
-9827
-9196
-9691
-6208
-720
2540
659
736
4357
6104
2138
-1555
-1766
-2297
-3788
-4900
-3490
-1793
-1139
-2074
-1745
-208
-859
-4146
-6592
-6065
-5066
-5432
-5599
-3710
-1699
-692
-72
464
822
289
-674
2722
10102
13607
8406
6944
11543
12867
6684
1826
1959
-1760
-8422
-9930
-881
3713
-1418
-7422
-2575
5215
5838
203
-2190
1386
-1210
-5658
-4434
3252
3396
1227
2139
6109
9107
10459
9421
4300
312
-2115
-2245
-6262
-9585
-10303
-7710
-6497
-5842
-1867
4313
6928
3041
1802
4960
5787
58
-3846
-3689
-3005
-3868
-4094
-2290
-979
-1332
-3089
-2938
-2330
-3870
-7521
-8795
-6623
-4407
-3943
-3320
-1292
-297
429
316
63
-1164
-1685
-3125
-829
6737
12995
10852
7253
11320
13405
9303
1915
886
-2338
-8374
-12338
-6031
1936
-2
-6252
-6172
2747
5496
1517
-4770
-2278
-2231
-5794
-6748
29
5083
3365
3782
6815
12483
13588
12282
6414
2600
-960
-2927
-6270
-9680
-10529
-9094
-5996
-4225
250
5138
8195
5025
2748
4166
4834
-547
-5842
-5803
-4145
-3361
-3191
-828
832
964
-576
-755
-873
-3705
-8310
-10131
-7904
-5715
-5139
-4251
-1158
798
1188
1522
2103
1327
-816
-2902
-4193
603
8865
12994
7874
7020
12468
13718
6574
879
1732
-2172
-10203
-13092
-2902
3534
-1561
-9366
-4650
4904
6193
-755
-4601
-251
-981
-4657
-4028
4148
5992
3978
3778
8220
12204
12144
7711
842
-2810
-5351
-6123
-9877
-11927
-10822
-6209
-3281
-1228
3110
7537
7175
2348
1225
3134
1544
-4690
-6603
-4112
-1738
-1314
-462
1647
2220
571
-1785
-2734
-4566
-8573
-11534
-10305
-6721
-4151
-2270
612
3971
4961
5062
4928
3244
-705
-3906
-5693
-4101
2346
9247
9416
6868
10854
14634
11955
4262
1928
-675
-7390
-13647
-9178
-93
-87
-6734
-7215
2573
7997
4765
-2232
-39
1776
-2000
-5265
405
6166
4232
2681
5336
11094
11961
9147
2060
-2152
-5235
-6535
-9245
-11996
-11585
-8304
-4102
-1974
1520
5001
6317
2642
91
1270
1947
-2567
-6186
-4223
-841
1016
1352
2592
2919
1358
-1529
-3489
-4960
-8095
-10998
-10544
-6424
-2461
366
2546
4956
5550
4545
3498
1251
-2501
-6225
-7607
-8070
-2963
5858
11851
9549
10083
15114
15894
8743
1756
509
-4351
-11636
-13852
-4377
1804
-1285
-6412
-1010
7461
7814
609
-3500
-633
-3330
-7715
-6836
1618
3916
3408
5030
10220
13272
12302
7592
537
-4342
-8233
-9585
-12390
-12964
-10964
-5405
-1227
1557
5045
8684
8205
3516
1410
2265
428
-5178
-6219
-3115
-286
166
1019
2629
2344
-319
-3332
-4778
-6941
-10400
-11968
-8948
-4282
-1348
490
2958
5493
5071
3438
1737
-325
-4218
-7171
-7585
-5531
1449
9648
13281
10765
12953
15789
13255
4472
-114
-1745
-7652
-13807
-11381
-287
2927
-1507
-4436
2251
6960
4296
-3467
-5231
-3388
-5828
-7749
-3331
5720
7528
7973
9321
13285
13706
11029
3575
-4357
-9367
-10997
-11274
-13044
-11432
-6650
-82
2484
5185
8388
9838
5546
-28
-1400
-789
-3251
-6677
-5019
-968
2060
2741
3953
3983
1386
-3043
-6326
-8180
-10821
-12941
-11762
-7106
-2415
1097
3840
6230
6439
4085
1638
-602
-3699
-8062
-9566
-8992
-5290
2832
12302
15162
12974
15043
16595
12399
3171
-290
-3376
-10247
-15885
-9649
1391
2677
-2382
-2761
4231
6575
2345
-4338
-3671
-3554
-6502
-7538
11
8234
9264
9297
10930
14071
13004
9329
800
-6477
-10695
-10757
-11511
-11814
-8565
-2409
2174
2997
5231
7394
6939
1235
-3373
-3366
-1483
-3214
-4383
-968
3741
5474
4886
4654
2690
-1923
-7473
-10316
-11935
-13671
-13984
-10634
-4930
283
3852
6321
7671
6331
2752
-243
-2452
-5933
-9680
-9662
-7444
-3621
4388
14027
17071
13697
13941
14767
10211
427
-3519
-5513
-11467
-16353
-9620
2312
4268
-595
-2027
3888
5886
1218
-5479
-5030
-4376
-6834
-6828
1331
10445
11975
11939
12790
14989
13301
9250
211
-7656
-11033
-10569
-11329
-11629
-7327
-812
2711
2222
4244
6599
5698
-235
-3634
-2201
153
-1269
-1830
2070
5899
6008
3824
2160
-1163
-6261
-11194
-13210
-13718
-13064
-10811
-6420
-717
4218
6968
7509
6532
3470
-364
-3308
-5615
-8187
-9724
-7669
-4638
289
8310
16746
17338
13365
12543
11478
5486
-3571
-6373
-8667
-13175
-15393
-6119
4496
5411
388
-477
4097
4215
-1698
-8304
-7054
-6520
-7502
-5692
4557
13142
14483
13217
13479
14752
11944
6164
-3964
-10216
-11689
-10207
-10589
-8837
-3585
2227
3637
2541
3913
5244
2539
-3349
-4499
-1418
1222
22
1205
5226
7652
6129
3161
-204
-5002
-9860
-13015
-13699
-13126
-10743
-7385
-2723
2573
7397
8922
7416
4308
728
-2155
-4501
-6829
-8909
-8631
-5455
-2244
1666
8762
16660
17164
11717
9558
8991
4069
-4812
-7555
-7618
-10292
-12398
-4755
5940
7581
2293
-852
1638
1510
-3517
-9393
-8124
-6422
-6135
-3674
5535
14125
15353
12729
10662
11234
8722
3443
-5533
-10069
-10046
-8491
-8997
-6927
-1357
2409
1205
-1409
408
1676
-1503
-6053
-4161
557
2802
2483
5411
9120
8665
5258
2169
-1585
-7439
-11765
-12907
-12496
-11810
-8617
-3457
837
3794
6804
7930
5438
626
-2683
-3921
-5561
-8438
-8779
-5870
-2326
-432
2837
10410
17412
16846
10460
8709
7943
2980
-5211
-6669
-5517
-8108
-10445
-3431
7506
8429
2504
-2126
-397
-488
-3841
-8664
-7692
-5408
-3893
-576
6653
14627
15669
11789
7089
7521
6593
2199
-6483
-10302
-8934
-6847
-7331
-5418
18
2434
-305
-3628
-1086
479
-2337
-5989
-2695
2436
4485
4074
6671
8874
6064
1005
-1936
-4672
-10129
-13935
-13340
-10315
-8604
-5309
-207
3636
4800
6123
6870
4039
-1442
-4834
-4664
-5226
-7463
-7311
-3271
681
2396
3901
9605
16103
16239
8957
5490
5451
1569
-6360
-8312
-4204
-4890
-8073
-3804
8010
11070
5447
-404
-711
-1184
-4104
-7546
-7967
-5786
-4297
-1004
4271
12065
14572
11483
6002
5262
5172
2145
-4453
-9086
-8472
-6346
-5615
-4575
266
3220
1374
-2398
-791
1414
-215
-3570
-1846
2242
4039
3267
3918
5394
3237
-1822
-5277
-6424
-9226
-12222
-11865
-7843
-4800
-2529
522
3677
4823
4962
4445
1829
-2450
-5366
-5677
-5814
-6411
-5730
-2721
457
2891
4090
5579
10236
14787
12325
5419
3989
4160
-383
-5847
-3244
600
-2519
-5507
1824
11505
9338
1497
-3386
-2773
-3759
-5828
-8213
-6611
-3729
-1898
974
6992
13149
11287
5564
2432
4184
2603
-1120
-5114
-5750
-4769
-3101
-1193
1318
3987
3249
320
-1654
-380
-621
-2493
-3371
-1570
528
1644
2105
2416
1718
-1205
-4749
-6875
-7358
-8603
-9883
-8012
-3432
-160
1187
3281
5002
4980
3441
1165
-2359
-5021
-6013
-7036
-6867
-4556
-2070
-1808
236
3697
4869
2089
3276
8259
9283
4299
2145
4411
3460
91
-616
3100
2605
-1345
-1569
5832
9128
3728
-2885
-3375
-1256
-2943
-5919
-5119
-238
1204
692
2076
6970
7660
3982
350
115
65
-1094
-2575
-3947
-2450
301
1993
1543
4044
6375
4783
-205
-1000
719
731
-1818
-2531
-1025
-88
-638
-1785
-2273
-3935
-6307
-8677
-8513
-7186
-5548
-4247
-1572
1121
3497
4566
4314
3213
1606
-1371
-4760
-5831
-5636
-5690
-5645
-3359
-1461
-569
203
1927
1933
562
-2162
-1841
2749
6236
3501
1679
5831
6901
2089
516
6136
5088
-3103
-4420
5626
9969
4942
872
2383
2351
-674
-1674
-202
626
-2573
-4890
-3842
1365
2996
513
-1827
-126
758
-175
282
1515
1526
602
2203
4359
6964
7751
6965
4812
5049
4713
2134
-2042
-4518
-5782
-7820
-9967
-10236
-8135
-7216
-6924
-5433
-1188
1138
218
-818
1735
3373
1763
-222
-512
-1494
-3267
-3645
-3388
-3007
-2830
-2954
-3804
-2971
-1137
-884
-2448
-3276
-2735
-2955
-3329
-4038
-3715
547
5959
6256
3790
6416
9265
6024
942
2294
4280
1250
-604
5075
10326
7967
3652
3163
4047
911
-3581
-5992
-4972
-4845
-5555
-4942
-868
2693
2778
2262
3357
4119
1903
317
621
2221
2764
3946
5859
8520
10286
10404
8068
4245
436
-3280
-7377
-11447
-13004
-11958
-10716
-9752
-5555
653
3858
3006
2703
3791
3106
219
-2102
-3503
-5090
-6004
-5082
-3380
-1698
-132
153
-724
-1342
-1015
-1574
-3383
-5532
-5797
-4118
-2192
-1792
-1844
169
1944
612
-2233
-788
3055
3456
554
816
4737
6103
4600
4752
6555
5346
2646
2259
4121
4313
2556
479
-764
-790
-311
-959
-2542
-2287
-1516
-1226
-546
1733
3172
3742
4444
5109
4717
4189
4135
3849
3872
4113
3752
2295
1690
1052
-1290
-4844
-6282
-6866
-8231
-8717
-6085
-2567
-1504
-840
1645
4474
4126
2557
1419
-7
-3065
-5791
-5959
-4668
-4144
-4598
-3635
-1931
-738
-205
339
-1089
-4277
-5166
-3270
-2343
-3295
-2674
-564
465
318
914
2174
1741
-1229
-3772
-2982
-429
805
1118
3209
6013
7034
6611
7070
7270
4777
542
-2564
-3368
-3266
-2640
-1898
-1210
-306
1339
3153
3181
2166
1591
1370
718
1152
3469
5041
5089
5784
7867
8873
8112
6274
3891
491
-3131
-5461
-6389
-7008
-7610
-6550
-3886
-999
228
981
1717
1970
1258
696
254
-1063
-2311
-2719
-2626
-2791
-2532
-2555
-3404
-4863
-5450
-4535
-3316
-3371
-4415
-3531
-1490
-457
-663
-141
530
-379
-1968
-2547
-1507
-1017
-1934
-2815
-1454
854
2059
2610
3759
4490
4555
4506
4308
3522
2771
2174
956
-341
-499
184
-209
-1448
-2030
-987
130
-281
-642
923
2361
2585
3168
5013
5942
5571
4995
4446
3433
2187
1284
334
-519
-1488
-1855
-1752
-1575
-1949
-1670
-583
-8
-966
-1443
-330
1215
1875
2107
2480
2248
1648
756
-87
-1286
-2855
-4879
-6090
-6239
-5782
-5109
-4350
-3808
-3331
-2023
-770
-519
-955
-628
-160
-906
-1990
-1719
-589
-635
-1800
-2029
-1059
-298
-142
436
1738
2428
2450
2137
2126
2553
3086
2586
1484
1041
1229
1171
308
-411
-552
-158
-381
-1112
-643
1091
1749
1379
2437
4489
4896
4343
4782
4799
2719
214
-442
-632
-1768
-2821
-2450
-1564
-1155
-700
388
1276
1046
-160
-928
-1102
-1044
-929
-505
348
1140
1785
1568
1158
722
-485
-2355
-3756
-4469
-5507
-5613
-4535
-3211
-2121
-414
1372
2052
2074
1955
1508
163
-736
-1265
-1216
-1435
-1498
-1392
-1054
-522
-194
144
302
814
736
508
448
1512
2130
2080
2097
2485
1937
668
106
-539
-1541
-2224
-2179
-2294
-1081
605
1289
1365
3182
4957
4461
3921
4745
4536
1488
-734
-718
-705
-2744
-4207
-3239
-1541
-1352
-1549
-150
1509
1570
-198
-941
-679
-836
-1883
-1745
-270
911
1579
1703
1814
1219
548
-912
-2317
-2783
-2697
-3357
-4214
-3219
-1336
-301
-415
433
1496
1725
640
-468
-1134
-1546
-1915
-2146
-1538
-918
-564
-235
653
1341
1736
2128
2394
1856
1331
1568
1628
1279
1532
2261
2001
1174
494
-113
-1052
-1651
-2133
-2524
-1973
-1005
-555
287
2517
3718
3287
3563
4925
5098
3074
1430
963
249
-1892
-3506
-3183
-1869
-1193
-1030
0
1370
1893
759
-97
-275
-406
-1420
-2128
-1667
-647
195
225
445
470
-14
-1491
-2402
-2494
-2474
-3184
-3861
-2703
-471
735
504
1229
2239
2046
667
-41
-767
-2478
-4021
-4230
-3146
-2492
-1880
-666
1175
2151
2528
2853
2545
1561
580
70
-79
-54
-6
344
727
1089
1282
1169
520
-64
-532
-701
-733
-700
-613
181
1616
2522
2646
2801
3122
2691
1974
1910
2046
723
-951
-1277
-679
-739
-868
-499
-318
29
1373
2319
1730
714
621
862
762
270
-57
-151
-666
-1394
-1468
-958
-1482
-2493
-2809
-2107
-2092
-2443
-1902
-330
474
303
854
1876
1674
138
-466
-740
-1934
-3638
-3664
-2774
-2620
-2512
-914
825
1205
1334
1821
1678
826
443
222
-359
-894
-390
77
-364
-926
-470
-83
-632
-1206
-786
185
440
-192
-194
1014
1994
1704
1667
2627
2618
1073
368
1686
2113
668
-615
-191
142
-68
-37
299
-142
-885
-553
552
1707
1405
785
880
2017
2271
1670
1171
548
-728
-1868
-1691
-1553
-1694
-1896
-1458
-1060
-634
165
1130
1294
646
827
1350
975
-287
-935
-1548
-2814
-3844
-3674
-3085
-2827
-1724
434
2340
3094
4009
4665
3953
2267
1215
338
-1400
-2995
-2700
-1618
-1577
-2126
-1304
95
84
-651
-467
145
-342
-1269
-1529
-695
214
804
1142
1984
2405
1982
1282
1582
1650
485
-948
-1457
-1352
-1470
-931
-539
-616
-954
-118
366
111
-265
299
848
962
1385
1942
1981
1198
659
-320
-1484
-2439
-2749
-3328
-3340
-2535
-1449
-199
1454
2780
3020
3003
2650
1883
709
-636
-2594
-4391
-4860
-4005
-3029
-2017
-380
2154
4201
5132
5870
6478
5501
2981
1138
278
-960
-2843
-3084
-2017
-1707
-2497
-1667
215
669
119
340
742
26
-874
-902
-370
-281
-467
-108
980
1710
1501
1343
1764
1598
503
-494
-851
-1403
-1951
-1762
-1381
-1603
-1482
-196
852
754
463
403
0
-332
24
350
-99
-787
-761
-537
-880
-1193
-985
-1067
-1773
-2213
-1650
-372
712
1233
1903
2874
2780
1692
1120
899
-1139
-4031
-5011
-4447
-4411
-3966
-1657
1069
2570
3651
5449
6429
5745
4073
2567
1020
-551
-1461
-1183
-299
147
107
398
827
874
645
202
-758
-1969
-2311
-1762
-938
-145
725
1414
1953
2073
1670
893
22
-998
-1939
-2286
-2083
-1477
-671
330
914
898
785
861
538
-168
-785
-1369
-1629
-1363
-796
-369
-271
-261
-192
-186
-653
-1461
-1842
-1825
-1898
-2001
-1327
47
1364
2068
2726
3246
2902
1857
914
-253
-2016
-3747
-4550
-4412
-3717
-2651
-1052
709
2295
3703
4674
4938
4423
3457
2000
546
-362
-413
-53
424
704
1158
1861
2214
1854
1440
1027
-350
-1992
-2546
-1721
-1168
-952
-260
1218
1823
1347
1000
1068
122
-2021
-2980
-2485
-2247
-2786
-2073
-525
204
37
455
1040
996
367
-267
-732
-901
-692
-824
-971
-1092
-1022
-1244
-1393
-1634
-1960
-2287
-2408
-2022
-1467
-831
136
1659
2785
3216
3240
3341
2928
1880
157
-1658
-2915
-3501
-3729
-3632
-2135
-149
1215
2196
3776
4809
4163
2800
1926
1073
-502
-1575
-1547
-662
397
1383
2234
3218
3815
3587
2866
2148
906
-973
-2269
-2126
-1451
-1247
-783
355
1538
1624
1198
868
253
-1087
-2194
-2488
-2449
-2109
-1365
-564
-135
645
1167
899
438
567
222
-787
-922
-105
4
-659
-978
-1172
-1601
-2175
-2838
-3661
-3950
-3895
-3552
-2517
-1030
-23
727
1955
2951
2758
2110
1717
987
-463
-1515
-1715
-1985
-2295
-1760
-155
928
1321
1955
2985
3196
2472
1568
705
-186
-1275
-1835
-1371
-26
1146
1645
1954
2646
3046
2751
2179
1489
393
-860
-1409
-884
139
888
1262
1430
1738
2169
2118
1087
-656
-1948
-2500
-2602
-2454
-1409
-33
533
616
1497
2651
2389
1254
362
-153
-733
-845
-690
-616
-537
-621
-946
-828
-439
-1026
-2675
-3614
-3439
-3109
-2762
-2098
-1407
-866
140
1260
1768
1413
1007
249
-890
-1451
-1126
-1129
-1764
-1679
-456
506
565
706
871
466
-335
-567
-354
-183
-522
-796
-366
663
1691
1935
1712
1563
1574
1428
1364
1519
1475
871
227
425
1218
1965
2046
1572
967
796
782
221
-639
-1158
-1362
-1741
-1657
-564
560
600
517
1175
1870
1794
1629
1485
885
368
394
271
-457
-751
-632
-914
-1341
-1126
-808
-1182
-1882
-2200
-1885
-1421
-1341
-1489
-1140
-373
45
196
609
998
525
-273
-510
-195
-265
-754
-712
35
372
87
97
347
-175
-1379
-2104
-2123
-1872
-1777
-1515
-942
-57
838
1434
1800
1997
1896
1267
700
687
1093
1111
962
883
1082
1459
1852
1478
422
-194
-287
-1007
-2083
-1883
-1266
-1444
-1711
-478
1036
1206
682
972
1436
1227
907
1011
1141
1293
1643
1727
1423
1161
751
-436
-1566
-1827
-1742
-2264
-2643
-2409
-1761
-1174
-686
-375
-153
-55
-223
-503
-386
82
154
-99
24
741
1133
1059
888
925
616
278
111
-38
-590
-974
-1097
-1379
-1382
-725
18
-120
-277
74
506
368
560
937
1004
650
593
937
1425
1603
1130
483
168
438
128
-587
-1145
-1226
-1432
-1439
-938
-408
-365
-471
19
514
731
686
783
555
252
172
440
559
547
609
722
790
664
578
183
-301
-874
-1263
-1646
-1722
-1608
-1351
-1240
-1042
-477
170
562
445
324
358
656
621
535
519
887
738
331
357
600
198
-323
-42
310
100
-423
-481
-579
-693
-838
-607
-398
-171
-200
-155
18
392
710
764
789
914
1085
942
786
605
459
106
-43
-347
-565
-779
-864
-1011
-946
-631
-488
-471
-277
256
448
255
61
99
-85
-230
-100
8
-73
132
405
466
521
664
380
-231
-441
-225
-193
-746
-1154
-1175
-940
-864
-767
-506
-163
-82
-64
172
581
869
683
600
918
1394
1299
1106
956
682
153
-150
-228
-545
-877
-997
-865
-862
-626
-354
-57
1
0
119
105
62
101
344
451
476
661
1004
1218
1099
918
641
402
122
-263
-604
-821
-835
-788
-594
-510
-558
-652
-634
-556
-357
-140
-140
-200
-270
-289
-273
-211
-179
-92
-108
-70
126
385
479
393
355
369
288
-46
-292
-545
-927
-1301
-1307
-1103
-968
-768
-277
110
459
1123
1729
1755
1683
2125
2337
1888
1149
750
297
-120
-333
-370
-443
-604
-711
-575
-138
68
-165
-550
-723
-984
-1093
-798
-152
150
94
252
1036
1719
1755
1546
1378
1002
524
322
146
-341
-1066
-1233
-845
-356
-126
-48
-197
-582
-783
-748
-739
-955
-1317
-1495
-1288
-752
-412
-172
143
399
415
528
823
873
550
86
184
341
56
-498
-854
-1223
-1766
-2024
-2120
-2214
-2169
-1573
-865
-159
714
1561
1878
2103
2581
2689
2332
1881
1457
758
365
520
484
21
-184
-29
-47
-199
-309
-421
-803
-1190
-1396
-1314
-946
-332
155
245
392
821
1227
1225
1015
724
352
169
348
392
173
30
95
108
145
481
609
99
-595
-764
-669
-748
-879
-1044
-1021
-808
-337
63
409
611
508
308
453
718
565
163
-162
-229
-136
97
61
-401
-944
-1183
-1274
-1583
-1814
-1771
-1619
-1492
-884
268
1143
1342
1442
1851
2000
1542
1108
784
178
-329
-144
209
182
-106
-173
-111
-204
-374
-474
-385
-471
-761
-752
-120
532
675
545
615
807
750
499
309
149
-128
-231
32
386
547
525
686
867
1076
1196
1043
479
-217
-693
-988
-1022
-1160
-1361
-1370
-908
-377
55
452
635
435
169
286
480
511
336
192
88
183
374
489
295
-108
-433
-694
-1051
-1342
-1400
-1396
-1410
-1200
-456
194
429
604
1076
1258
838
420
222
-118
-689
-648
-133
106
-296
-347
83
174
-338
-748
-786
-1065
-1437
-1294
-494
138
270
132
475
977
1133
572
-45
-405
-696
-845
-699
-236
47
208
588
1266
1824
2087
1867
1327
639
195
-264
-790
-1261
-1506
-1497
-1154
-606
-22
556
907
1040
1092
1190
1046
759
383
110
49
85
-86
-331
-348
-169
-149
-367
-483
-358
-364
-534
-332
265
609
488
478
924
1355
1043
478
268
236
-145
-551
-486
-216
-277
-645
-647
-276
-142
-585
-1001
-1106
-1109
-1153
-964
-501
-4
326
476
695
988
1043
614
138
-267
-572
-631
-475
-460
-378
62
558
781
942
1143
1059
479
-151
-397
-703
-1131
-1409
-1385
-1153
-830
-470
28
541
844
904
1124
1279
1062
708
624
456
13
-226
-313
-535
-827
-715
-471
-402
-568
-545
-521
-526
-355
78
255
204
303
645
1084
1139
982
741
663
461
186
32
-36
-293
-785
-938
-667
-419
-514
-677
-896
-936
-820
-616
-457
-300
-157
-187
38
547
915
794
649
542
510
452
415
234
83
248
511
694
770
884
646
255
-34
-242
-730
-1202
-1463
-1570
-1437
-1030
-615
-246
322
818
997
1082
1282
1330
1081
814
676
526
204
-215
-400
-389
-448
-750
-982
-945
-793
-798
-851
-642
-160
121
118
380
994
1336
1090
780
767
868
766
485
380
376
191
-193
-354
-268
-383
-790
-1063
-1054
-1090
-1170
-1017
-723
-565
-434
-281
-185
-148
-11
106
43
-32
33
224
378
469
611
843
987
971
769
549
162
-362
-726
-931
-1181
-1430
-1414
-1316
-1184
-929
-544
-255
-10
367
797
1088
1145
1104
1085
1071
950
682
501
325
68
-103
-98
-166
-465
-787
-955
-941
-885
-713
-421
-90
224
682
1220
1687
1837
1534
1091
949
1007
738
441
407
515
295
87
204
249
-134
-548
-631
-747
-867
-791
-606
-678
-647
-341
-152
-306
-377
-262
-211
-207
-119
93
270
453
588
720
892
896
635
199
-245
-638
-1032
-1319
-1554
-1645
-1493
-1241
-1099
-988
-791
-573
-488
-418
-152
126
233
300
465
580
488
285
128
-105
-206
-131
-147
-324
-474
-501
-559
-585
-523
-292
-129
18
324
765
1160
1381
1558
1500
1195
960
925
767
504
440
524
524
580
800
937
771
460
231
-31
-248
-369
-400
-481
-445
-341
-160
-39
44
93
44
19
-66
-141
-217
-24
223
347
399
635
763
553
286
158
-164
-708
-1017
-1129
-1135
-1175
-1078
-974
-804
-715
-630
-587
-538
-508
-617
-545
-345
-234
-312
-285
-229
-200
-149
-6
5
-152
-319
-436
-416
-353
-449
-500
-310
-31
230
483
702
877
940
825
675
602
582
373
138
311
748
891
842
996
1197
998
688
514
326
132
-122
-215
-213
-70
25
-10
-17
78
134
80
58
11
-60
-103
17
232
472
583
560
505
500
482
228
-154
-381
-470
-710
-810
-654
-536
-693
-839
-594
-318
-371
-564
-503
-349
-279
-204
11
212
109
-224
-352
-127
-55
-370
-764
-733
-590
-560
-563
-399
-281
-402
-385
-78
265
246
137
128
222
249
252
264
193
76
78
262
423
491
360
303
310
278
150
21
-40
-139
-211
-233
-40
162
158
47
92
223
284
268
255
215
115
119
141
226
291
270
194
254
337
247
85
25
16
-140
-373
-369
-173
-220
-331
-136
228
295
201
284
436
420
301
222
210
-3
-243
-243
-87
-3
-146
-437
-551
-436
-337
-310
-302
-330
-317
-154
48
237
223
173
83
-29
49
245
225
24
-63
110
312
307
277
276
164
-18
-178
-283
-321
-379
-381
-268
-197
-103
14
-7
-100
-29
76
40
37
48
66
14
54
130
85
-5
23
54
58
6
-30
-151
-126
111
214
124
37
21
-102
-180
-34
176
101
2
148
370
507
573
581
429
191
-46
-171
-230
-295
-435
-602
-595
-326
-54
8
45
7
-71
-116
-109
-162
-344
-499
-546
-437
-179
150
388
396
420
463
425
264
86
-143
-413
-528
-432
-397
-424
-336
-204
-100
-93
-25
-4
-90
-250
-231
-119
-35
9
5
13
139
352
360
287
253
240
120
41
68
-21
-214
-235
-63
58
70
124
116
-10
-17
151
299
283
204
221
358
499
566
560
499
340
152
12
29
57
-37
-196
-247
-164
-51
117
187
130
7
-58
-117
-222
-342
-374
-359
-390
-228
127
355
449
520
604
586
431
175
-106
-310
-443
-535
-500
-337
-162
-92
-92
-72
-64
-136
-339
-433
-368
-220
-136
-30
92
168
227
274
268
205
50
-95
-150
-148
-216
-317
-342
-219
-109
-124
-83
-42
-123
-269
-260
-43
107
104
91
274
472
578
651
618
512
326
145
13
-16
-85
-180
-205
-172
-67
13
0
-93
-148
-189
-226
-316
-428
-437
-434
-388
-198
105
310
383
451
572
622
519
378
253
89
-109
-247
-230
-170
-117
-91
-46
-2
-57
-180
-254
-292
-396
-468
-358
-90
128
291
351
360
401
352
168
23
-138
-355
-437
-400
-311
-267
-200
-147
-181
-230
-189
-212
-430
-619
-497
-264
-186
-84
144
405
550
594
612
541
364
76
-148
-235
-242
-263
-277
-137
110
275
267
224
119
-89
-313
-405
-402
-414
-413
-233
114
468
695
822
857
833
691
428
240
137
-30
-150
-75
95
219
244
312
426
385
205
12
-183
-340
-444
-434
-272
-6
242
403
536
684
732
538
230
-24
-204
-386
-499
-476
-307
-84
45
126
154
147
11
-259
-541
-670
-631
-501
-275
-14
137
284
495
532
391
183
-40
-310
-547
-615
-577
-557
-577
-451
-254
-173
-154
-164
-202
-268
-400
-446
-345
-261
-167
-3
216
436
525
549
534
588
513
254
42
-66
-190
-275
-229
-157
-117
-96
-68
-37
-24
-87
-212
-316
-364
-257
-114
2
159
358
520
570
651
662
516
270
75
-62
-173
-293
-319
-183
19
179
198
107
108
94
-94
-369
-510
-477
-446
-298
-16
331
559
643
622
556
404
174
-111
-349
-416
-419
-341
-217
-40
49
16
-76
-140
-240
-395
-497
-507
-424
-257
-46
211
422
503
468
419
375
334
224
142
60
-19
-36
5
55
81
45
-104
-158
-207
-309
-436
-465
-453
-335
-166
58
241
370
424
514
593
481
302
131
35
-42
-70
-49
34
21
88
257
445
378
166
-25
-163
-243
-382
-424
-328
-220
-143
42
349
602
639
572
494
389
212
7
-174
-303
-394
-355
-190
6
35
-142
-269
-302
-391
-575
-673
-644
-586
-479
-203
194
434
393
231
203
166
87
22
-41
-127
-144
-15
133
198
184
119
-51
-224
-302
-367
-472
-561
-589
-525
-276
-4
166
246
299
358
347
289
132
-8
-179
-221
-232
-42
237
850
1272
787
556
282
-775
-1962
-1614
-1069
-912
-61
1385
2240
2317
1981
805
-539
-1750
-2411
-2681
-1875
-399
679
1286
2277
2716
1958
1043
125
-946
-2180
-2076
-1852
-1651
-399
1031
1581
1991
2548
2004
847
0
-606
-2013
-2189
-1324
-836
-177
1262
2234
1778
1622
1476
481
-586
-673
-1122
-1546
-1215
-583
-353
-324
346
521
23
-30
188
-523
-877
-650
-481
-679
-518
-112
-266
-277
-40
62
-121
26
150
-108
-103
183
-111
-336
40
-60
-438
-324
9
-107
-99
170
215
51
26
192
109
25
-31
222
250
463
695
748
348
232
39
-326
-481
-418
48
266
188
-64
-14
-193
-524
-424
-88
200
473
861
1148
1247
860
473
-92
-401
-407
-386
-287
188
537
541
557
515
588
-2
-506
-513
-526
-610
-416
223
263
136
514
660
233
-69
-118
-368
-788
-572
-145
-294
-229
202
260
19
65
75
-331
-622
-307
-274
-533
-309
-36
-141
-237
63
157
-94
-46
202
113
-17
126
88
-89
-94
-13
-118
-291
-295
-363
-434
-358
-170
-99
-65
-42
-50
-50
-44
-80
-42
113
161
149
280
553
489
268
257
228
71
67
144
-46
-154
-52
-168
-325
-174
-164
-446
-452
-124
62
73
320
590
425
322
480
325
-16
-65
-45
-266
-370
-181
-39
20
247
471
350
204
134
-115
-437
-447
-410
-482
-208
246
405
493
809
806
475
263
173
-93
-431
-463
-415
-295
-47
191
380
483
429
233
-74
-316
-425
-554
-582
-493
-318
-183
-82
29
77
81
86
95
106
227
345
327
272
259
129
-58
-21
5
-81
-87
-20
-19
-79
-100
-156
-327
-313
-232
-182
-143
3
146
166
213
257
209
141
138
107
-19
-138
-62
1
-14
60
77
10
-37
-74
-135
-152
-130
-80
-84
-33
-16
-54
-58
-151
-182
-128
-79
-69
11
133
164
154
174
172
100
-80
-178
-151
-152
-223
-231
-169
-139
-136
-216
-283
-303
-356
-441
-402
-197
-8
160
444
687
595
491
417
164
-115
-188
-152
-115
-59
135
238
306
349
179
-79
-209
-282
-459
-461
-300
-141
-65
165
456
490
439
446
291
5
-60
-15
-129
-195
-15
75
29
135
254
217
148
186
176
93
13
-26
-165
-182
-122
-101
15
52
79
34
14
17
-47
-130
-140
-98
-151
-106
84
207
201
270
250
158
33
-245
-498
-549
-520
-522
-394
-148
28
21
141
295
192
-2
-65
-96
-204
-141
29
56
46
182
315
359
386
353
161
-5
-72
-116
-188
-97
21
24
91
241
331
241
202
96
-17
-27
1
-61
-77
-5
1
-26
73
162
118
67
134
163
135
185
183
154
100
88
39
-62
-151
-253
-368
-400
-326
-272
-183
-39
67
20
22
146
159
26
-44
-44
-133
-302
-356
-364
-393
-350
-319
-227
-138
-173
-197
-181
-108
-202
-293
-158
-78
-191
-192
-49
0
-28
-51
43
152
187
180
62
23
25
-144
-283
-209
-159
-253
-267
-53
149
227
345
445
471
412
325
207
36
-33
-74
-140
-56
176
289
276
441
694
705
540
417
203
-39
-184
-256
-229
-158
-30
21
93
287
333
259
244
153
31
0
5
5
22
115
207
265
256
254
142
7
-162
-302
-332
-411
-458
-452
-302
-205
-204
-175
-130
-69
-88
-142
-170
-188
-254
-309
-270
-110
-21
22
41
68
103
-9
-143
-195
-260
-325
-351
-339
-245
-152
-78
-52
16
108
107
22
29
80
63
40
73
180
228
232
299
444
498
459
372
378
281
90
-8
-69
-114
-191
-139
-50
20
19
117
163
100
101
109
48
-8
30
75
137
237
303
281
308
325
220
100
68
42
-78
-153
-134
-161
-286
-348
-349
-302
-241
-202
-102
-25
4
-36
-46
-62
-120
-221
-322
-325
-240
-213
-164
-26
7
-31
-70
-87
-102
-140
-156
-212
-195
-75
-66
-129
-111
-88
-155
-195
-128
-73
-99
-85
40
123
160
183
163
117
108
145
128
164
256
238
210
238
186
78
-78
-169
-213
-231
-157
-7
170
333
413
450
449
335
103
-141
-229
-300
-327
-204
22
193
330
496
562
434
274
111
-165
-341
-354
-346
-313
-135
79
174
221
233
68
-175
-280
-361
-400
-296
-88
49
148
259
271
166
75
-45
-197
-240
-211
-150
-72
25
119
123
74
65
43
-24
-133
-146
-102
-77
-47
-15
21
41
69
67
77
62
81
65
49
130
195
138
46
16
-4
-49
-125
-93
-57
-75
-36
30
10
1
77
97
63
63
36
-52
-98
-123
-132
-123
-100
-44
1
151
244
219
233
199
70
-68
-105
-158
-213
-249
-172
-102
-89
-50
-22
2
-25
-74
-154
-216
-190
-149
-139
-17
148
169
137
162
159
58
-11
-88
-166
-155
-98
-44
22
68
12
-73
-94
-58
-113
-152
-159
-146
-58
-2
73
120
136
84
12
-35
-29
1
-21
-15
43
145
189
173
166
161
95
20
-15
-32
-42
-85
-66
-41
10
58
54
48
50
66
81
109
117
181
208
232
225
242
249
156
45
-31
-47
-92
-90
-32
2
-10
-28
-31
-46
-114
-137
-129
-121
-126
-88
-43
-33
7
34
13
2
43
2
-39
-38
-35
-68
-138
-133
-120
-131
-100
-73
-96
-26
50
32
15
25
3
-88
-156
-139
-91
-49
-18
37
80
124
188
204
160
75
-3
-108
-146
-177
-161
-106
-50
25
140
239
228
153
86
-30
-124
-135
-152
-133
-53
68
133
260
366
411
357
283
169
37
-33
-78
-63
-71
-31
63
88
79
99
49
30
-4
-38
-14
-9
-6
32
40
29
14
-33
-112
-159
-131
-105
-125
-90
-38
-48
-51
-19
-17
-106
-174
-203
-270
-297
-239
-218
-179
-106
-41
23
32
0
-64
-115
-147
-179
-188
-197
-171
-109
-90
-72
3
16
-31
-89
-89
-103
-134
-146
-97
-10
33
32
56
129
102
65
55
91
110
105
127
197
206
171
191
237
228
199
215
195
114
57
28
-4
-15
4
38
101
221
265
247
248
221
141
105
72
45
59
56
76
121
171
192
133
97
48
-7
-31
-32
-66
-147
-172
-179
-215
-228
-112
-52
-50
-22
0
-42
-96
-112
-158
-206
-215
-104
-98
-107
-27
-6
-73
-98
-58
-78
-137
-147
-134
-153
-139
-68
-67
-84
36
88
16
20
30
-36
-97
-47
3
8
-9
63
126
108
121
104
72
5
-78
-90
-18
2
-3
81
147
170
186
171
145
75
13
16
39
42
54
94
159
170
219
258
210
108
74
16
-81
-53
-16
19
96
165
150
153
121
35
-88
-171
-178
-187
-174
-130
-57
-69
-17
54
6
-88
-120
-207
-294
-279
-217
-178
-121
-38
78
117
78
21
-55
-165
-279
-362
-376
-313
-258
-146
6
99
95
77
20
-43
-137
-201
-227
-198
-137
-80
7
93
158
147
98
87
35
-55
-71
-45
-58
-56
20
52
33
77
87
3
-50
-29
-16
6
33
107
121
98
145
140
94
87
109
40
55
142
192
157
136
201
145
123
180
172
102
105
141
116
127
183
126
5
37
73
65
59
83
102
71
46
72
90
80
75
50
47
22
23
-16
-38
-61
-36
-42
-23
-19
-60
-91
-95
-101
-143
-111
-70
-54
-58
-5
10
13
-3
-24
-9
17
-32
-110
-119
-118
-167
-178
-151
-139
-140
-108
-45
-48
-24
12
-45
-77
-51
-16
-62
-93
-97
-116
-104
-48
-8
12
62
72
14
-32
-33
-63
-150
-157
-108
-104
-105
-51
-26
-36
-18
41
31
29
76
100
71
35
58
75
51
90
82
60
53
44
52
20
-10
-15
-5
9
61
69
99
153
126
81
37
-4
-28
-76
-61
21
62
95
136
123
130
81
-16
-25
-75
-107
-107
-121
-87
-54
-28
23
60
81
91
86
60
28
46
36
-25
-42
8
20
-1
-2
-14
-32
-80
-97
-93
-77
-61
-59
-42
11
61
26
1
5
45
30
-3
33
27
-14
-14
27
47
92
101
89
77
69
34
-48
-61
-19
-24
-8
38
55
44
16
-12
-18
6
15
9
32
64
76
46
31
12
-27
-73
-87
-85
-95
-76
-76
-74
-68
-40
-59
-118
-106
-72
-65
-32
51
108
95
62
83
101
56
-20
-53
-97
-102
-99
-93
-77
-53
-17
-10
-14
-25
-28
-64
-107
-134
-117
-120
-119
-86
-53
13
47
63
100
132
122
75
22
9
-41
-73
-48
-36
-43
-27
-2
9
40
67
98
128
131
125
116
83
72
51
32
39
49
62
76
80
67
70
57
8
-15
-1
14
-8
50
88
49
19
-21
-42
-65
-82
-73
-39
6
63
68
71
93
70
27
11
-32
-70
-91
-75
-58
-74
-74
-77
-86
-116
-105
-109
-133
-147
-107
-71
-51
24
67
67
44
24
-9
-32
-27
-62
-62
-32
-4
6
20
52
39
35
43
40
48
44
46
31
51
87
78
64
78
89
82
64
30
43
69
44
46
72
99
110
67
73
63
8
3
-26
-35
-32
-52
-82
-64
-44
-15
25
50
98
94
53
20
6
-35
-79
-124
-119
-91
-79
-25
-1
-20
3
-11
-80
-103
-101
-160
-198
-180
-122
-93
-97
-78
-68
-73
-82
-66
-63
-27
-12
-9
-18
17
18
7
20
20
-18
-59
-54
-70
-79
-83
-63
-41
-17
19
60
42
49
68
70
64
68
106
117
107
121
128
92
134
111
82
54
62
48
33
78
85
86
62
101
98
94
70
67
65
57
69
100
84
97
93
55
52
76
72
45
59
63
42
15
-11
-30
-57
-96
-100
-100
-102
-105
-85
-87
-76
-67
-83
-93
-56
-43
-28
10
24
-3
-30
-16
-45
-79
-101
-115
-95
-79
-90
-85
-67
-76
-92
-57
-25
-68
-95
-103
-114
-126
-101
-70
-59
-51
9
19
5
26
37
-2
1
-11
-65
-81
-86
-104
-115
-65
-36
1
23
72
105
100
67
48
31
14
21
32
52
46
64
109
115
121
154
146
133
110
87
72
29
-10
-4
17
41
42
34
23
24
-2
-18
8
32
54
67
118
167
166
148
132
113
68
19
1
-5
-38
-52
-51
-51
-31
-20
-30
-49
-75
-97
-126
-128
-114
-94
-76
-61
-26
14
20
17
32
40
27
29
15
10
-34
-56
-55
-47
-37
-27
-9
-6
16
21
12
-23
-10
-10
-30
-15
7
-8
5
39
48
17
12
44
20
19
37
31
-1
-5
-20
2
-5
-8
1
-20
-17
14
19
6
12
-9
-40
-40
-17
-25
-35
-20
-6
10
66
93
67
23
2
-37
-110
-127
-122
-139
-151
-147
-105
-72
-48
-31
-22
-48
-55
-53
-53
-65
-64
-48
-23
-22
-29
5
21
10
7
4
-18
-35
-58
-59
-71
-51
-21
-18
4
33
13
-22
-42
-62
-60
-63
-22
24
37
82
129
127
117
148
112
37
-6
-26
-23
-43
9
55
54
46
57
65
33
14
22
21
21
49
67
106
129
133
128
135
102
80
60
58
55
39
43
70
106
83
112
116
88
50
30
15
-3
-2
-8
-20
13
26
30
64
87
85
76
106
92
56
21
-27
-35
-50
-38
-19
-9
-9
-3
-13
-15
-36
-70
-108
-113
-112
-123
-98
-78
-75
-41
-8
-15
-10
-16
-40
-69
-60
-36
-26
-6
25
0
-21
-39
-41
-73
-109
-90
-95
-78
-59
-20
-4
5
5
-11
-20
-61
-87
-99
-91
-62
-39
-21
18
41
45
37
2
-1
-26
-60
-60
-64
-75
-46
-37
-29
-51
-50
-44
-58
-70
-59
-58
-40
0
12
39
36
49
51
31
16
22
-9
-1
-16
-19
-27
-19
-27
-27
-12
-4
-9
-31
-25
-10
-11
-13
5
28
46
32
43
42
29
24
27
14
3
7
-12
-8
12
21
25
55
85
82
77
82
53
53
35
40
38
42
46
55
64
52
64
48
61
44
60
77
79
76
89
92
58
56
55
30
-1
-1
-10
-19
-16
4
25
28
38
56
52
34
36
18
14
23
7
-7
-3
-15
-24
-36
-42
-40
-44
-31
1
11
-11
-14
-33
-41
-68
-67
-50
-52
-48
-56
-28
-20
-16
-28
-28
-42
-54
-74
-88
-80
-81
-79
-59
-26
0
15
13
0
2
-23
-51
-44
-56
-58
-36
-17
0
13
10
29
6
15
36
24
17
25
18
-5
0
-12
-16
-43
-39
-35
-24
-43
-31
-12
-30
-2
19
27
17
20
27
44
49
50
46
47
34
44
49
49
41
14
22
25
22
17
20
-3
-8
-9
-17
-13
4
-12
-10
-4
-7
-1
-6
-1
-15
-24
-20
1
-11
8
11
5
2
11
-11
-29
-48
-61
-68
-75
-50
-40
-40
-35
1
-7
-3
3
1
-3
-3
16
23
28
29
35
28
11
11
0
-38
-33
-3
10
15
39
53
38
32
34
31
24
12
13
22
37
45
53
75
67
63
61
54
26
25
17
21
25
30
23
10
8
-6
-5
-13
-32
-24
-19
-28
-20
-20
-34
-41
-36
-25
-16
2
5
-9
-4
-3
-15
-20
-14
-26
-47
-47
-50
-85
-79
-74
-75
-75
-53
-27
-34
-36
-19
-6
-19
-9
-5
-5
-11
3
17
30
29
31
25
11
15
5
6
11
16
4
0
16
6
14
35
25
22
42
43
23
45
45
36
49
30
30
31
32
27
26
15
14
18
31
28
11
18
-20
-38
-29
-26
-37
-21
-18
-9
-6
20
29
25
42
37
21
17
10
-7
-19
-32
-33
-33
-24
-19
-14
-20
-18
-18
-18
-25
-14
-21
-20
15
20
14
18
26
18
15
17
23
8
12
17
6
0
-10
-24
-17
-12
-8
-7
-9
-20
-37
-34
-29
-25
-18
-20
-9
-5
7
16
17
12
-15
-25
-34
-42
-47
-51
-54
-53
-42
-27
5
-2
-4
1
-12
-23
-29
-27
-34
-54
-44
-24
-20
7
29
26
21
24
12
-7
-25
-44
-50
-45
-29
-4
10
31
41
41
35
30
27
12
2
13
24
25
43
50
58
65
69
61
52
35
22
10
7
14
14
10
18
23
31
43
47
33
22
25
17
9
18
21
22
34
44
55
50
40
28
12
-10
-6
-12
-11
2
12
29
35
26
28
18
1
-4
-25
-35
-32
-32
-27
-18
-11
-8
4
1
-1
-18
-30
-33
-46
-46
-50
-38
-40
-30
-30
-21
-17
-26
-19
-23
-26
-40
-43
-38
-30
-38
-38
-27
-35
-38
-44
-39
-36
-32
-31
-24
-13
-7
-8
-11
-15
-16
-14
-11
-14
-12
-14
-15
-16
-19
-10
-20
-22
-18
4
6
6
14
26
17
-3
18
14
-5
-6
1
5
11
11
16
7
14
0
-7
-1
-6
-6
5
25
27
31
36
41
35
33
26
12
17
5
14
28
28
33
29
27
24
28
25
28
22
26
34
32
38
31
30
37
35
35
47
55
44
44
52
47
52
46
35
29
23
13
18
16
6
6
4
18
18
16
12
13
3
-5
-3
-6
-15
-16
-18
-22
-30
-36
-33
-33
-25
-30
-22
-20
-30
-43
-45
-59
-61
-61
-67
-52
-52
-46
-40
-25
-32
-29
-31
-37
-38
-42
-48
-52
-46
-49
-28
-25
-11
-4
-6
-14
-2
-11
-13
-17
-32
-26
-28
-16
-13
-5
1
19
28
22
28
35
23
7
4
-9
-9
-5
-4
15
27
33
43
51
54
49
35
22
6
-1
-12
-12
-8
-4
8
15
19
26
26
13
17
17
6
0
-4
-6
-10
-11
-10
-12
-16
-12
-13
-13
-16
-18
-17
-16
-9
-3
4
6
4
-2
-3
-8
-10
-12
-9
-9
-3
-5
-9
-1
2
-5
4
-2
-6
-8
-6
-12
-22
-14
-7
-10
-6
-2
12
20
25
31
32
28
21
21
17
20
25
29
36
53
57
60
58
58
49
38
32
32
21
25
32
32
38
35
33
28
24
14
14
6
0
1
-6
-7
-5
-2
-2
2
3
-3
-12
-12
-21
-22
-16
-29
-35
-33
-33
-36
-22
-18
-26
-32
-31
-35
-34
-25
-31
-29
-22
-10
-9
-9
-5
-11
-19
-19
-15
-14
-18
-11
3
1
-1
-5
-16
-20
-27
-25
-22
-22
-21
-18
-10
3
3
7
17
3
-2
4
0
-2
-2
-4
-2
-2
-7
-2
-3
-2
2
4
6
8
8
6
10
-2
-4
3
-4
-5
-1
-8
-13
-5
-5
-3
7
7
6
2
0
-2
-7
0
-6
-4
-7
-15
-12
-13
-6
-11
-8
-6
-5
-3
4
1
-1
3
3
1
3
2
-8
-7
-4
4
1
-1
7
1
-7
2
3
-6
8
9
6
20
22
19
15
13
20
24
21
21
24
13
12
13
10
10
10
13
14
14
14
19
15
17
17
15
16
14
11
15
14
14
16
7
5
2
2
4
11
14
23
21
24
16
13
14
-1
-2
-7
-8
0
5
7
13
9
8
7
-2
-2
-2
-15
-19
-14
-20
-10
-10
-18
-15
-20
-31
-26
-24
-32
-31
-37
-40
-44
-40
-34
-32
-33
-25
-21
-25
-18
-15
-17
-16
-16
-18
-14
-6
2
4
6
9
1
-6
-8
-6
-8
-11
-4
10
11
15
27
32
24
23
21
14
15
13
16
15
15
15
18
17
23
22
21
14
7
1
-2
1
2
8
17
18
11
11
7
1
-6
-11
-4
-10
-7
-2
-11
-10
-8
-5
1
-7
-7
-7
-9
-9
-6
-3
-9
-6
-7
-9
-3
0
-4
0
0
-1
1
2
4
0
-2
-5
-2
1
1
-1
2
5
-3
-5
1
-4
-16
-14
-7
-4
-4
-5
0
-1
-6
-13
-12
-6
-8
-7
-1
3
4
1
4
10
6
-2
-3
0
-10
-6
0
2
9
11
14
17
15
10
11
4
6
6
8
12
13
13
7
7
5
1
-1
0
-4
-2
5
15
16
18
18
16
12
9
3
-6
-8
-4
-1
1
6
8
3
-3
0
-7
-5
-8
-6
-12
-11
-6
-4
-1
-5
-5
-10
-12
-14
-11
-16
-22
-22
-18
-13
-11
-7
-5
-2
6
7
12
12
10
9
5
1
-1
-4
-10
-3
1
2
4
1
1
-4
-5
-1
-3
-6
-3
-1
0
9
14
18
14
7
11
5
-6
-7
-5
-5
-3
10
13
13
12
4
4
0
0
-7
-7
-11
-9
-10
-12
-9
-1
1
-3
-5
-5
-5
-8
-4
-6
-5
-4
-2
-6
-7
-5
-3
-4
0
4
2
-4
-8
-7
-10
-11
-11
-10
-8
-8
-8
-5
-5
-4
0
5
7
10
14
6
5
10
11
7
4
4
-1
-6
-1
-1
-1
2
2
7
8
10
8
10
6
12
19
14
19
18
16
12
12
15
14
5
6
8
2
2
4
6
9
10
11
9
5
6
3
2
2
5
4
4
8
4
8
9
11
5
-1
1
2
4
4
11
8
1
6
6
-1
-1
-4
-6
-9
-11
-11
-10
-10
-8
-8
-9
-9
-11
-14
-18
-18
-18
-20
-19
-18
-16
-19
-16
-15
-14
-12
-14
-12
-11
-12
-16
-18
-17
-18
-21
-18
-19
-19
-14
-11
-8
-6
-2
-7
-10
-9
-10
-6
-9
-4
-1
-2
0
-3
-5
-1
-1
2
3
0
1
1
0
1
4
7
3
3
9
7
3
10
12
11
15
14
9
9
7
10
12
12
11
9
15
14
16
17
22
20
20
22
16
16
13
6
5
7
6
7
11
12
21
14
14
15
13
15
9
6
4
1
0
5
3
5
1
0
2
-1
2
2
-2
0
1
3
2
0
-1
-8
-10
-9
-7
-3
3
4
2
0
-1
-6
-10
-3
-3
-7
-7
-8
-9
-10
-9
-7
-8
-6
-6
-6
-4
-5
1
0
-2
1
-1
-6
-4
-1
-6
-1
-3
-4
-2
-3
-3
-3
-4
-3
-3
-3
1
2
0
-1
4
5
7
2
2
3
1
0
3
-3
-4
-8
-9
-13
-16
-15
-16
-12
-10
-6
-6
-4
-7
-2
0
-4
-4
-8
-13
-10
-11
-11
-8
-7
-8
-3
-5
-5
-5
-6
-4
-5
-6
-8
-7
-6
-5
-1
4
1
4
5
-1
-4
-1
2
-2
0
5
2
1
0
3
3
1
0
0
1
3
-1
-1
2
0
-1
0
0
1
1
3
5
5
6
6
8
8
6
6
7
7
6
6
8
12
9
9
8
3
0
0
0
1
-1
0
3
6
8
13
14
11
14
13
14
14
15
12
14
11
11
13
13
16
17
18
15
16
16
15
13
12
12
11
8
7
12
10
8
10
6
6
3
3
4
3
3
2
0
0
2
0
-3
-3
-6
-9
-11
-9
-9
-14
-15
-16
-19
-23
-21
-20
-20
-23
-26
-27
-26
-30
-28
-26
-31
-28
-28
-24
-24
-22
-21
-19
-23
-21
-19
-21
-18
-19
-17
-18
-14
-12
-8
-4
-4
-3
-3
-1
1
1
3
7
5
5
5
4
4
6
6
8
10
15
15
15
11
9
8
9
10
12
11
12
17
15
16
19
17
19
19
17
20
18
17
16
15
12
11
13
15
14
12
9
8
5
7
8
6
9
13
14
13
14
11
10
6
4
2
-2
-5
-5
-5
-6
-3
-2
-5
-6
-7
-9
-10
-13
-9
-6
-7
-5
-5
-6
-6
-5
-9
-11
-9
-12
-13
-10
-10
-9
-6
-4
-2
-2
-3
-4
-4
-3
-4
-3
1
1
0
2
3
1
5
2
6
7
9
7
4
-1
0
6
5
3
3
4
-2
-2
-1
-4
-6
-7
-4
-3
-4
-3
-5
-6
-4
-5
-5
0
1
1
5
2
-1
-3
-8
-9
-12
-13
-10
-7
-4
-2
0
1
-1
-4
0
-3
-5
-5
-8
-8
-6
-5
-4
-1
-2
2
4
2
1
1
0
0
2
2
2
-3
-2
-3
-4
-1
-2
-3
-1
2
-1
3
0
0
-7
-7
-6
-4
-3
-2
3
1
0
0
1
-3
-3
-2
-1
1
1
0
2
0
0
1
0
3
2
3
1
5
2
1
2
1
2
6
7
4
8
7
5
5
7
5
9
11
9
13
18
16
18
17
15
17
15
16
14
13
15
13
16
17
13
12
12
12
12
12
12
9
9
4
1
2
1
-3
-4
-6
-6
-10
-8
-10
-9
-12
-11
-10
-11
-10
-10
-15
-15
-13
-13
-9
-12
-11
-11
-12
-14
-12
-12
-12
-10
-12
-10
-12
-14
-16
-14
-13
-13
-9
-7
-5
-5
-5
-7
-5
-5
-5
-3
-2
0
1
1
-2
2
3
2
5
6
8
7
4
4
4
1
0
1
2
2
4
5
6
5
4
6
4
3
4
5
6
7
6
9
7
8
8
10
9
8
7
2
3
4
2
4
1
1
-1
0
-1
0
-1
-2
-3
-6
-6
-9
-8
-11
-8
-5
-4
-2
-5
-7
-4
-7
-6
-4
-6
-10
-10
-9
-12
-12
-11
-13
-12
-12
-12
-9
-9
-6
-3
-3
-3
-6
-5
-5
-6
-6
-3
-3
-3
-1
0
6
6
9
8
6
6
6
2
5
6
7
7
5
3
5
3
5
7
12
11
10
13
10
9
13
11
9
14
13
12
14
14
10
12
9
5
9
9
10
12
14
11
11
12
9
7
7
7
7
5
3
0
1
3
2
1
-1
-4
-5
-9
-6
-5
-7
-2
-3
-6
-5
-7
-9
-8
-7
-7
-9
-11
-10
-9
-7
-4
-5
-5
-4
-1
-1
2
2
2
-1
-2
-6
-6
-3
-2
-4
-1
1
1
5
7
8
7
5
6
5
2
7
5
5
4
2
2
2
4
3
4
1
2
-1
-2
-4
-6
-7
-10
-12
-13
-13
-13
-13
-13
-15
-17
-16
-17
-20
-20
-22
-22
-22
-20
-20
-20
-20
-20
-20
-17
-14
-13
-11
-6
-6
-6
-5
-5
-4
-5
-3
-1
-2
0
2
5
5
8
9
10
14
15
16
14
17
16
15
18
19
19
19
19
22
20
18
18
16
15
15
12
12
12
11
15
16
11
7
8
7
5
3
4
4
6
9
8
6
8
7
3
2
3
1
0
-2
-4
-4
-4
-3
-3
1
2
-3
-4
-2
-4
-6
-1
-6
-7
-6
-6
-4
-6
-8
-9
-11
-11
-12
-9
-7
-7
-6
-4
-3
-1
-2
-5
-5
-4
-6
-5
-4
-4
-2
1
5
3
5
5
6
5
7
6
4
5
6
4
4
3
2
1
3
0
3
3
-1
0
1
3
1
5
5
0
-1
-3
-4
-5
-7
-5
-5
-6
-3
-4
-3
-1
-2
-5
-8
-8
-9
-8
-9
-10
-9
-9
-8
-5
-6
-4
-4
-4
-3
-3
-1
1
-1
-2
-4
-2
-5
-6
-5
0
-2
3
5
2
2
5
3
0
-2
-3
-5
-3
-2
-3
0
2
5
3
5
4
3
4
0
2
2
1
1
2
1
4
4
1
1
-1
3
4
3
4
5
2
3
3
4
1
1
0
-1
1
2
4
2
5
3
3
5
5
5
5
5
6
4
5
4
3
4
4
3
3
8
10
8
9
8
7
7
3
6
4
2
4
5
6
7
5
3
0
-1
0
-3
-2
0
-1
-2
-2
-2
0
-5
-10
-7
-7
-7
-5
-5
-3
-4
-5
-6
-8
-6
-6
-8
-4
-3
-3
-2
-1
-2
-2
-4
-3
-2
0
-3
-1
-1
-3
-1
0
-2
-2
-2
-3
-1
-2
-6
-4
-4
-6
-5
-5
-7
-5
-6
-4
-4
-3
-5
-7
-9
-7
-7
-7
-9
-10
-6
-6
-7
-4
-2
-4
-1
-4
-4
-2
1
-1
-1
-1
-3
-3
-4
-1
-2
0
0
3
2
4
5
4
5
6
6
6
5
3
5
5
4
7
8
5
6
4
5
6
8
10
10
9
8
6
5
6
4
6
4
6
6
8
8
10
8
9
6
5
6
6
7
5
4
3
2
4
5
5
6
3
3
2
0
-3
-1
0
0
1
3
3
4
5
2
1
0
-2
-2
-2
0
-1
-3
-3
-2
0
0
-1
-1
-3
-4
-3
-3
1
4
1
-1
-2
-6
-2
-3
-2
1
-1
-1
1
1
-1
0
-1
-3
-6
-3
-7
-7
-7
-10
-8
-7
-6
-6
-5
-7
-7
-7
-6
-8
-10
-8
-10
-9
-10
-10
-7
-5
-7
-6
-5
-6
-2
-6
-4
-2
-1
-3
-2
-3
-3
-3
-3
-5
-3
1
-2
-3
-2
-4
-6
-4
-5
-5
-3
-4
-4
-3
-3
-4
-2
-3
-1
0
-1
0
-1
0
0
1
0
1
3
2
1
2
3
5
5
6
7
7
7
7
7
8
9
11
11
12
11
13
13
11
10
10
13
10
10
13
12
12
11
10
9
10
9
11
7
8
6
5
8
8
6
5
4
2
4
2
3
4
3
3
1
1
1
0
-2
-2
-3
-5
-5
-4
-9
-6
-4
-5
-5
-4
-4
-4
-4
-4
-3
-5
-6
-8
-11
-9
-7
-10
-8
-9
-8
-9
-9
-7
-7
-8
-7
-7
-7
-6
-8
-8
-9
-7
-7
-5
-7
-8
-8
-6
-8
-5
-8
-8
-4
-5
-5
0
-1
-5
0
1
2
5
6
5
5
4
4
2
4
6
6
9
9
13
10
8
7
5
1
1
0
1
4
4
3
3
5
3
3
4
4
3
5
3
1
1
-1
1
0
2
1
1
3
4
3
3
2
1
2
-1
0
0
0
-1
0
-2
0
-1
-2
-2
-3
-2
0
-3
-1
2
1
1
2
2
-2
-2
-2
-1
-2
-2
-3
-3
-4
-4
-3
-3
-4
-3
-1
-3
-5
-6
-3
-4
-4
-6
-4
-7
-5
-5
-4
-3
-3
-4
-3
-1
-1
-1
1
0
-1
2
0
0
-1
-1
-2
-2
-2
-4
-1
-2
0
0
1
2
2
4
5
4
6
6
6
6
5
4
4
3
3
2
4
3
3
4
4
4
3
5
4
3
3
3
2
0
3
3
4
4
2
3
3
3
4
5
5
1
0
2
2
-1
-2
2
2
2
2
4
2
1
2
2
4
4
4
6
4
3
4
3
3
2
2
1
3
3
3
0
2
1
0
-4
-3
-1
-3
-1
-3
0
0
0
-3
-2
-3
-5
-6
-6
-7
-6
-6
-6
-6
-6
-8
-5
-5
-7
-7
-8
-7
-7
-6
-7
-6
-5
-8
-10
-8
-9
-9
-9
-8
-7
-6
-6
-6
-5
-5
-7
-7
-7
-6
-2
-3
-1
2
1
0
0
1
0
-2
-1
-2
0
2
2
4
5
5
4
5
6
6
7
5
7
10
10
10
8
6
3
4
3
2
5
7
6
7
9
8
7
7
4
4
4
4
4
2
1
1
-1
-3
0
-3
-2
-1
-1
-3
0
-3
-1
-1
-1
0
-1
-2
-3
-2
-4
-6
-3
-3
-2
-3
-3
2
2
1
3
2
2
2
-1
2
3
2
4
6
6
7
7
8
8
8
10
8
10
12
9
7
8
8
8
7
7
4
4
5
5
4
2
-1
-3
-3
-4
-6
-7
-7
-6
-5
-9
-6
-6
-6
-7
-10
-9
-9
-11
-12
-13
-13
-13
-13
-12
-11
-10
-9
-7
-7
-10
-10
-11
-11
-10
-10
-8
-8
-9
-5
-5
-4
-3
-2
1
1
3
2
3
3
2
2
2
3
1
2
2
5
5
3
3
4
4
6
7
9
9
7
8
7
6
5
6
3
2
4
1
3
1
0
4
3
1
6
3
2
1
-2
0
1
1
2
3
3
0
1
1
0
2
3
2
0
1
2
3
2
2
2
2
3
4
2
1
1
-4
-4
-3
-5
-3
-2
-4
-2
2
0
0
0
1
-1
-1
0
-1
-1
-1
0
0
-1
-2
-3
-1
-1
1
3
1
3
3
2
0
1
5
3
3
2
3
5
3
1
4
6
5
5
6
5
5
5
5
3
2
5
3
2
4
5
2
2
0
-1
0
-3
-2
-2
-4
-5
-4
-7
-8
-6
-8
-8
-5
-6
-6
-7
-10
-11
-11
-10
-10
-10
-8
-10
-10
-9
-9
-8
-7
-8
-9
-8
-7
-8
-5
-5
-4
-3
-3
-2
-1
-2
-5
0
3
1
2
4
4
2
3
4
6
7
7
6
7
9
8
5
6
7
6
9
6
7
8
7
8
6
6
6
5
3
5
6
5
6
5
5
4
2
3
3
2
2
2
3
2
1
1
-2
0
-1
0
1
-2
-2
-1
1
0
-1
-5
-4
-7
-7
-7
-6
-8
-7
-7
-5
-6
-8
-7
-6
-8
-8
-7
-5
-2
-1
0
2
3
0
1
2
3
1
2
3
3
3
2
4
6
6
10
12
11
11
10
8
6
3
3
4
4
6
9
10
7
8
7
3
5
2
-1
0
0
0
0
0
-1
-2
-5
-4
-4
-1
-2
-3
-2
-4
-5
-5
-9
-10
-10
-8
-8
-7
-7
-8
-5
-6
-6
-5
-5
-7
-4
-5
-5
-4
-7
-7
-6
-6
-6
-6
-4
-4
-4
-1
0
-1
0
0
1
2
5
4
3
3
5
3
4
4
2
3
4
3
5
6
4
5
4
4
5
3
5
4
1
-1
1
0
-2
-3
-4
-1
-1
0
1
1
0
0
-1
-1
-1
-2
-2
0
0
-2
0
-1
0
-1
-2
-5
-3
-4
-5
-4
-4
-4
-2
1
-1
-1
0
0
-1
2
1
0
4
4
2
2
5
3
4
4
4
5
7
6
5
6
3
4
5
3
4
4
3
1
1
4
0
-1
0
0
2
2
0
0
-1
-2
-1
-1
1
-1
2
1
0
-1
-3
-2
-2
-4
-1
-2
-4
-2
-1
0
-2
0
-1
-1
-1
2
2
3
3
3
4
1
1
4
3
3
5
4
3
6
4
4
2
1
0
-2
-1
-2
-1
1
0
0
0
-1
-3
-2
-2
-3
-1
1
2
1
-2
-4
-3
-4
-5
-4
-1
-1
-4
-1
-2
-4
-3
-4
-4
-3
-2
-2
-1
0
-1
1
0
1
-2
-4
-3
0
-1
-2
-1
-3
-3
-3
-2
-1
0
0
1
1
1
2
-2
-1
-2
-2
-1
-1
-5
-2
-2
-2
0
0
-2
-1
-2
-5
-4
-3
-3
-3
-4
-3
-2
-1
1
3
2
4
1
2
2
1
-1
1
2
3
5
6
6
7
7
5
6
5
5
5
8
8
6
6
8
5
5
5
4
5
4
4
4
3
3
3
4
5
3
2
1
2
0
1
1
-2
-2
-1
-2
-2
-2
-3
-4
-4
-2
-2
-4
-4
-5
-6
-6
-6
-4
-5
-4
-3
-4
-4
-4
-3
-5
-3
-2
-5
-3
-2
-1
-3
-1
-2
-1
-2
0
1
0
0
1
2
1
2
1
1
0
0
-1
-1
0
-1
-1
0
0
-1
0
-1
-2
-2
0
1
2
0
1
4
1
2
4
2
1
1
1
1
1
1
1
1
2
2
1
0
2
1
-1
-2
-2
-4
-4
-2
-2
-2
-1
-1
-2
0
-3
-3
-2
-2
-3
-1
-2
-2
-3
-3
-2
-3
-3
-4
-4
-3
-3
-2
-3
-3
-2
-2
1
1
1
2
4
3
3
3
3
5
4
3
4
3
1
4
4
5
6
7
7
9
8
7
5
6
5
4
5
4
3
1
3
3
2
2
2
0
2
1
1
1
2
2
2
2
2
2
1
-1
0
-1
-3
-3
-1
-3
-4
-3
-4
-4
-6
-5
-4
-4
-4
-4
-4
-5
-4
-2
-3
-3
-3
-1
-1
-2
0
0
-1
0
2
1
4
2
1
2
1
-1
-3
-2
-1
-1
0
-1
0
1
1
1
1
1
-1
-2
-2
-2
-2
-4
-3
-3
-2
-1
0
-1
1
0
-3
-2
0
-1
0
-1
0
-2
-2
-1
-2
-5
-2
-3
-3
-1
0
1
1
2
1
1
1
1
-1
1
1
1
0
1
0
-2
-1
0
0
0
0
0
-1
1
0
-1
1
2
2
1
2
2
0
-1
-1
-1
-1
-1
-1
0
1
1
4
2
2
3
3
3
4
4
4
4
4
3
3
2
1
0
-1
0
-1
-2
2
1
-1
-1
0
-1
-3
-1
-3
-1
-2
-2
-2
-3
-1
-2
-2
-4
-3
-2
-3
-1
1
0
0
-1
-1
1
0
0
-1
-1
0
0
2
2
2
0
1
2
3
3
6
7
6
6
4
6
6
5
6
6
4
3
3
2
1
3
2
0
1
-1
1
1
0
-1
1
-2
0
-3
-3
-3
-3
-4
-2
-2
-3
-2
-1
-2
-3
-3
-4
-3
-3
-1
1
0
1
-1
-1
0
-1
1
1
0
1
1
0
0
0
0
1
1
1
2
0
1
0
0
0
1
2
1
0
-1
-1
-2
-1
0
-1
-2
-1
-2
-1
-3
-2
-1
0
0
-3
-1
-1
-2
-2
-1
-1
-1
-2
-3
0
0
1
1
3
2
1
0
1
0
0
-1
-1
-1
-1
-3
-2
-3
-4
-2
-4
-4
-3
-4
-5
-3
-5
-3
-2
-4
-3
-4
-4
-4
-6
-4
-6
-6
-5
-6
-5
-5
-4
-4
-3
-2
0
-1
-3
-1
-1
-2
-1
-1
1
0
2
3
5
7
7
7
8
8
8
8
9
10
12
11
11
10
10
11
10
11
10
8
9
9
9
8
8
7
7
7
6
5
5
2
3
3
1
2
1
0
0
0
1
0
0
-1
-3
-3
-5
-5
-4
-5
-6
-4
-5
-5
-5
-5
-5
-6
-6
-5
-7
-7
-7
-7
-8
-8
-8
-8
-6
-7
-6
-3
-3
-3
-4
-5
-7
-4
-5
-5
-5
-6
-4
-3
-1
-1
1
1
2
3
2
4
2
3
3
2
3
3
3
4
3
4
5
3
2
2
2
3
3
4
2
0
2
3
2
1
2
2
2
0
1
2
0
0
0
-1
0
1
1
3
1
0
2
1
0
0
-1
-2
-2
-1
-3
-2
-3
-4
-3
-2
-3
-2
-1
-2
-1
-3
-4
-3
-3
-3
-3
-2
0
0
0
1
3
2
1
1
1
2
1
0
1
0
0
2
1
2
4
3
3
1
1
0
0
0
1
-1
0
-1
-1
-1
-2
-3
-4
-3
-3
-3
-2
-1
-2
-2
-1
-2
-1
-1
-2
0
0
0
1
1
0
0
0
0
1
0
1
2
2
4
4
4
4
4
3
2
3
3
4
3
4
5
4
4
5
5
4
5
4
4
4
3
4
3
3
1
2
0
-2
-2
-1
-1
-1
-1
-2
-2
-3
-1
0
-1
0
1
0
0
-2
-2
-2
-1
-3
-1
-2
-1
-1
0
2
1
1
2
1
0
2
0
0
0
-1
1
0
0
-1
-1
-5
-3
-3
-2
-2
-3
-1
-2
-1
-1
-4
-3
-4
-4
-4
-4
-4
-4
-3
-4
-2
-4
-3
-2
0
-2
-2
-3
-4
-4
-4
-6
-4
-4
-5
-2
-3
-1
-2
-1
-2
0
0
0
1
1
3
2
2
3
3
3
3
2
3
3
2
3
3
4
4
3
3
2
4
3
2
2
3
3
2
3
3
2
2
3
3
3
3
3
2
2
2
1
0
1
1
0
0
0
-1
0
-1
0
-1
-2
-1
1
-1
-1
0
0
0
0
0
-2
1
4
2
3
2
2
2
1
2
2
3
3
3
3
4
4
0
0
3
2
4
4
2
2
0
-1
0
-1
-1
-1
0
0
-1
0
0
0
0
0
0
0
1
0
0
0
-2
-2
-5
-6
-7
-7
-7
-7
-5
-5
-4
-3
-5
-1
-1
-3
-4
-4
-3
-4
-3
-2
-3
-3
-1
-2
-1
-1
0
0
-1
-1
-3
-3
-3
-4
-3
-3
-4
-2
-3
-2
-1
-3
-3
-2
-3
-4
-3
-2
-1
0
0
-1
2
0
-1
0
-2
0
1
2
2
2
3
4
4
4
6
7
6
6
4
3
3
4
3
4
2
2
4
3
3
4
5
2
4
4
4
3
3
3
4
4
5
6
4
3
4
4
4
5
4
2
0
0
1
2
2
0
0
-1
-1
-3
-4
-2
-4
-4
-2
-3
-2
-3
-4
-3
-3
-3
-3
-1
-3
-2
-4
-4
-3
-4
-3
-3
-1
-1
-1
0
0
1
1
0
0
0
-1
-1
1
0
0
1
2
3
3
4
4
3
3
4
4
4
5
4
4
2
2
3
2
0
1
3
2
2
0
-1
0
-1
-2
-2
-1
-4
-4
-4
-6
-4
-3
-4
-4
-3
-4
-5
-4
-5
-4
-4
-5
-3
-4
-5
-5
-6
-4
-5
-4
-3
-3
-4
-5
-2
-3
-1
-2
-1
-1
1
0
-1
1
-1
-1
0
-1
-1
-1
0
-1
-1
-1
-2
-2
-1
-2
-2
-2
-3
-2
-1
-1
0
0
-2
-2
-2
-2
-1
0
1
2
1
3
3
2
4
4
3
3
3
1
1
1
2
2
3
4
5
4
4
4
3
2
1
0
1
1
1
1
2
3
3
3
4
2
2
1
0
2
2
4
3
4
5
4
4
5
7
7
6
7
5
5
4
5
5
6
7
6
7
8
9
10
8
9
9
7
8
4
5
4
4
4
4
3
1
3
1
0
-1
0
0
-2
-2
-3
-5
-4
-5
-7
-7
-10
-9
-10
-10
-9
-11
-12
-10
-11
-12
-10
-11
-12
-11
-11
-11
-13
-12
-11
-11
-9
-10
-11
-9
-9
-8
-7
-5
-4
-5
-6
-4
-5
-5
-3
-4
-4
-3
-2
-3
-3
-2
-2
0
0
0
2
0
2
1
0
2
2
3
4
5
5
5
4
5
4
4
4
3
4
4
4
5
5
6
5
6
5
4
4
3
4
3
4
4
5
6
6
7
6
5
7
7
7
6
6
5
4
3
3
4
3
3
2
0
4
3
3
3
4
3
2
2
1
1
1
-2
-1
-2
-2
-1
-1
0
-1
0
0
0
0
1
0
-1
-1
-1
-2
-1
-1
0
1
0
1
0
-1
1
-3
-3
-4
-4
-2
-3
-2
-1
-3
-3
-4
-3
-4
-3
-2
-3
-3
-2
-4
-4
-5
-4
-4
-5
-3
-2
-4
-5
-3
-4
-4
-3
-4
-3
-2
-3
-3
-2
-1
-1
-1
0
0
1
2
1
1
2
3
4
3
3
3
3
1
2
2
3
2
2
2
2
2
3
4
4
3
2
3
0
0
0
1
-1
0
2
1
0
1
1
0
1
1
1
1
1
2
0
1
2
0
-1
1
-1
0
2
3
3
3
2
0
1
0
-2
-2
-1
-1
-2
-2
-1
1
1
-2
-2
-2
-5
-5
-5
-4
-5
-4
-4
-4
-2
-4
-3
-2
-2
-3
-1
0
-1
-2
-3
-2
-3
-2
-2
-1
-2
-2
-3
-1
0
2
2
2
2
3
2
3
2
2
2
2
3
3
4
2
1
1
1
0
1
2
1
2
2
3
2
1
1
1
1
1
1
2
1
0
0
1
1
1
2
3
2
2
0
2
3
0
2
0
-1
1
1
0
1
-1
0
0
1
1
0
0
-1
-2
-2
-1
-2
0
-1
-1
-1
-2
-1
1
0
0
1
1
-2
1
1
0
2
2
2
1
3
2
2
2
1
1
1
1
0
0
1
1
1
1
1
1
1
-1
-2
-1
-1
0
-1
1
0
-1
-2
-1
0
-1
-1
-2
-3
-3
-4
-5
-5
-5
-4
-4
-3
-3
-2
-1
-2
-5
-3
-3
-4
-3
-3
-2
-2
-4
-3
-2
-3
-2
-2
-2
0
-1
-1
-1
0
1
3
3
2
2
1
0
3
4
2
3
0
1
0
1
2
3
2
2
2
1
2
3
3
4
4
4
4
3
2
2
0
1
2
2
2
0
2
1
2
3
1
1
1
0
0
0
0
-1
-2
-2
-1
-1
-2
-1
-2
-3
-3
-5
-4
-3
-2
-2
-1
-1
0
-1
-1
-1
-1
1
1
1
1
-1
1
1
0
2
2
1
3
2
1
1
2
2
1
2
4
4
4
4
4
4
2
3
3
3
2
3
3
3
4
3
2
3
3
2
3
3
2
1
2
2
2
0
0
2
1
0
0
0
-3
-3
-2
-3
-2
-2
-3
-4
-2
-4
-2
-3
-5
-5
-5
-5
-4
-4
-5
-4
-4
-4
-5
-4
-5
-4
-4
-4
-5
-5
-5
-7
-5
-6
-5
-5
-5
-4
-5
-6
-6
-5
-4
-5
-4
-3
-4
-4
-3
-3
-2
-2
-1
-1
-1
0
-1
0
0
0
0
0
0
0
1
0
1
3
3
4
5
4
5
6
6
6
6
5
5
7
5
6
6
8
6
5
5
4
5
4
5
5
4
5
4
5
6
7
6
6
7
5
5
4
4
4
4
4
4
4
6
5
4
5
3
2
2
2
3
2
1
2
2
1
0
-1
-1
-1
1
1
-2
0
1
2
0
1
-1
-2
-1
-2
0
-1
-3
-3
-2
-2
-2
-2
-2
-3
-3
-3
-4
-5
-3
-4
-6
-3
-5
-5
-5
-6
-6
-4
-6
-4
-4
-4
-2
-2
-2
-4
-5
-5
-5
-5
-5
-5
-4
-4
-3
-2
-3
-4
-4
-4
-4
-4
-4
-4
-4
-6
-4
-3
-3
-3
-2
-1
-3
-2
-1
-2
-3
0
-3
-1
-1
-2
-1
0
1
1
2
1
1
-1
0
0
-1
-1
1
1
3
3
2
4
4
4
5
4
5
5
3
4
3
4
6
3
4
5
3
3
5
5
4
4
5
4
5
4
4
3
4
4
4
3
4
3
2
4
3
3
2
4
3
4
3
4
5
5
5
4
2
3
3
3
2
3
3
3
2
1
1
1
1
0
-1
1
1
-1
1
0
1
-1
-1
-1
-4
-3
-3
-3
-4
-4
-5
-4
-4
-4
-4
-4
-3
-3
-3
-4
-5
-5
-7
-6
-6
-8
-6
-6
-7
-5
-5
-5
-4
-2
-4
-2
-3
-4
-3
-3
-4
-4
-5
-5
-3
-5
-2
-2
-2
-3
-2
-3
-2
-1
-2
-2
-2
-2
-1
0
-1
2
2
2
2
4
2
2
3
3
4
3
5
5
4
5
4
5
5
5
4
4
4
4
3
4
2
4
3
4
3
3
4
3
2
3
2
2
0
0
-1
-1
0
0
-1
-2
-1
-1
-1
-1
0
1
-2
1
0
-1
1
2
0
-1
-1
-1
0
-1
1
1
0
0
1
0
1
0
1
1
1
4
3
3
3
3
3
1
2
1
2
2
2
1
1
-1
-1
-1
0
0
0
0
1
2
-1
0
-2
-2
-3
-3
-3
-2
-3
-3
-3
-3
-5
-3
-4
-5
-3
-3
-1
-2
-2
0
-1
-1
-1
-2
-2
0
-1
-1
-1
-1
-1
0
0
0
0
0
-2
0
0
-2
-2
-3
-3
-1
-2
-2
-2
-1
-3
-3
-2
-3
-1
-2
-1
-1
-2
-2
-2
-2
-1
-2
-1
-1
-1
-2
-1
-1
-1
2
1
2
3
4
3
6
5
6
5
6
6
4
5
5
5
5
6
6
8
5
6
6
7
6
5
6
5
5
3
2
1
0
0
-1
-3
-3
-3
-4
-4
-5
-5
-7
-7
-9
-8
-8
-8
-9
-8
-6
-6
-6
-6
-6
-6
-6
-6
-6
-6
-4
-5
-3
0
-1
0
0
0
1
1
3
4
4
4
5
4
3
5
6
5
7
5
6
6
6
6
5
5
4
5
6
6
6
5
4
3
3
2
2
2
1
1
-1
2
2
3
1
2
2
1
0
1
0
0
-2
-2
-1
-2
-1
-1
0
0
0
-1
-1
-3
-1
-2
-3
-3
-3
-4
-6
-5
-4
-5
-5
-5
-5
-6
-5
-5
-6
-3
-4
-4
-5
-5
-5
-4
-4
-2
0
0
-2
0
1
2
0
1
2
3
3
3
3
3
4
3
5
4
6
5
6
6
5
5
4
5
4
4
4
5
5
3
3
3
2
2
1
3
0
0
2
-1
0
-2
-2
-4
-6
-4
-5
-5
-3
-4
-4
-4
-4
-7
-6
-4
-5
-5
-4
-2
-2
-3
-3
-3
-5
-5
-3
-3
-3
-2
0
-2
-2
-2
-1
0
0
0
2
1
0
2
1
2
2
0
1
1
1
2
1
2
2
2
2
2
3
3
4
3
0
1
2
2
2
2
2
3
2
2
3
4
2
2
1
2
3
2
2
2
1
0
0
0
-2
-3
-2
-2
-3
-3
-3
-4
-2
-3
-3
-4
-2
-2
-3
-2
-2
-1
0
0
1
2
2
2
2
2
1
2
1
2
2
3
4
4
5
4
5
6
5
5
4
5
4
3
3
2
2
2
1
1
3
2
3
2
2
3
3
2
2
1
-1
-1
-1
-2
-2
-2
-2
-3
-3
-4
-5
-3
-3
-3
-4
-3
-1
-2
-3
-2
-2
-4
-3
-3
-4
-4
-3
-4
-3
-5
-4
-3
-6
-5
-5
-5
-4
-4
-4
-6
-7
-5
-6
-6
-5
-4
-4
-4
-2
-2
-4
-5
-5
-5
-4
-3
-4
-1
-1
-2
0
0
-1
2
2
3
3
2
