7
6
6
8
8
8
7
7
8
9
10
11
10
10
9
9
10
11
12
12
12
13
14
16
13
14
15
13
11
11
12
12
12
12
12
12
11
12
10
10
8
9
8
9
8
6
5
4
4
4
3
5
5
3
3
3
4
3
2
3
0
0
-1
-2
-1
-1
-1
-1
-4
-4
-4
-6
-5
-5
-5
-5
-6
-6
-9
-9
-9
-10
-10
-8
-9
-10
-9
-11
-12
-12
-12
-13
-13
-11
-12
-13
-13
-13
-14
-15
-14
-13
-15
-14
-14
-13
-14
-13
-14
-13
-12
-14
-13
-12
-12
-11
-10
-10
-10
-10
-8
-8
-7
-7
-5
-5
-6
-2
-4
-5
-2
-3
-1
0
0
0
-1
1
1
4
5
6
5
7
7
8
11
12
13
13
14
14
13
14
16
17
19
18
19
18
19
19
20
21
22
21
20
20
19
18
19
18
18
16
14
14
12
13
13
14
14
13
11
11
9
7
8
8
8
6
6
3
3
-1
-1
-2
-2
-3
-5
-4
-4
-5
-7
-8
-9
-9
-9
-9
-11
-12
-11
-12
-13
-14
-13
-14
-14
-14
-14
-13
-15
-15
-15
-15
-14
-14
-15
-14
-14
-15
-14
-14
-13
-12
-14
-13
-12
-12
-12
-12
-11
-9
-10
-10
-8
-9
-9
-9
-7
-7
-6
-4
-5
-4
-2
-4
-1
-3
-2
-2
-1
0
0
0
-1
1
1
2
3
1
2
2
3
4
5
6
6
5
6
6
6
6
9
9
7
9
9
9
8
8
7
7
9
9
10
10
8
9
7
8
7
8
8
9
9
10
10
8
9
8
9
9
9
12
10
10
10
9
9
9
9
8
9
8
7
5
4
5
4
2
3
1
1
-1
0
1
1
0
-1
-3
-1
-4
-3
-3
-6
-4
-5
-5
-6
-6
-8
-7
-9
-8
-8
-7
-8
-8
-8
-11
-11
-11
-11
-13
-11
-12
-14
-12
-13
-12
-12
-12
-12
-13
-12
-11
-11
-9
-9
-9
-8
-9
-8
-8
-10
-6
-7
-7
-6
-7
-6
-4
-3
-2
-3
-2
-3
-3
-1
0
-1
0
2
2
1
2
4
4
3
4
5
7
7
8
9
7
8
8
8
9
11
13
13
14
12
14
12
11
14
12
14
14
14
15
13
12
10
10
9
10
11
11
10
10
9
7
9
9
8
10
10
9
9
5
6
5
4
4
5
5
4
4
5
1
2
1
2
0
2
0
1
-1
0
-1
-1
0
0
0
0
1
-2
-1
-3
-3
-3
-4
-3
-4
-6
-5
-6
-8
-7
-8
-8
-7
-8
-9
-11
-11
-13
-14
-12
-13
-14
-13
-14
-15
-15
-16
-15
-16
-16
-16
-16
-14
-15
-16
-17
-16
-16
-17
-14
-16
-13
-14
-13
-12
-13
-12
-11
-11
-12
-7
-6
-7
-7
-5
-4
-4
-2
-3
-1
-1
-2
1
1
1
4
2
4
5
3
4
6
7
8
8
8
9
9
7
9
9
8
10
10
11
11
11
12
11
11
12
10
12
13
12
12
11
12
11
10
12
12
11
13
10
10
12
11
11
9
8
9
9
10
11
11
9
10
8
8
10
8
6
7
6
5
6
5
6
6
5
3
4
2
3
1
2
3
3
2
0
-2
0
-1
-2
-2
-1
-1
-1
-1
-1
-2
-2
-3
-2
-2
-3
-3
-2
-3
-3
-2
-3
-4
-4
-5
-4
-7
-5
-6
-6
-6
-6
-5
-6
-6
-6
-5
-7
-7
-8
-7
-7
-7
-6
-8
-6
-6
-9
-9
-9
-9
-8
-10
-7
-7
-7
-7
-6
-6
-8
-6
-8
-7
-8
-10
-8
-8
-7
-6
-7
-7
-8
-7
-4
-5
-3
-4
-4
-3
-5
-3
-3
-2
-2
0
-1
0
-1
0
3
2
3
2
2
2
3
2
4
5
5
5
4
4
6
5
5
5
5
7
5
7
5
5
8
5
6
5
5
5
5
5
5
5
4
5
3
4
2
4
3
2
3
1
0
1
1
0
2
1
-1
0
-1
0
1
1
0
1
0
1
0
0
1
1
1
2
0
2
2
0
0
0
2
2
4
3
4
4
4
5
4
6
6
8
7
7
7
7
6
6
7
6
6
8
7
7
7
6
7
6
7
6
4
6
6
4
5
5
5
3
3
4
4
2
1
2
1
0
-1
0
-2
-2
-2
-2
-1
-3
-5
-6
-7
-7
-8
-7
-9
-8
-8
-7
-8
-9
-8
-10
-9
-9
-11
-12
-11
-11
-13
-13
-14
-14
-14
-13
-13
-14
-12
-11
-12
-13
-12
-13
-12
-12
-11
-9
-10
-9
-8
-8
-8
-9
-8
-8
-6
-7
-6
-6
-5
-6
-4
-5
-4
-4
-3
-3
-2
-2
-3
-3
-1
-1
-1
-1
-1
2
3
4
3
4
3
4
2
4
4
6
5
6
7
6
8
8
9
9
10
9
11
11
12
13
14
12
13
14
15
16
15
17
17
19
18
17
18
17
19
20
20
22
19
21
20
20
19
18
20
18
18
18
17
16
17
15
15
13
11
11
10
8
6
6
5
5
3
3
3
0
-1
-4
-3
-3
-4
-5
-5
-8
-10
-12
-13
-12
-15
-14
-14
-14
-16
-18
-16
-18
-19
-20
-18
-18
-19
-19
-18
-19
-20
-21
-20
-21
-22
-21
-21
-22
-21
-20
-22
-21
-23
-21
-22
-19
-16
-18
-16
-19
-19
-18
-18
-17
-15
-14
-13
-11
-11
-11
-11
-11
-11
-10
-7
-8
-8
-7
-5
-6
-5
-4
-3
0
1
1
3
3
3
5
6
9
8
11
9
10
11
11
15
15
17
17
14
16
16
16
18
16
21
19
18
19
20
18
20
22
22
24
24
22
22
21
20
19
19
19
17
16
16
17
16
15
14
14
14
13
12
13
11
11
11
10
8
7
6
5
5
4
3
3
0
0
0
0
-2
-4
-4
-5
-3
-4
-5
-5
-5
-6
-6
-8
-8
-7
-9
-10
-10
-11
-12
-13
-13
-12
-12
-12
-11
-11
-10
-10
-10
-10
-10
-9
-9
-10
-9
-8
-9
-9
-10
-9
-7
-9
-8
-8
-8
-9
-6
-8
-7
-8
-9
-9
-9
-7
-6
-7
-7
-4
-7
-5
-1
-3
-4
-5
-2
-3
-2
-1
1
0
-2
1
-1
1
0
-1
-1
-1
1
0
2
2
2
1
2
1
2
4
4
3
4
5
4
2
4
2
2
0
1
2
2
1
1
3
3
2
2
2
2
2
4
2
2
1
1
1
0
0
-2
-1
0
-2
-3
0
-2
-2
-1
1
2
2
0
1
1
1
1
1
0
0
-1
-1
0
1
1
0
1
2
0
3
2
3
3
2
2
1
4
3
4
3
3
2
2
3
4
4
3
3
3
2
2
3
3
4
2
2
1
2
3
3
3
2
2
0
3
2
1
2
3
2
0
3
3
3
1
3
1
4
2
3
3
3
1
4
3
3
1
2
2
0
0
1
2
1
3
3
2
0
1
1
-1
1
2
2
1
1
1
1
2
4
4
3
4
4
2
2
2
0
0
0
2
0
0
0
0
-2
-3
-3
-2
-4
-4
-4
-4
-4
-5
-5
-5
-5
-6
-5
-5
-6
-6
-6
-5
-6
-5
-6
-7
-6
-6
-8
-6
-9
-8
-9
-9
-8
-9
-9
-11
-10
-9
-9
-8
-10
-9
-10
-9
-8
-9
-8
-7
-7
-7
-5
-7
-7
-6
-5
-4
-2
-2
-2
-2
-2
-2
0
1
1
-1
1
0
0
2
2
4
3
5
5
3
4
6
7
7
6
6
5
6
5
6
6
7
7
5
7
6
7
7
8
7
6
6
5
5
4
6
6
4
5
5
5
6
5
5
5
5
6
8
9
8
7
8
8
7
6
9
7
6
8
4
5
3
4
4
3
5
4
3
2
3
3
4
2
5
4
5
4
5
3
3
2
4
3
1
2
1
1
0
2
1
1
1
1
2
0
1
-2
-2
-3
-3
-2
-3
-4
-4
-5
-5
-7
-6
-4
-4
-5
-5
-5
-6
-7
-8
-7
-7
-7
-4
-6
-9
-6
-9
-9
-8
-8
-8
-9
-8
-10
-9
-8
-8
-8
-7
-7
-6
-5
-7
-5
-5
-6
-4
-4
-2
-2
-3
-1
-1
-1
-2
0
0
-1
-1
-1
-1
0
1
0
2
2
2
1
2
3
2
1
1
-1
0
0
1
-1
1
1
1
1
1
3
2
4
2
1
0
0
0
-1
-1
-2
-2
-1
0
-1
-2
-1
-2
0
-1
-1
-1
-3
-2
-1
-2
0
0
1
-1
1
1
1
0
2
1
0
0
1
-1
1
-1
1
1
1
3
2
2
3
3
3
3
1
5
3
5
5
5
5
6
5
5
4
5
7
5
5
6
7
6
7
6
7
6
6
6
7
7
5
4
5
5
3
5
4
6
6
5
5
5
6
7
8
7
7
8
7
7
7
9
9
7
5
4
3
3
4
2
4
2
0
0
-2
-2
-3
-3
-1
-3
-3
-2
-4
-4
-5
-7
-9
-8
-9
-9
-9
-10
-8
-10
-8
-9
-9
-7
-6
-7
-8
-9
-10
-13
-12
-12
-14
-11
-12
-10
-11
-11
-9
-12
-12
-11
-12
-10
-10
-9
-7
-7
-7
-7
-8
-6
-6
-6
-5
-6
-5
-4
-6
-3
-3
-2
-1
-2
-3
-2
-2
0
1
1
1
2
2
3
3
4
3
3
4
2
5
7
7
7
7
8
8
7
7
7
8
9
7
9
8
8
7
8
8
6
7
5
7
6
6
5
6
6
6
9
7
8
7
8
6
8
10
8
10
10
8
9
8
7
9
7
8
8
9
7
8
8
7
7
7
7
8
6
5
2
4
5
4
5
3
1
1
2
1
0
0
0
-2
-3
-3
-4
-5
-6
-7
-6
-8
-8
-8
-9
-8
-9
-7
-9
-9
-10
-9
-9
-10
-10
-9
-8
-9
-10
-11
-10
-8
-9
-7
-8
-9
-8
-7
-6
-6
-5
-6
-5
-6
-6
-5
-6
-7
-7
-5
-6
-7
-7
-7
-7
-8
-7
-7
-6
-5
-6
-5
-6
-7
-6
-7
-7
-5
-5
-5
-3
-4
-3
-4
-3
-2
-4
-2
-1
-1
0
1
0
0
1
2
3
3
4
4
3
4
4
5
5
5
7
7
9
7
7
7
7
7
8
7
7
5
7
6
7
9
8
9
8
8
7
6
8
7
7
7
6
6
6
7
5
8
6
8
7
6
7
6
5
6
8
5
7
5
4
6
5
5
5
4
4
5
3
4
5
4
3
5
4
3
2
2
1
0
0
1
1
2
1
2
0
0
-1
0
-2
-2
-1
-2
-1
-2
-4
-3
-2
-2
-2
-1
-2
-3
-3
-4
-3
-3
-3
-4
-3
-4
-3
-2
-3
-3
-3
-2
-2
-2
-2
-2
-3
-5
-4
-5
-6
-7
-9
-8
-9
-10
-8
-8
-10
-12
-10
-11
-11
-9
-10
-11
-10
-11
-13
-12
-12
-12
-10
-10
-10
-10
-10
-10
-9
-7
-8
-7
-7
-7
-5
-5
-4
-4
-4
-3
-3
-3
-3
-3
-2
-1
1
1
2
1
2
3
3
4
5
6
6
7
6
7
5
7
7
9
9
7
7
7
8
9
9
10
9
8
8
8
8
8
8
6
8
9
8
7
9
8
8
8
9
10
9
9
7
7
8
7
7
7
6
5
5
5
5
7
5
5
4
2
4
4
3
4
4
4
4
3
3
3
3
3
2
3
3
3
3
3
3
1
1
1
0
2
3
1
0
-1
0
-1
-2
-2
-1
-3
-4
-5
-6
-5
-4
-5
-5
-6
-7
-7
-8
-8
-5
-6
-6
-6
-7
-9
-9
-9
-10
-11
-11
-12
-11
-11
-12
-12
-11
-14
-13
-13
-12
-11
-12
-11
-11
-10
-11
-10
-9
-8
-7
-7
-7
-4
-5
-6
-5
-3
-3
-3
-2
-1
-3
-2
-1
0
0
0
0
-1
2
1
2
2
3
3
2
5
4
5
4
5
7
6
8
8
8
9
7
6
8
7
6
7
5
7
5
7
5
5
5
6
7
7
7
7
6
6
4
6
6
5
7
7
6
7
8
8
10
11
10
9
11
10
8
9
10
8
9
7
10
6
6
7
7
6
7
7
5
5
5
4
4
5
2
3
3
2
2
2
2
0
-2
-3
-3
-3
-4
-6
-4
-6
-6
-8
-9
-8
-7
-7
-9
-10
-9
-10
-10
-10
-10
-10
-11
-10
-12
-10
-10
-12
-10
-11
-12
-12
-12
-11
-11
-10
-9
-9
-9
-9
-8
-8
-10
-9
-9
-8
-7
-6
-7
-7
-6
-7
-4
-4
-4
-2
-2
-2
-1
-2
-1
-1
-1
-1
-1
0
1
1
1
-1
2
2
1
2
4
4
5
5
7
5
3
6
5
5
6
5
6
6
6
7
7
8
7
9
7
7
7
7
8
8
7
7
8
7
8
8
7
7
8
9
9
7
8
6
6
7
6
8
8
7
6
5
7
6
6
5
4
5
4
4
2
4
4
3
4
4
3
2
2
1
0
-2
-1
-1
-1
-3
-2
-3
-6
-6
-5
-5
-5
-6
-8
-8
-8
-8
-8
-7
-7
-6
-8
-7
-8
-8
-8
-7
-6
-7
-6
-8
-7
-8
-6
-7
-7
-8
-8
-7
-6
-3
-5
-3
-3
-3
-2
-3
-3
-5
-4
-3
-4
-3
-2
-3
-3
-3
-3
-2
-3
-1
-3
-2
0
-2
-3
-3
-1
-1
-2
-1
1
1
2
1
3
2
2
2
3
3
2
2
4
1
2
2
2
3
5
5
6
7
7
8
8
8
8
9
8
8
8
8
8
7
8
7
7
7
8
8
7
9
6
7
8
8
6
7
7
7
6
5
5
3
4
2
2
2
1
0
1
0
1
0
0
0
-2
-3
-4
-3
-4
-5
-5
-4
-6
-7
-9
-9
-10
-9
-9
-8
-8
-10
-9
-7
-8
-9
-9
-10
-9
-8
-9
-9
-11
-10
-11
-10
-11
-11
-9
-12
-8
-6
-6
-7
-3
-5
-4
-4
-4
-4
-4
-4
-3
-2
-1
1
0
1
1
1
1
2
1
5
6
7
8
7
8
7
8
8
9
9
8
8
5
7
5
6
8
8
7
8
6
6
7
5
5
4
4
4
3
4
3
4
4
4
5
3
2
1
2
2
2
3
2
3
2
2
2
3
3
3
3
3
3
2
2
3
2
2
2
1
2
1
2
2
2
1
0
0
-1
1
-1
0
0
-3
-2
-3
-3
-2
-3
-5
-4
-3
-4
-4
-2
-3
-1
0
-1
-2
-4
-3
-4
-4
-3
-5
-5
-5
-5
-5
-6
-5
-5
-3
-4
-4
-4
-5
-5
-4
-4
-5
-3
-3
-2
-3
-3
-2
-5
-3
-3
-2
-2
-3
-2
-4
-3
-3
-3
-3
-4
-2
-5
-4
-6
-4
-6
-7
-5
-6
-3
-3
-3
-3
-1
-2
0
-1
0
0
1
2
2
2
3
2
2
3
2
4
5
6
6
6
6
6
5
6
7
8
7
7
8
8
8
7
8
7
6
4
6
5
6
6
7
6
7
6
6
5
4
4
3
3
3
3
3
2
2
0
-1
-1
-1
-1
-2
0
-1
-1
-2
-1
-2
-3
-2
-1
1
-1
-1
0
-1
-1
-1
-2
-2
-2
-2
-3
-3
-1
-2
-2
-3
-3
-2
-2
-2
-2
-1
-1
-2
-1
-2
-3
-2
-2
-1
-1
0
-1
2
1
1
0
0
0
1
2
2
1
-1
-1
2
1
2
2
2
0
1
-1
-1
2
1
2
2
2
3
2
1
3
1
1
2
2
1
-1
1
-1
0
-1
-1
0
-1
-2
-2
-1
-2
-4
-4
-4
-5
-6
-6
-7
-6
-7
-7
-6
-7
-8
-7
-7
-7
-7
-6
-7
-8
-9
-10
-8
-14
-12
-11
-10
-11
-9
-6
-5
-3
-4
-4
-4
-6
-8
-5
-5
-3
-2
0
2
3
1
3
2
3
3
1
5
3
4
5
6
9
10
9
9
9
8
9
8
9
10
10
9
10
11
10
9
10
10
9
9
9
9
10
9
8
10
11
9
8
9
9
5
5
5
6
6
6
5
4
6
6
6
5
5
5
4
3
2
3
1
2
2
2
4
1
2
0
0
1
-1
-1
-1
-1
-1
-3
-3
-2
-4
-3
-2
-3
-3
-5
-3
-5
-5
-5
-6
-7
-6
-7
-9
-8
-8
-8
-8
-7
-8
-8
-8
-10
-10
-10
-10
-11
-12
-12
-12
-12
-11
-11
-12
-9
-11
-11
-9
-11
-11
-10
-12
-10
-10
-11
-12
-10
-8
-10
-9
-8
-9
-7
-6
-4
-4
-4
-4
-2
-2
-3
-4
-1
0
-1
0
1
2
3
4
5
6
6
6
7
7
9
8
9
12
11
12
12
14
14
12
13
12
13
13
13
13
14
13
15
14
15
13
13
12
13
14
13
14
13
12
12
12
12
11
10
11
10
10
9
8
7
8
7
5
6
5
5
4
3
2
1
2
1
0
-1
0
-2
-2
-2
-3
-3
-4
-4
-3
-5
-6
-7
-5
-6
-8
-6
-6
-6
-7
-6
-7
-6
-7
-6
-7
-8
-8
-9
-9
-9
-9
-9
-9
-9
-11
-10
-10
-11
-10
-9
-9
-11
-10
-11
-10
-10
-11
-11
-12
-12
-12
-11
-11
-11
-10
-10
-9
-10
-10
-10
-9
-8
-8
-7
-6
-6
-6
-6
-5
-4
-3
-2
-2
-2
-2
-2
-1
-1
1
1
1
2
2
2
3
3
3
5
5
5
5
7
6
7
9
6
8
8
7
7
10
10
9
11
12
12
12
11
10
11
12
11
12
11
12
11
11
11
12
12
11
12
11
13
12
12
11
11
10
10
9
8
8
7
8
7
6
7
6
6
4
4
3
1
2
2
0
0
-2
-1
-3
-4
-4
-3
-3
-4
-5
-5
-6
-8
-7
-8
-8
-7
-9
-9
-9
-8
-9
-10
-10
-11
-12
-12
-13
-12
-12
-12
-11
-12
-12
-11
-12
-11
-11
-11
-9
-10
-10
-9
-9
-9
-8
-7
-6
-6
-7
-5
-4
-5
-4
-3
-2
-1
0
0
0
1
1
1
2
1
2
2
3
4
4
5
5
4
5
4
5
5
6
6
6
7
6
9
8
8
7
7
7
6
6
6
6
6
7
6
6
6
6
6
6
5
7
7
4
5
5
6
5
6
5
6
5
5
5
4
4
3
3
4
1
2
1
0
0
0
1
-1
-1
-1
-2
-1
-2
-3
-3
-4
-4
-4
-4
-4
-4
-3
-5
-5
-5
-6
-6
-7
-5
-5
-4
-4
-4
-4
-4
-3
-3
-4
-4
-6
-6
-6
-5
-4
-6
-4
-4
-6
-5
-6
-5
-3
-4
-4
-5
-5
-5
-4
-3
-4
-3
-3
-3
-4
-4
-5
-3
-3
-3
-4
-4
-3
-2
-2
0
0
-1
-1
2
2
1
0
1
3
1
2
3
2
3
4
4
5
4
5
5
6
6
8
8
8
8
8
10
9
10
10
10
9
9
8
8
7
7
8
9
10
8
8
9
5
7
6
4
3
3
1
1
1
0
2
1
-1
1
-2
-3
-3
-3
-3
-3
-2
-3
-3
-4
-4
-4
-4
-4
-5
-4
-5
-4
-5
-5
-4
-4
-4
-3
-4
-4
-5
-5
-4
-5
-4
-5
-5
-4
-4
-4
-5
-4
-4
-3
-3
-3
-2
-3
-4
-5
-6
-5
-5
-7
-6
-6
-6
-6
-5
-6
-6
-5
-4
-6
-4
-6
-5
-4
-6
-5
-4
-4
-4
-3
-3
-4
-2
-1
-1
0
0
1
2
2
3
1
1
1
1
3
4
5
5
5
5
5
5
5
6
6
7
7
6
8
8
7
6
8
6
7
8
7
6
6
6
5
6
7
5
5
5
7
7
7
6
6
6
6
6
7
6
6
5
5
4
3
5
5
5
5
4
2
3
2
2
2
0
0
1
-2
-1
-1
-2
-3
-3
-4
-3
-5
-4
-5
-7
-6
-6
-7
-8
-8
-8
-7
-7
-6
-7
-8
-7
-8
-6
-7
-6
-5
-5
-4
-3
-3
-4
-3
-3
-2
-3
-2
-1
-2
-3
-1
-2
-2
-3
-2
-1
-1
0
-2
0
-1
0
0
0
-1
-2
-1
-2
-2
-1
-1
-1
-2
-3
-3
-2
-4
-3
-4
-3
-3
-2
-2
0
-1
-1
0
0
-1
-1
0
-1
0
0
1
1
0
1
2
1
4
2
3
3
3
3
4
2
2
2
2
2
2
4
3
3
3
4
4
3
3
5
4
5
5
4
3
3
5
4
4
5
4
3
5
3
4
2
4
2
2
2
2
2
2
2
3
1
-1
0
-2
-1
0
-1
-1
-2
-2
-3
-2
-1
-2
-3
-2
-3
-3
-4
-3
-3
-3
-4
-4
-3
-5
-3
-4
-2
-2
-4
-2
-3
-3
-4
-2
-2
0
0
-1
-1
0
0
-1
0
0
0
-1
0
0
1
1
0
0
0
2
3
4
4
4
4
3
3
3
3
2
3
2
2
2
2
3
3
2
3
3
2
3
3
2
2
2
0
1
-1
0
-1
0
-2
-1
-1
-2
-2
-2
-3
-3
-3
-4
-3
-6
-4
-5
-6
-5
-5
-3
-4
-4
-5
-4
-6
-4
-5
-6
-5
-5
-5
-4
-5
-5
-3
-4
-4
-3
-4
-3
-4
-2
-1
0
0
0
0
0
1
2
2
5
5
4
5
6
6
6
5
4
6
5
5
4
4
3
2
3
2
1
3
3
3
3
3
2
2
3
4
2
2
2
1
1
0
0
2
2
1
2
1
0
0
0
1
4
3
3
2
1
2
2
3
2
2
1
1
2
2
3
4
3
4
3
4
3
4
3
4
3
4
3
4
2
1
1
2
1
-1
0
0
-1
-2
-2
-3
-4
-4
-3
-4
-5
-4
-3
-4
-3
-2
-3
-2
-4
-4
-5
-5
-5
-5
-5
-3
-4
-2
-5
-4
-3
-4
-3
-5
-5
-5
-6
-6
-6
-7
-7
-8
-7
-6
-7
-6
-5
-5
-7
-5
-5
-4
-5
-5
-5
-5
-6
-6
-4
-4
-2
-3
-4
-3
-4
-3
-3
-2
-2
-1
-2
-1
0
0
0
2
2
3
2
4
3
4
4
4
4
5
6
5
5
9
8
7
8
8
9
7
9
7
7
9
7
8
8
8
8
8
9
8
9
7
7
6
6
5
6
7
6
5
5
5
4
4
4
4
0
0
0
-1
0
-1
-2
-1
-1
-2
-2
-3
-3
-2
-4
-4
-2
-4
-3
-5
-4
-5
-4
-4
-4
-4
-3
-3
-3
-4
-4
-3
-1
-3
-2
-3
-1
-1
-1
-1
-2
-2
-1
-2
0
2
1
2
2
3
2
1
0
0
1
2
1
0
0
-1
0
-1
0
0
-3
-4
-4
-2
-2
-2
-2
-2
-3
-3
-4
-3
-4
-4
-3
-4
-2
-4
-2
-3
-2
-2
-1
-2
-2
-2
-3
-2
-3
-3
-1
-1
-3
-2
-2
-2
-2
-1
-3
-1
-2
-1
1
0
1
1
0
1
2
2
3
3
2
3
2
1
2
2
2
2
2
1
2
2
0
1
0
1
1
1
1
1
1
0
1
3
2
2
0
1
0
-2
0
-1
-1
-1
1
0
-1
-1
-1
-3
-2
-2
-2
-2
-3
-2
0
-2
-2
-2
-1
-2
-2
-1
-2
-1
0
-1
0
0
1
1
0
2
2
2
3
2
0
0
2
2
2
2
2
2
2
3
2
3
2
4
4
3
4
2
2
1
2
0
1
2
1
2
1
2
2
1
2
2
1
3
1
2
2
2
0
-1
1
2
0
2
2
1
1
1
2
2
1
0
1
1
2
1
1
1
2
2
2
2
2
1
1
1
0
0
1
-1
0
1
1
-1
-1
1
2
0
0
0
-2
-1
-1
-1
-1
0
-2
-3
-3
0
-3
-2
-3
-3
-4
-4
-3
-3
-3
-4
-4
-5
-4
-4
-4
-3
-3
-4
-3
-4
-4
-4
-4
-5
-3
-4
-3
-5
-4
-2
-3
-2
-3
-2
-3
-2
-3
-3
-3
-4
-4
-4
-4
-3
-2
-2
-2
-1
-3
-1
-2
-3
-3
-2
0
-3
-2
-3
-2
-4
-4
-3
-3
-2
-2
-2
-3
-2
-1
-2
-1
-1
1
-1
-1
-1
-1
1
0
2
2
3
4
3
3
3
5
5
5
6
6
7
9
8
8
9
8
9
9
10
9
10
9
10
10
10
10
11
9
10
9
10
8
10
9
9
9
9
8
7
7
6
6
6
6
6
4
5
5
4
4
3
2
1
1
1
-1
0
1
-1
-2
0
0
-1
-2
-2
-3
-4
-3
-5
-4
-6
-5
-6
-7
-6
-8
-8
-7
-8
-9
-9
-8
-9
-9
-10
-10
-9
-10
-10
-11
-11
-10
-10
-10
-10
-9
-8
-9
-9
-8
-9
-8
-6
-5
-5
-5
-5
-5
-5
-4
-5
-5
-4
-3
-4
-3
-3
-5
-5
-6
-4
-6
-5
-5
-4
-4
-3
-3
-3
-3
-3
-3
-4
-3
-2
-2
0
-2
1
-2
-2
1
-3
0
0
-1
1
0
1
2
3
4
4
6
6
7
7
8
8
8
10
11
11
12
13
12
13
13
14
13
13
14
14
13
12
13
11
12
12
12
10
10
10
10
10
10
10
9
7
6
6
5
5
6
6
5
4
2
4
3
3
3
2
1
-2
-1
-2
-3
-3
-3
-3
-4
-5
-5
-5
-5
-5
-4
-5
-5
-4
-6
-6
-4
-5
-6
-7
-6
-6
-7
-6
-7
-6
-7
-6
-5
-6
-5
-6
-5
-6
-6
-5
-6
-5
-4
-4
-4
-4
-4
-5
-4
-4
-4
-3
-3
-2
-2
-2
-3
-3
-2
-3
-2
-3
-3
-4
-3
-3
-3
-4
-5
-5
-6
-4
-4
-4
-3
-5
-4
-4
-4
-2
-2
0
-1
-2
0
1
-1
0
1
0
0
-1
1
0
0
1
3
3
3
3
3
4
4
3
4
5
4
3
4
2
4
4
5
6
6
7
5
5
5
5
5
6
5
5
3
3
3
1
3
1
1
2
0
-1
-1
-1
0
0
-1
0
0
-2
0
-1
-1
0
-1
0
-1
-1
-2
-1
-1
0
0
0
-1
-1
0
1
-2
0
1
-1
-2
-1
-1
-1
-1
1
-1
-1
0
0
0
1
2
1
4
4
4
3
3
3
3
4
5
4
2
4
2
3
4
4
4
3
2
1
1
2
2
1
3
1
2
1
0
0
0
0
-1
-2
-3
-3
-2
-3
-2
-3
-3
-3
-3
-4
-5
-4
-4
-4
-3
-4
-4
-3
-4
-5
-4
-5
-3
-4
-5
-5
-5
-5
-2
-2
-2
0
-1
-1
-1
0
-1
1
0
0
1
1
0
2
1
2
2
0
2
1
1
4
2
3
2
3
1
1
0
1
0
0
1
0
1
1
1
2
1
1
1
-2
1
0
-1
0
0
-1
-3
-2
-3
-3
-1
-4
-5
-5
-5
-4
-5
-4
-5
-5
-6
-6
-5
-5
-5
-3
-4
-2
-2
-3
-3
-2
-1
-1
-1
1
2
-1
0
2
1
1
2
1
0
1
1
2
4
3
2
3
2
3
2
4
4
4
4
5
5
6
4
7
7
6
6
6
6
7
8
7
8
8
8
8
9
10
9
10
10
9
10
11
10
9
9
8
9
8
7
7
7
6
6
3
3
3
3
3
3
2
2
-1
-1
1
-2
1
-3
-3
-3
-3
-5
-5
-7
-10
-9
-10
-10
-9
-10
-10
-11
-10
-10
-9
-9
-10
-11
-11
-12
-11
-13
-11
-11
-12
-12
-12
-10
-12
-11
-11
-12
-11
-12
-10
-12
-11
-11
-11
-11
-10
-10
-12
-11
-10
-9
-10
-10
-10
-8
-8
-6
-5
-6
-5
-5
-4
-6
-2
-4
-1
-2
-2
1
0
2
0
1
1
3
3
3
6
6
7
7
7
9
9
11
12
11
12
13
14
14
16
13
16
14
19
22
30
27
22
18
14
19
14
19
12
16
15
20
18
13
2
-5
-2
0
9
10
11
7
6
2
-2
-6
-2
1
3
10
6
7
1
-1
-3
0
2
7
10
10
14
9
8
3
3
2
3
10
12
12
7
6
0
0
-1
-2
0
1
5
6
5
0
-3
-8
-7
-2
3
3
4
5
5
3
1
0
-1
1
3
10
8
9
5
3
1
-3
-2
-4
-1
-4
-6
-7
-11
-14
-20
-24
-27
-30
-30
-29
-31
-33
-38
-42
-44
-47
-49
-48
-50
-49
-49
-50
-51
-54
-54
-56
-54
-53
-52
-50
-48
-47
-46
-46
-46
-45
-41
-39
-37
-32
-29
-27
-24
-21
-17
-14
-12
-7
0
6
11
16
19
23
26
33
38
45
51
54
60
64
72
80
95
109
113
106
98
98
106
115
120
117
117
115
120
119
109
85
67
69
81
92
87
71
53
41
34
24
15
9
8
13
15
7
-10
-29
-42
-44
-42
-39
-36
-41
-40
-45
-54
-67
-76
-79
-80
-73
-75
-75
-80
-82
-88
-93
-101
-103
-102
-98
-95
-93
-89
-90
-89
-92
-93
-94
-88
-80
-68
-59
-55
-54
-52
-48
-44
-38
-29
-18
-9
-1
1
3
7
14
21
30
36
42
52
59
62
68
79
91
101
102
99
99
101
107
114
119
119
117
119
122
118
102
88
81
82
87
90
84
72
55
39
27
12
-1
-7
-12
-11
-17
-31
-50
-68
-82
-87
-88
-92
-92
-93
-97
-103
-113
-120
-123
-120
-114
-109
-105
-104
-102
-99
-96
-94
-92
-89
-83
-77
-71
-68
-66
-63
-61
-53
-49
-42
-36
-30
-23
-12
-5
-2
5
10
13
22
30
36
43
48
52
55
57
57
58
63
71
74
79
80
80
79
79
79
79
82
85
91
90
88
85
79
82
91
108
125
128
129
126
120
119
117
122
126
135
146
159
162
142
115
89
76
77
85
88
84
74
54
32
5
-26
-50
-64
-65
-63
-66
-84
-112
-139
-164
-183
-194
-201
-202
-197
-198
-204
-215
-228
-236
-238
-234
-227
-218
-212
-207
-203
-194
-187
-183
-172
-163
-155
-146
-135
-125
-112
-98
-83
-67
-57
-50
-45
-41
-35
-26
-7
12
24
36
42
44
50
50
61
70
79
93
103
112
116
118
121
125
129
138
144
149
152
155
155
155
157
159
160
162
160
158
157
161
171
185
194
189
189
183
174
168
167
173
184
200
212
216
195
168
141
125
125
132
141
143
140
121
91
55
21
-4
-15
-17
-13
-24
-46
-78
-113
-146
-172
-190
-200
-205
-210
-226
-247
-270
-295
-309
-316
-315
-308
-312
-314
-317
-318
-321
-314
-307
-296
-283
-272
-263
-256
-247
-239
-217
-200
-178
-164
-151
-149
-140
-129
-117
-96
-76
-58
-40
-26
-18
-7
0
13
31
50
76
90
101
108
113
122
136
159
179
197
207
213
220
221
228
238
257
272
278
280
274
268
260
260
277
296
314
322
317
303
289
276
270
281
291
306
318
323
316
290
254
218
194
193
197
205
202
181
150
105
58
12
-30
-54
-64
-76
-91
-119
-165
-211
-250
-285
-310
-325
-338
-343
-357
-371
-395
-423
-442
-455
-455
-456
-452
-453
-454
-448
-444
-437
-429
-414
-398
-378
-357
-338
-311
-289
-263
-237
-222
-209
-192
-171
-150
-124
-109
-86
-58
-35
-20
-3
5
24
43
70
102
122
143
154
166
179
182
202
225
249
274
288
300
301
306
312
322
335
352
364
385
394
389
381
364
350
352
365
388
416
431
432
414
388
359
333
325
334
350
371
382
381
357
309
250
200
175
172
179
189
180
153
107
42
-28
-98
-140
-168
-170
-169
-185
-226
-289
-352
-410
-461
-486
-505
-510
-510
-518
-540
-577
-608
-641
-652
-646
-643
-627
-615
-600
-595
-588
-575
-559
-528
-497
-461
-431
-407
-381
-344
-302
-257
-235
-202
-187
-167
-142
-118
-85
-50
4
38
74
88
92
99
116
149
192
234
270
305
319
317
310
319
341
379
418
442
470
477
486
483
483
483
487
499
518
539
540
528
513
510
514
533
552
581
580
563
540
507
480
464
463
483
518
540
542
501
433
360
300
269
259
271
278
265
228
163
73
-36
-132
-189
-209
-210
-222
-263
-338
-420
-507
-581
-640
-685
-713
-716
-717
-746
-783
-848
-903
-928
-934
-925
-919
-912
-906
-890
-866
-842
-835
-829
-818
-800
-758
-733
-683
-643
-580
-533
-481
-463
-453
-419
-400
-350
-301
-236
-175
-110
-70
-33
-19
1
27
80
149
204
275
302
337
356
399
417
472
512
573
618
659
689
688
701
684
722
758
812
839
853
853
842
823
817
845
886
933
977
997
979
944
880
840
816
817
853
900
958
974
927
821
686
577
511
495
511
524
530
480
377
237
59
-116
-222
-273
-264
-259
-302
-400
-528
-656
-784
-875
-946
-991
-1009
-1017
-1040
-1094
-1170
-1233
-1293
-1291
-1299
-1284
-1275
-1266
-1244
-1204
-1151
-1143
-1102
-1092
-1076
-1036
-990
-962
-878
-823
-696
-617
-541
-542
-535
-533
-490
-411
-339
-242
-178
-105
-53
28
-6
19
-4
93
163
261
344
368
441
460
533
546
582
585
659
714
780
805
836
838
893
956
980
1003
961
963
978
1070
1140
1243
1278
1291
1263
1196
1148
1089
1053
1093
1178
1271
1378
1353
1247
1051
847
703
625
629
648
668
667
590
440
196
-77
-313
-446
-485
-467
-452
-526
-644
-838
-1021
-1213
-1350
-1462
-1479
-1475
-1444
-1457
-1512
-1617
-1712
-1763
-1799
-1754
-1765
-1722
-1685
-1615
-1534
-1476
-1385
-1345
-1311
-1287
-1271
-1237
-1202
-1129
-996
-798
-610
-519
-423
-471
-455
-487
-428
-323
-170
22
156
313
371
349
320
297
317
429
555
782
853
952
1000
1006
1026
961
1084
1067
1201
1258
1379
1533
1534
1594
1570
1580
1484
1508
1598
1816
1955
2103
2152
2117
2022
1909
1854
1736
1777
1820
2047
2181
2254
2095
1785
1475
1230
1097
1000
1013
944
954
850
690
333
-74
-454
-738
-832
-923
-985
-1167
-1358
-1553
-1679
-1855
-2071
-2327
-2522
-2630
-2681
-2694
-2743
-2749
-2728
-2640
-2591
-2620
-2725
-2856
-2877
-2704
-2463
-2188
-2004
-1886
-1880
-1858
-1937
-2038
-2055
-1994
-1738
-1432
-1098
-988
-965
-1093
-1177
-1213
-1197
-1008
-830
-551
-295
-38
-12
-56
-32
-103
28
125
315
572
748
961
1038
1198
1189
1077
1209
1177
1418
1534
1766
2023
2026
2219
2308
2655
2794
2942
3060
3007
3183
3109
3192
3162
3175
3314
3484
3816
3857
3747
3312
2924
2588
2370
2274
2145
2083
2001
1929
1718
1245
678
42
-378
-595
-721
-787
-1043
-1274
-1570
-1743
-1996
-2236
-2533
-2780
-2854
-2914
-2883
-2945
-2907
-2927
-2804
-2680
-2645
-2663
-2752
-2802
-2722
-2525
-2250
-1960
-1824
-1651
-1682
-1722
-1877
-1982
-2027
-2005
-1826
-1667
-1434
-1327
-1257
-1287
-1322
-1436
-1498
-1560
-1516
-1376
-1159
-801
-544
-291
-231
-284
-379
-455
-316
-266
-54
313
462
811
835
971
897
833
941
1015
1301
1424
1780
2225
2722
3063
3391
3245
3378
2991
3054
2955
3090
3432
3666
4407
4495
4724
4147
3737
3037
2595
2211
2137
2166
2290
2451
2355
2068
1320
622
-270
-730
-1231
-1292
-1502
-1475
-1566
-1541
-1710
-1993
-2325
-2724
-2852
-3092
-3058
-3140
-2933
-2766
-2460
-2155
-2035
-2014
-2157
-2252
-2343
-2226
-2007
-1654
-1413
-1190
-1114
-1313
-1470
-1903
-1972
-2281
-2160
-2139
-1881
-1669
-1599
-1519
-1721
-1684
-1925
-1855
-2018
-1820
-1743
-1293
-1053
-824
-806
-837
-820
-723
-534
-534
-365
-460
-202
-158
208
255
560
672
1080
1199
1415
1653
2072
2642
3009
3523
3376
3603
3288
3566
3359
3520
3489
3760
4251
4424
4483
3944
3503
2981
2709
2419
2315
1961
2007
1767
1861
1372
992
335
-110
-279
-630
-820
-1446
-1654
-2020
-1754
-1731
-1531
-1654
-1728
-1766
-1865
-1835
-1984
-1870
-1748
-1356
-975
-726
-602
-566
-550
-387
-252
-142
-116
-293
-432
-833
-946
-1277
-1418
-1617
-1848
-1809
-1971
-1751
-1926
-1929
-2309
-2438
-2680
-2605
-2610
-2449
-2220
-1979
-1553
-1617
-1443
-1801
-1740
-1743
-1502
-1264
-1255
-1168
-1264
-955
-840
-491
-489
-332
-354
-160
390
913
1949
2061
2804
2442
2802
2399
2469
2495
2304
2788
2738
3679
3792
4084
3548
3138
2475
1992
1381
1222
975
1230
1411
1586
1501
897
577
-85
-68
-701
-866
-1650
-1732
-1865
-1334
-962
-721
-608
-813
-686
-1027
-959
-1187
-929
-662
-150
272
497
566
696
671
996
925
1102
889
735
336
32
-230
-506
-656
-1072
-1186
-1573
-1281
-1350
-1004
-1331
-1512
-1925
-2084
-2168
-2152
-2084
-1932
-1628
-1273
-904
-902
-805
-1054
-979
-1359
-1511
-1843
-1691
-1241
-555
147
360
397
4
123
459
1288
2197
2320
2884
2317
2967
2628
2989
2889
2410
2538
1969
2929
2786
3228
2649
2271
1787
1149
570
304
-120
-109
-275
-258
-377
-649
-447
-726
-586
-1440
-1804
-2684
-2754
-2782
-2210
-1811
-1544
-1207
-1173
-645
-633
-221
-354
-325
-416
-471
-29
382
1035
1394
1433
1439
1594
1664
1911
1331
1004
45
-281
-727
-1128
-1006
-1553
-852
-953
-281
-718
-943
-1535
-1641
-1769
-1781
-1798
-1701
-1272
-1076
-222
-628
-226
-836
-642
-923
-1048
-1382
-1566
-1415
-1315
-797
-613
-155
-154
307
872
1704
2469
2077
2332
1480
1931
1845
1958
2246
1346
1898
1225
2610
2597
2755
2261
1428
1110
190
-410
-659
-934
-935
-1030
-1179
-841
-1139
-478
-1013
-1080
-2232
-2683
-2983
-2887
-2647
-2549
-2284
-2271
-1651
-1563
-654
-568
-65
-61
-94
-18
-49
572
865
1315
1622
1537
2256
2483
3232
3011
2547
1931
927
755
-297
-358
-1140
-868
-643
181
595
844
588
245
-55
-634
-819
-1273
-861
-905
-106
69
573
795
901
806
490
-57
-344
-555
-507
-498
-293
-177
-25
130
897
1970
3244
3686
3368
3287
2420
2889
1766
2064
908
775
708
1216
2321
2060
1994
1130
946
165
-629
-1551
-1793
-2655
-2676
-3375
-2813
-2706
-2233
-1894
-2305
-2441
-3450
-3397
-4091
-3997
-4345
-4032
-3917
-3438
-2960
-2323
-1532
-1280
-898
-954
-659
-354
-55
312
185
295
379
988
2048
2362
3021
2467
2631
1924
1774
803
-72
-1062
-1885
-1718
-1355
-326
-99
483
439
982
937
1003
353
-37
-709
-727
-461
-76
617
1124
1664
1775
1757
1393
1216
898
595
486
273
492
310
1164
2167
3457
4358
3963
4917
3997
5043
3529
3560
2325
1451
1513
1135
2675
1930
2207
1312
1755
1469
1187
197
-168
-1578
-2354
-3299
-3260
-2968
-3219
-2663
-3249
-2616
-3317
-2945
-3712
-3861
-4504
-4567
-4808
-4898
-4500
-4169
-3126
-2981
-2171
-2073
-1188
-805
-601
-307
-556
-194
-249
310
839
1131
1591
1413
1683
1300
1349
812
286
-651
-1359
-1560
-1347
-1210
-1339
-1315
-1098
-503
-93
543
568
875
380
558
168
346
49
156
161
359
885
1094
1901
1529
1896
1408
1638
1567
1249
1736
2127
3472
3829
3945
4909
4839
5959
4827
4773
3827
2830
2628
1891
2963
2304
2157
1717
1706
1897
1235
822
629
-297
-837
-1866
-1844
-1975
-2450
-2504
-3214
-3017
-3499
-3407
-3610
-3686
-3894
-4195
-4460
-4604
-4392
-4223
-3782
-4082
-3605
-3209
-2207
-1603
-1444
-1007
-1123
-355
-625
220
168
739
541
793
701
636
549
-95
-416
-1591
-1464
-1944
-1080
-1829
-1537
-1906
-1026
-798
-409
-67
20
221
-576
-222
-803
-25
-441
106
-163
270
481
845
1048
846
875
885
1104
1252
1125
1768
2560
3440
3833
4121
5241
5063
5713
4637
5071
4166
3602
3055
2847
3484
2704
2308
1901
2277
2321
1824
1651
1542
495
-60
-1208
-1040
-1675
-2056
-2362
-2743
-2257
-2595
-2351
-2779
-2843
-3053
-3340
-3633
-4011
-4092
-4025
-3913
-3761
-3364
-2660
-1965
-1377
-1256
-686
-396
5
124
305
551
473
698
601
707
593
384
-54
-837
-1599
-1958
-1918
-1780
-2318
-2388
-2274
-1674
-1591
-1307
-980
-602
-521
-713
-414
-541
-307
-978
-906
-1110
-749
-415
-131
180
232
479
673
766
898
643
1416
1527
2501
2334
3517
4291
4625
5201
4500
5468
4051
3929
2828
3006
2951
1948
1801
1718
2162
2123
1716
2431
2280
1610
895
-103
449
-771
-843
-1817
-1897
-1755
-2262
-1993
-2427
-2105
-2152
-2481
-2569
-2825
-2843
-2994
-3385
-3447
-3333
-2791
-2268
-1982
-1279
-701
120
308
968
837
1196
588
762
388
307
456
-413
-49
-1630
-1335
-2218
-1636
-2492
-2865
-2797
-2166
-1755
-1467
-1053
-710
-433
-1045
-294
-931
-61
-1050
-604
-904
-430
-98
-146
194
-235
137
138
665
828
1122
1063
1868
1733
2537
1930
3253
3133
3834
3877
4041
4869
3667
3749
2658
3131
2270
1295
778
584
626
255
110
1274
974
963
292
212
429
-809
-812
-1995
-1516
-2157
-2312
-2363
-2566
-1986
-2376
-2299
-2512
-2325
-2337
-2427
-2577
-2487
-2178
-1856
-1721
-1420
-785
-64
465
772
1425
1484
1871
1355
1846
1095
1350
640
423
65
-973
-929
-1680
-1366
-2450
-2610
-2659
-2307
-2224
-1993
-1543
-718
-635
-132
117
397
495
-144
-182
-727
-512
-621
-347
-248
-32
154
664
972
1607
1545
2075
2256
2564
2557
2376
3236
2763
3579
3008
4044
3830
3364
3106
2511
3113
2032
1490
1029
608
489
-589
-164
105
-282
-211
-1042
-40
-720
-951
-1425
-2015
-1646
-2655
-2386
-2921
-2711
-2574
-3070
-2786
-3028
-2583
-2737
-2927
-2784
-2801
-2209
-2195
-1873
-1520
-678
156
592
1122
1611
2040
2331
2125
2426
1867
1733
1086
766
257
-496
-603
-1030
-1120
-1954
-2237
-2133
-2170
-2438
-2463
-2124
-1422
-1393
-855
-390
235
421
114
169
-219
-128
-606
-650
-674
-508
23
466
1088
1530
1867
2503
2574
3111
2822
3294
3601
3424
3868
3441
4471
3749
3495
3155
2996
3486
2113
1931
1252
1082
523
-508
114
-209
-286
-855
-896
-288
-789
-860
-1461
-1648
-1896
-2767
-2869
-3242
-3094
-3200
-3600
-3460
-3625
-3051
-3181
-3092
-3058
-2898
-2545
-2719
-2362
-2208
-1262
-943
-198
151
1201
1872
2266
2556
2496
2850
2181
2228
1453
1108
174
-438
-873
-1460
-1799
-2163
-1832
-1761
-1904
-1817
-1351
-885
-680
-644
148
218
397
-81
63
34
-194
-361
-774
-312
-307
149
460
1058
1606
1690
2234
2395
3052
3169
3517
4047
3842
4355
3781
4463
3804
3377
3298
3120
3723
2446
2447
1702
1549
973
210
714
317
75
-820
-863
-558
-880
-999
-1328
-1393
-1513
-2096
-2274
-2685
-2751
-3085
-3632
-3740
-4033
-3717
-4018
-3966
-3905
-3574
-3181
-3091
-2562
-2317
-1510
-1378
-984
-806
-144
614
696
1326
1211
1941
1542
1593
1476
959
704
-510
-767
-1738
-2004
-2391
-2597
-2407
-2638
-2162
-1849
-1144
-754
-446
88
196
77
-181
-123
-236
-649
-856
-827
-427
-192
1
417
885
1275
1519
1603
2023
2488
3047
2936
3342
3625
3823
3949
3793
4176
3662
3606
3342
3616
3417
2814
2601
2062
1900
1373
1316
1387
1158
651
488
629
760
417
225
135
-100
-352
-896
-848
-1236
-1457
-1970
-2567
-2813
-3178
-3247
-3786
-3792
-3704
-3380
-3134
-2755
-2162
-1732
-1218
-1103
-695
-314
199
267
254
421
377
518
270
494
370
173
-262
-665
-810
-1309
-1433
-1980
-2024
-2241
-2033
-1981
-1769
-1514
-1284
-816
-889
-534
-570
-187
-278
-416
-433
-512
-446
-656
-546
-271
33
314
410
697
852
1228
1646
1973
2202
2148
2615
2522
2854
2764
3193
3197
2891
3012
2807
3170
2396
2213
1942
1977
1697
1285
1497
1351
1332
1138
1253
1390
1330
1261
1206
997
727
282
90
-422
-920
-1405
-1938
-2230
-2708
-2740
-3202
-3232
-3438
-3203
-3012
-2690
-2199
-1981
-1428
-1291
-676
-616
-304
-378
-383
-412
-479
-404
-366
-357
-475
-715
-952
-1167
-1331
-1420
-1606
-1677
-1898
-1836
-1944
-1860
-1692
-1489
-1295
-1156
-885
-659
-381
-246
-151
12
252
258
224
222
248
283
200
367
571
862
937
1060
1075
1312
1581
1714
1742
1719
1975
1925
2095
2054
2191
1979
1698
1578
1544
1753
1584
1444
1377
1497
1477
1673
1804
2108
2077
2150
2293
2374
2497
2158
2073
1555
1293
832
356
-65
-527
-798
-1304
-1543
-1743
-1767
-1908
-2021
-1880
-1771
-1636
-1536
-1188
-950
-798
-846
-747
-743
-821
-701
-712
-446
-701
-799
-1045
-1128
-1349
-1618
-1746
-2047
-2138
-2393
-2427
-2522
-2509
-2310
-2140
-1960
-1734
-1400
-1124
-875
-552
-230
-21
-32
-54
-4
71
77
25
42
218
395
615
777
962
1097
1165
1248
1271
1354
1167
1037
795
717
659
449
421
189
96
44
81
301
268
428
568
887
1189
1327
1708
2022
2311
2551
2762
3018
3040
2911
2682
2427
2177
1604
1365
1001
868
563
441
243
27
-12
-161
-190
-414
-454
-623
-610
-736
-603
-570
-612
-673
-826
-775
-838
-759
-916
-1024
-1207
-1451
-1665
-1989
-2202
-2457
-2754
-2970
-3096
-3164
-3236
-3108
-2937
-2620
-2321
-1984
-1737
-1412
-1126
-772
-502
-333
-230
-182
-56
-12
46
133
307
441
643
867
1179
1410
1555
1678
1742
1764
1698
1485
1244
888
795
582
370
121
-112
-137
-317
-281
-342
-186
-108
118
353
666
1026
1466
1712
1988
2275
2529
2741
2717
2846
2716
2582
2212
1919
1620
1351
1129
996
822
723
638
743
764
745
769
508
320
9
-70
-306
-348
-458
-516
-503
-618
-592
-759
-861
-1128
-1438
-1754
-2104
-2429
-2801
-3041
-3227
-3279
-3244
-3179
-3028
-2906
-2841
-2650
-2500
-2257
-2030
-1786
-1425
-1178
-848
-618
-362
-162
-146
-19
47
296
437
553
780
964
1251
1323
1569
1681
1813
1745
1581
1457
1146
1036
634
396
134
-73
-245
-391
-412
-484
-336
-283
-105
14
149
314
422
610
827
1146
1453
1693
1854
2000
2060
1976
1824
1612
1327
1082
852
638
511
407
362
443
469
554
619
616
696
643
656
612
552
519
347
324
181
223
139
128
-41
-325
-420
-745
-999
-1333
-1572
-1776
-1987
-2055
-1983
-1816
-1773
-1641
-1487
-1338
-1240
-1189
-1105
-1074
-993
-913
-845
-648
-510
-415
-309
-190
-108
-28
41
148
232
331
358
427
563
671
744
645
579
319
153
-181
-410
-677
-831
-985
-1114
-1054
-1046
-840
-805
-587
-396
-140
98
252
471
554
804
972
1124
1254
1296
1393
1365
1410
1307
1205
1060
879
734
559
480
354
265
199
249
247
252
273
342
444
367
362
303
318
277
269
305
375
400
299
167
-11
-155
-453
-675
-928
-989
-1031
-1002
-799
-656
-461
-418
-253
-156
-11
13
85
128
152
251
334
478
453
441
383
453
519
565
636
701
714
670
599
575
461
450
312
189
83
-96
-246
-641
-859
-1187
-1326
-1524
-1635
-1614
-1635
-1530
-1492
-1294
-1156
-957
-754
-677
-429
-279
-17
181
376
443
472
574
542
569
516
509
444
337
268
199
162
97
22
-123
-86
-158
-140
-171
-119
-87
-193
-190
-246
-144
-228
-264
-174
-103
-51
-73
-63
-114
-234
-479
-662
-813
-895
-959
-880
-688
-496
-332
-199
15
138
317
479
619
739
872
948
1103
1227
1311
1320
1267
1270
1236
1366
1400
1490
1487
1489
1489
1432
1372
1203
1015
799
584
369
228
7
-244
-515
-733
-951
-1083
-1188
-1283
-1277
-1331
-1195
-1037
-931
-807
-786
-583
-456
-240
-24
210
391
522
676
703
788
661
619
379
228
58
-70
-110
-222
-302
-451
-411
-466
-438
-439
-390
-391
-479
-513
-552
-528
-615
-634
-656
-693
-722
-787
-761
-745
-750
-789
-929
-975
-978
-1001
-969
-880
-819
-738
-669
-582
-410
-250
-47
78
281
436
580
734
913
1047
1149
1152
1208
1235
1260
1293
1294
1279
1293
1340
1302
1313
1296
1192
1045
808
606
375
178
-4
-184
-370
-537
-593
-661
-787
-861
-855
-796
-758
-670
-639
-539
-404
-305
-108
61
298
473
591
745
846
954
876
848
673
514
351
157
-2
-135
-211
-312
-290
-350
-317
-367
-329
-471
-555
-554
-681
-678
-765
-796
-819
-856
-865
-843
-799
-717
-778
-798
-897
-924
-916
-1016
-992
-1032
-1000
-939
-806
-675
-503
-286
-123
92
227
328
453
568
694
806
902
968
1032
1137
1245
1337
1354
1382
1367
1384
1325
1303
1281
1146
1019
830
752
548
424
174
-19
-182
-364
-430
-504
-459
-481
-460
-360
-315
-304
-254
-169
-41
61
206
342
506
565
660
832
987
1031
943
968
867
771
645
534
360
159
-26
-159
-222
-319
-311
-378
-430
-551
-564
-612
-677
-712
-854
-875
-949
-1066
-1084
-1059
-990
-913
-950
-879
-924
-882
-924
-950
-1088
-1164
-1221
-1318
-1314
-1303
-1205
-1076
-930
-789
-579
-449
-244
-141
21
141
198
283
319
395
440
601
631
719
805
907
924
992
1000
955
841
668
607
534
378
217
138
33
-56
-160
-130
-192
-185
-222
-148
-63
51
143
277
483
616
772
868
937
887
909
952
1050
1126
1107
1191
1172
1212
1094
1031
1000
758
587
330
215
94
-12
-95
-195
-190
-253
-238
-266
-304
-359
-455
-487
-659
-656
-587
-543
-512
-473
-416
-393
-307
-335
-315
-401
-434
-521
-658
-779
-918
-944
-969
-943
-871
-731
-618
-480
-354
-236
-126
-91
-111
-152
-192
-188
-185
-154
-122
-92
-25
56
62
107
104
90
4
-51
-139
-252
-299
-419
-393
-495
-517
-561
-536
-545
-517
-390
-327
-220
-166
-14
185
350
527
648
796
830
814
898
924
955
866
852
851
864
887
887
914
837
733
590
470
355
240
116
5
-75
-99
-97
-96
-86
-52
-131
-139
-151
-161
-79
-21
20
54
130
234
365
394
417
456
418
385
286
180
104
-35
-122
-163
-157
-103
-49
47
110
202
254
234
145
22
-65
-186
-269
-333
-407
-396
-374
-326
-297
-285
-366
-399
-575
-626
-746
-926
-1006
-1196
-1184
-1262
-1229
-1257
-1214
-1173
-1152
-965
-905
-723
-567
-446
-277
-140
-19
80
202
212
316
357
447
530
502
491
518
560
554
577
605
605
566
434
362
285
210
63
-33
-63
-96
-64
-58
32
81
129
164
185
226
286
338
367
479
575
702
807
855
926
981
999
992
991
895
808
752
647
573
587
559
533
551
583
628
640
635
542
415
293
164
74
-38
-137
-218
-286
-312
-298
-284
-379
-402
-532
-681
-859
-956
-1093
-1240
-1292
-1394
-1441
-1467
-1437
-1380
-1298
-1185
-1099
-937
-787
-605
-442
-310
-205
-136
-107
-99
12
69
164
164
153
197
216
260
234
300
292
263
205
120
92
52
-48
-171
-280
-399
-460
-527
-569
-541
-476
-382
-340
-236
-96
-12
49
145
224
365
500
607
685
803
889
925
935
927
914
925
908
871
933
918
915
884
877
923
950
917
851
786
698
655
581
492
431
297
173
93
52
25
-12
-83
-139
-250
-388
-494
-619
-733
-829
-995
-1128
-1217
-1288
-1341
-1370
-1320
-1226
-1132
-993
-852
-679
-578
-418
-269
-148
-89
-15
46
116
197
140
168
196
209
201
186
222
202
168
113
102
96
52
-18
-158
-251
-368
-481
-564
-643
-634
-664
-650
-661
-583
-451
-381
-261
-168
3
102
211
303
373
491
523
582
612
669
701
733
757
796
887
915
925
927
967
998
1029
1012
979
953
929
905
855
828
785
707
595
518
486
468
440
346
329
233
98
-15
-131
-245
-392
-543
-708
-802
-908
-1013
-1041
-1106
-1080
-1027
-974
-911
-827
-735
-644
-551
-472
-444
-425
-404
-367
-295
-272
-260
-231
-187
-178
-171
-103
-85
-121
-146
-174
-179
-231
-311
-392
-469
-526
-602
-621
-654
-672
-689
-686
-675
-609
-524
-436
-337
-256
-145
-79
-12
58
168
239
302
388
411
444
451
482
492
547
608
641
682
708
758
791
829
830
797
803
748
763
746
747
775
708
687
637
610
617
593
542
544
506
421
334
215
155
-11
-119
-200
-286
-340
-410
-437
-449
-425
-433
-398
-429
-384
-386
-333
-312
-276
-258
-279
-261
-271
-232
-228
-157
-140
-73
-28
-28
62
76
66
-7
-19
-94
-185
-256
-370
-408
-505
-562
-589
-610
-558
-562
-496
-477
-383
-371
-314
-229
-167
-40
-36
20
48
122
139
180
212
237
233
238
281
275
330
288
263
255
237
233
306
289
304
295
245
329
291
302
276
228
271
239
261
256
261
237
201
203
180
176
123
75
-37
-73
-163
-181
-232
-263
-255
-346
-311
-320
-307
-291
-254
-216
-142
-89
-59
9
-33
-78
-129
-136
-114
-88
-66
-59
-13
-33
43
90
112
145
52
-26
-40
-124
-179
-267
-340
-471
-499
-550
-528
-481
-439
-383
-395
-273
-239
-158
-81
45
104
163
250
339
410
519
498
517
508
432
361
358
334
293
319
321
297
237
262
251
240
228
172
134
188
186
68
102
34
-15
-20
12
17
80
-52
-100
-131
-68
-159
-173
-33
-47
-94
-98
-107
-287
-389
-479
-393
-433
-464
-380
-272
-416
-213
-199
-91
-36
-241
-67
-19
90
-45
248
126
-6
1
-215
-114
-360
-330
-227
-243
-157
-4
45
115
-130
-251
-336
-411
-421
-492
-186
-138
-19
-7
-21
30
-11
172
391
580
708
886
930
951
914
1081
1122
1147
1157
1167
1216
1071
1040
944
856
729
664
701
760
754
773
669
559
488
337
248
141
47
-103
-249
-316
-359
-432
-467
-599
-570
-588
-666
-797
-915
-1018
-1123
-1162
-1175
-1176
-1273
-1308
-1347
-1398
-1502
-1594
-1617
-1744
-1837
-1774
-1704
-1637
-1593
-1483
-1454
-1293
-1201
-1148
-1087
-1122
-1191
-948
-788
-56
1300
2331
2316
2033
2969
3279
2912
2048
2187
1453
-84
-687
182
834
-410
-987
-369
753
285
354
1508
2432
1295
206
920
1944
1904
937
971
1345
1340
766
1168
1530
1530
577
-260
-289
-54
-161
-1180
-1705
-1708
-1428
-1330
-971
-572
-391
-820
-1193
-1082
-603
-659
-1559
-2214
-2053
-1889
-2133
-2125
-1822
-1806
-2305
-2327
-1915
-1547
-1973
-2152
-2178
-1602
-1491
-620
1915
4598
5164
4168
5885
7384
7138
4755
4708
3979
963
-1793
-860
1485
-747
-3599
-3741
-904
-1352
-2588
-1365
1809
530
-3104
-2630
701
1934
-535
-928
539
1609
-16
299
2086
3063
1193
-481
177
1231
1277
-227
-700
-1651
-1735
-1679
-812
-1072
-1303
-1474
-1958
-2378
-2068
-786
-1296
-2699
-2949
-1486
-1144
-1402
-933
-320
-757
-1557
-1359
-715
-1204
-1870
-2441
-2296
-1953
-1353
-1336
-1765
-1732
-1606
-1496
-1695
901
4492
6883
5502
6001
8819
9506
7176
5005
5705
2763
-1588
-3549
147
735
-3456
-6622
-4285
-1715
-3673
-3995
-455
2687
-1312
-3754
-935
3620
2212
-820
-549
1501
1321
-122
1808
4040
4210
1194
419
1083
2014
410
-1444
-3000
-4624
-4712
-3878
-2890
-3814
-3120
-2758
-3040
-3411
-1401
186
-1672
-3530
-2439
-250
-872
-1479
-503
75
-1598
-2504
-1381
-491
-1250
-2394
-2467
-1901
-1031
-343
-511
-913
-553
-778
-1266
-1115
2792
6863
8217
6342
7806
11176
10550
7165
5486
6249
1499
-3780
-4117
1419
833
-4657
-6948
-3005
-1077
-4313
-3978
842
2730
-3522
-5294
-628
4380
1815
-687
915
3230
2554
1792
4699
6430
5524
1704
682
614
986
-1332
-3931
-5902
-6338
-5103
-3765
-2558
-2410
-1087
-1164
-1536
-1539
763
968
-1822
-3778
-2322
-1278
-2775
-3378
-2463
-2630
-4504
-4642
-3354
-2558
-3431
-4024
-4398
-3361
-1881
-1175
-1789
-1697
-1215
-1773
-2368
-1710
3424
7594
8841
6087
8907
11747
10527
6021
4920
5305
-1035
-5926
-4266
2959
182
-5492
-7025
-1406
-1311
-5014
-3548
2669
2497
-5753
-5159
1659
6770
2099
1235
3745
6295
4271
4419
7311
7816
5120
73
-1276
-1378
-184
-3541
-6031
-7239
-5338
-3820
-2095
-485
361
919
-230
-818
1
2610
1062
-2878
-3776
-1404
-1107
-2716
-2495
-1606
-3385
-5309
-4737
-3162
-3215
-3740
-4725
-4785
-3140
-956
-59
-1142
-736
-893
-1281
-3150
-639
5374
9413
7883
4928
9952
11560
8722
3004
4777
2433
-5266
-8994
-2074
4266
-1912
-7631
-5777
1062
-2251
-4559
-734
6244
467
-6752
-3036
5813
6713
999
2094
5053
6381
3459
5970
7467
6957
1430
-2645
-3872
-2385
-2025
-5855
-7629
-7443
-4029
-2818
-581
451
1729
597
-1074
-382
2175
3002
-574
-3025
-2103
-191
-1543
-2126
-1353
-2605
-5855
-6344
-4558
-4263
-4900
-4532
-4068
-3713
-1356
1649
2116
-124
-93
-158
-1142
-3306
669
6862
9235
5411
5332
11488
10835
6069
2542
5453
-642
-8010
-7876
1990
3064
-5424
-8358
-2588
982
-4329
-3403
3182
6509
-3262
-5805
1299
8147
4227
1091
3672
5690
4628
3652
6895
6356
4030
-1620
-4229
-5433
-2760
-3660
-7075
-8629
-6036
-2478
-1812
-118
1340
2247
-783
-1553
784
3592
1556
-1917
-2135
-71
-392
-2130
-1295
-1244
-4616
-7348
-5425
-3968
-4812
-5116
-3174
-2809
-2160
528
3385
1649
-573
-872
-516
-2698
-2466
4202
9347
7706
3245
9080
11662
8290
2205
4430
2681
-5921
-9319
-1150
6089
-1409
-7576
-5045
1401
-3017
-5193
49
6628
-510
-7343
-1923
6658
6505
1891
4108
5864
5246
2906
6510
6202
3214
-1990
-4898
-7137
-6006
-3310
-5158
-7533
-7076
-1766
514
2088
2926
4291
1952
-956
-185
3224
3357
-903
-2766
-1054
313
-1461
-1389
-440
-2783
-7192
-7140
-4340
-4277
-5327
-4106
-2379
-1928
-433
2587
3300
531
-1244
-1323
-1537
-3497
694
6963
9654
4186
5118
10680
9928
3783
1279
4186
-2723
-9250
-6868
5211
3898
-4737
-7099
14
269
-5522
-3575
4021
3884
-6764
-5989
2472
8113
3217
3583
6090
6772
3385
4618
6999
3840
-602
-4979
-6294
-8362
-4530
-3920
-5203
-7342
-3326
1087
2333
2632
3470
3492
-1162
-2272
288
3355
279
-2310
-1276
1000
-177
-1712
-432
-1135
-5352
-7741
-5341
-3798
-4790
-4624
-2045
-679
-131
1621
3694
1994
-830
-2341
-1667
-3436
-1580
4744
9783
6174
3772
9374
10557
5786
755
3895
-226
-7758
-8615
2844
6453
-1709
-6886
-1845
1564
-4698
-5642
1137
5236
-5031
-8165
-617
7624
4548
2757
6094
7610
4414
2898
6830
5191
961
-4596
-5898
-7886
-5008
-3215
-3834
-5750
-4326
522
2345
3230
3319
4094
-623
-3333
-1502
2656
1301
-2206
-1837
693
653
-1626
-344
-268
-3881
-7858
-6316
-3990
-4349
-5172
-3294
-1303
-949
151
2586
2346
-609
-2862
-2021
-2592
-2828
2272
8924
9153
3601
7529
10766
8365
887
2022
1902
-5353
-9908
-2006
7661
2123
-5176
-4071
2628
-2067
-5922
-2342
5122
-1368
-8814
-4423
4819
6024
1987
4845
7015
6501
2783
6342
6149
3157
-2483
-4328
-6190
-5689
-2182
-2564
-4373
-5863
-463
1919
2590
1039
2798
645
-3448
-3301
1186
3257
-910
-2012
251
2695
-244
-1192
-437
-1954
-6639
-7475
-4619
-3604
-5006
-4734
-1965
-754
-658
628
1794
-157
-2814
-3496
-2375
-3197
276
6451
10447
5781
5915
10107
9738
3804
721
3077
-2519
-8517
-6183
5950
5717
-2119
-4855
1571
1097
-5066
-4719
2384
2014
-7964
-7495
553
6195
2026
2954
5832
7120
3546
4565
6884
4291
-191
-3735
-4424
-6262
-2467
-1582
-2802
-6252
-2823
1815
2367
157
452
1585
-2926
-4507
-1153
4033
1325
-1887
-868
3159
1797
-1467
-1385
-1145
-4567
-7793
-5955
-3346
-3608
-5203
-3300
-958
-136
-353
639
-86
-1835
-3914
-3304
-3316
727
6593
10417
7021
6380
10163
8712
4147
631
2490
-3645
-9046
-6801
5340
6433
-691
-3273
1942
1905
-4594
-4180
1408
1639
-8376
-7782
-544
5420
2185
3189
6111
6796
4420
4802
7698
4401
746
-2867
-3182
-5392
-1628
47
-1707
-5588
-4064
1058
1206
-954
-2115
-124
-3993
-6149
-2987
3563
2439
-1687
-1089
2818
2514
-1411
-1592
-1301
-3531
-7064
-5529
-2559
-1851
-3641
-3180
-1166
95
-281
-568
-736
-1707
-4043
-4336
-3718
980
7100
10648
7623
6558
10361
8493
4046
355
2474
-3502
-9601
-7364
5395
8027
423
-2357
2434
2639
-4665
-4649
641
868
-9245
-8946
-1499
4292
1612
2585
5830
6167
3855
4197
7570
4641
782
-2077
-1859
-3955
-793
1657
246
-4128
-4063
137
886
-1328
-3220
-1292
-3681
-6186
-3684
3113
3415
-564
-1196
2161
2215
-1682
-2787
-2230
-3544
-6434
-5460
-2603
-1045
-2389
-2796
-1487
-110
-711
-2009
-2628
-3222
-4468
-5416
-4357
2412
9365
11025
6180
7510
10202
6957
908
74
1853
-5226
-9608
-3778
9163
7438
357
-449
4304
378
-5977
-3990
951
-3106
-11331
-6907
686
3656
1025
4605
6198
4779
1820
4411
5776
1978
-1081
-1294
-976
-2282
2227
4403
2473
-3162
-2519
-132
-277
-3364
-4195
-2684
-4634
-6009
-2569
4045
3725
130
-133
2985
1675
-2307
-3105
-2179
-3367
-5011
-3135
45
873
-353
-1168
-318
-172
-1082
-3293
-3931
-4225
-4632
-5433
-3334
4891
11032
10532
4989
7818
8410
4099
-2111
-277
302
-6653
-8864
345
11701
6572
279
1354
5013
-2608
-7808
-3606
699
-6805
-12115
-4806
2450
2060
247
4966
5280
2130
-389
3752
3581
-105
-2069
173
352
60
3744
6007
3223
-2509
-2519
-1341
-2094
-5514
-5071
-3655
-4303
-4913
-812
3812
2950
-485
-514
1065
-617
-3769
-4259
-2856
-3029
-2796
-692
2190
2286
1026
-576
-522
-887
-2273
-4799
-5049
-4367
-3705
-4202
326
8889
12871
8936
5780
8490
5908
815
-2652
683
-1955
-6386
-4196
7241
11555
5071
1614
3941
2434
-6237
-7027
-1739
-2358
-10968
-9035
-805
2664
-212
2191
4845
2113
-2054
-684
2498
-538
-2567
-982
2712
1754
3451
6339
7229
1753
-2133
-1850
-2043
-4940
-6622
-4572
-3902
-4296
-3095
1594
2654
98
-1909
-800
-1920
-4382
-5633
-4121
-3258
-2457
107
3197
4145
2848
2120
472
-840
-2570
-3783
-5877
-5966
-4923
-3061
-2796
1461
8868
11982
8142
5729
7457
4200
-396
-2212
1120
-1040
-3798
-387
9486
11557
5623
2684
4224
977
-7143
-7041
-1610
-3073
-10373
-6448
1257
2230
-1394
2009
4032
-516
-4845
-1453
1748
-1309
-2154
1679
5840
4382
4460
6952
7611
1466
-2928
-2207
-1930
-5211
-6141
-3238
-2121
-3524
-2004
1890
1089
-2685
-3667
-2502
-4521
-6773
-5956
-2917
-1943
-1060
2420
5846
4968
2117
1272
389
-2260
-5216
-5424
-5474
-5876
-5160
-2095
-639
-271
4798
8934
7758
3202
4415
3705
262
-2083
1288
3056
-119
326
6825
12011
7154
2775
2373
2366
-5162
-8133
-3740
-472
-6753
-7903
-1224
1301
-2292
-2489
1919
-1261
-5450
-4543
1463
885
351
3116
7503
7073
4930
6393
7349
3766
-2472
-2467
-1213
-2195
-4204
-1832
-471
-2324
-2522
90
-196
-4037
-4733
-3772
-5111
-7041
-4781
-1197
53
862
3758
6288
4986
2387
1143
704
-1751
-4761
-5263
-3715
-3624
-3782
-1815
-45
-1415
-3656
213
3870
3204
-244
3006
4235
1904
1809
5989
6994
1680
1176
6084
9686
4639
1816
2920
2660
-4044
-6790
-2041
666
-5902
-9622
-4641
-1926
-5577
-6131
-1222
-1594
-4708
-3375
3079
3716
3063
4359
6203
4320
3110
4681
5015
2490
-507
473
2385
2219
209
286
25
-2275
-4284
-3234
-2828
-4349
-5522
-4368
-3732
-2880
-475
1737
2486
2700
3531
2942
2218
1698
1573
134
-1314
-1820
-1346
-950
-839
-756
-1374
-2377
-4166
-4998
-5605
-3361
-741
1481
2050
4637
7684
7536
6239
5332
5120
1716
85
1911
5629
5601
4110
3727
3332
-278
-3815
-3978
-4346
-8744
-11405
-8318
-5897
-6745
-5473
-379
965
-281
58
3020
2747
397
-733
680
1582
951
880
2870
4487
3790
2966
3179
2269
-935
-2168
-2479
-3769
-5263
-3065
-2294
-3947
-3879
-78
1658
225
990
2996
2367
-774
-33
2142
2695
998
933
1806
1652
443
135
156
-1557
-3536
-4231
-3742
-4136
-4216
-3063
-1626
-1839
-910
3461
6438
5003
3535
4879
4878
2439
2503
5631
6413
3750
3448
5275
4518
944
-1216
-2789
-6131
-8994
-8176
-5614
-5000
-4417
-2436
366
1433
1552
1751
2458
1453
-1102
-1420
829
2297
793
951
2954
4705
3500
2574
1958
768
-1784
-3988
-3897
-2461
-1465
-2509
-2795
-1569
708
1470
1626
2234
2569
1549
-120
633
2294
2617
1314
993
1725
1462
9
-769
-1159
-3398
-5444
-5337
-4115
-4507
-5060
-3878
-2302
-2254
-1532
1345
3088
2028
580
966
1316
1261
2139
4454
5447
4865
4579
4632
3102
-29
-2218
-3748
-5616
-7387
-5877
-3351
-2736
-2730
-249
2371
2170
953
1178
1456
-171
-1313
-378
1915
2991
3204
3610
5114
6163
5192
3132
1826
540
-2084
-4158
-4291
-2401
-1247
-1355
-1908
-550
1358
1247
527
1277
1464
-790
-1956
18
1948
1504
837
1064
1547
333
-943
-1730
-2232
-4295
-6239
-6096
-4760
-4115
-4118
-3240
-2590
-2700
-2220
-272
231
-254
-399
238
-32
844
3009
4715
4662
4243
4348
3528
1635
-803
-2576
-3798
-4563
-5460
-4239
-1634
-369
-517
902
2973
2626
757
719
1847
1418
783
1930
4153
5200
5109
5025
5631
6109
5261
3297
2406
1897
-16
-2507
-2645
-1283
-1211
-1884
-1480
-237
483
829
1170
1910
1920
1061
328
1411
2544
1801
599
681
633
-1379
-2512
-1835
-2244
-4324
-5069
-3529
-3414
-4374
-4265
-3475
-4286
-5562
-4604
-2744
-2097
-2385
-1575
-487
130
678
2224
3624
3390
2214
1866
1784
-265
-2471
-3571
-3459
-4320
-4995
-3863
-1971
-1397
-1273
28
975
838
-107
65
885
1724
2106
2843
4233
5555
6008
5140
4809
4634
4074
2677
2430
2664
1940
522
-227
-33
-374
-1317
-2195
-1849
-854
213
1326
2866
3822
3579
3460
4451
4728
3328
1717
992
-116
-2132
-2993
-1726
-1107
-2304
-2973
-1769
-984
-1986
-3514
-3721
-4298
-6068
-6624
-4757
-2947
-2906
-2171
-468
731
1056
2506
3468
2493
1279
766
17
-1873
-3025
-4172
-4530
-4575
-4444
-4056
-3015
-2214
-2854
-2725
-1978
-1616
-2285
-1624
-214
776
1995
3801
5071
5373
6395
5785
4023
2833
3226
2734
2005
2414
2633
1771
710
913
661
40
-1122
-1893
-1910
-589
1184
2596
3883
4844
5100
5317
6021
5581
3409
1637
651
-1370
-2588
-1284
328
-351
-815
403
1122
250
-608
-1264
-3561
-5799
-6000
-4778
-4015
-2949
-1444
-467
-167
1092
3101
3570
2166
508
-280
-1176
-2593
-3643
-4244
-4620
-5080
-5201
-4454
-3546
-3285
-4200
-4718
-4745
-4345
-4104
-3162
-1517
-405
706
1945
3372
3999
4627
4242
2872
1352
1295
2010
2281
2371
2287
2091
822
-40
-380
-234
-867
-1696
-1437
214
2049
3206
4391
5429
5323
4874
5269
5091
3407
1907
1302
82
-576
427
1774
1594
1123
1254
1579
823
-302
-1301
-2776
-3913
-4053
-3188
-1888
-516
322
1026
1344
1890
2572
3006
2445
1558
703
106
-340
-1091
-2205
-3180
-3616
-4167
-4685
-4727
-3994
-4325
-5105
-5232
-4382
-3910
-3699
-2432
-1077
-245
-136
800
1551
2296
2527
1823
778
451
1368
1575
1481
1194
848
-793
-2495
-2896
-2452
-2268
-2451
-1589
-101
1861
3198
4244
4877
4530
3791
3291
2892
1735
1317
1067
371
15
1184
2664
2431
1798
1825
1877
207
-1332
-2177
-3001
-3827
-3459
-2128
-873
247
1145
1860
1810
1979
2206
2196
1565
1231
1023
770
531
227
30
-727
-1494
-2538
-3072
-3532
-3645
-3983
-3856
-3405
-3072
-2647
-2132
-927
-506
42
309
846
691
944
1885
1934
1283
937
2024
2106
1806
1111
692
-723
-2657
-3599
-3657
-2702
-2286
-1354
-315
1712
2966
3386
3416
3475
3352
2434
1576
822
1044
696
351
682
1780
2250
1954
1712
1698
1384
238
-897
-1821
-2610
-3028
-2506
-1317
-366
371
1130
1796
1797
1620
1775
1616
1132
678
851
535
192
-291
-381
-855
-1541
-2278
-2732
-3012
-3406
-3581
-3525
-2820
-2651
-2539
-2490
-1506
-1094
-987
-575
92
63
-92
1294
2072
1792
1116
1818
1877
1104
349
-316
-1331
-2899
-3479
-3610
-2618
-1495
-668
-178
1274
2575
2597
2127
2057
2227
1520
843
665
1093
1066
884
1363
2186
2194
1403
1382
1596
912
-456
-831
-905
-1831
-2384
-1346
213
366
326
1175
2079
1701
1312
1402
1430
1204
1118
1192
1080
899
16
-744
-967
-977
-1898
-2578
-2315
-2328
-2908
-2447
-1326
-1484
-2254
-2211
-1545
-1314
-1167
-298
528
304
55
1176
2544
2501
1633
1452
1819
1060
-156
-686
-906
-2320
-3670
-3440
-2012
-1005
-702
48
1230
1957
1874
1930
2164
2337
1531
835
979
1446
1147
714
1260
1756
1520
1030
1508
1741
834
-421
-765
-578
-1175
-1607
-962
8
11
-88
670
1519
1627
1209
1056
1016
1176
1382
1116
739
604
-54
-1121
-1367
-1127
-1538
-2373
-2349
-2216
-2531
-2543
-1956
-1594
-2126
-2435
-2183
-1602
-1293
-830
-125
177
83
386
1588
2240
1916
1382
1475
1016
-173
-1093
-1374
-1754
-2984
-3361
-2375
-960
-844
-901
99
1261
1139
689
1390
2067
1203
155
676
1181
789
191
846
1270
826
509
1174
1624
715
-325
-690
-386
-741
-1031
-544
262
102
-212
510
1351
1408
921
1112
1130
1085
1433
1726
1296
415
-18
-527
-758
-988
-1299
-1418
-1191
-1009
-1293
-1211
-897
-1069
-1861
-1843
-1463
-1414
-1251
-523
152
234
711
1254
1682
1822
1907
1999
1820
1414
697
-73
-641
-832
-1300
-1559
-1018
-64
6
-69
566
1312
1345
1126
1730
1999
1615
924
962
838
376
-261
-465
-222
-349
-454
-383
368
303
-277
-892
-735
-875
-1606
-1585
-936
-540
-736
-158
624
892
646
857
1023
744
780
891
595
-77
-455
-495
-597
-802
-1031
-933
-647
-647
-1039
-1125
-1010
-1427
-2199
-2045
-1381
-1418
-1353
-598
42
-21
311
1054
1035
621
667
1070
1059
941
838
390
-208
-621
-838
-930
-607
-138
35
207
809
1393
1847
1962
2117
2104
1908
1453
1095
921
506
-164
-606
-345
-131
-64
-367
-205
-231
-613
-1029
-1176
-1341
-1796
-1761
-1376
-739
-404
229
683
648
777
1019
994
322
161
123
-336
-847
-738
-108
-342
-820
-943
-527
-589
-610
-523
-694
-1163
-1438
-1183
-926
-595
-422
-48
59
149
388
1007
1335
896
366
481
842
815
866
980
745
-105
-581
-649
-685
-731
-490
-217
-56
646
1444
2069
2183
2421
2373
2035
1565
1252
1067
570
7
-173
128
168
337
268
97
-278
-771
-1079
-1488
-1878
-2260
-1973
-1449
-914
-255
688
1167
722
748
1226
1145
4
-349
-12
-501
-1301
-1255
-315
-509
-1283
-1455
-958
-875
-1215
-1408
-1341
-1396
-1907
-1741
-979
-314
-365
74
607
544
275
797
1294
727
85
203
814
789
878
1030
961
142
-608
-906
-811
-784
-840
-314
206
845
1465
2335
2652
2587
2347
2186
1705
1173
975
702
389
341
654
921
929
683
280
-232
-632
-1158
-1643
-1975
-2099
-1878
-1455
-678
132
693
963
716
749
891
783
55
-424
-412
-557
-858
-947
-449
-568
-1208
-1758
-1479
-1153
-1448
-1874
-1833
-1425
-1641
-1546
-712
49
-208
-315
137
339
99
236
1037
866
372
346
900
763
366
129
-21
-515
-1172
-1332
-1229
-855
-826
-348
403
1416
1674
1884
2394
2482
1966
1618
1788
1519
1000
789
1054
1127
1096
1114
1059
686
85
-565
-850
-989
-1338
-1823
-1538
-882
-716
-470
445
987
565
198
487
874
573
227
244
457
195
-182
-200
1
-420
-1287
-1724
-1510
-1335
-1438
-1379
-1033
-581
-764
-805
-364
-8
-276
-664
-508
-339
-429
-272
476
699
518
552
860
720
163
-315
-761
-1146
-1787
-2150
-2055
-1492
-914
-351
644
1711
2060
1724
1776
1844
1354
799
899
1042
655
609
1103
1658
1522
1336
1067
667
-85
-845
-1060
-1196
-1428
-1700
-953
-112
343
599
1074
1344
747
316
311
403
76
-59
242
708
843
680
562
285
-268
-1093
-1511
-1430
-1530
-1739
-1343
-621
-34
240
505
751
566
282
20
-65
-317
-602
-533
-75
343
495
769
957
633
-254
-946
-1253
-1666
-2166
-2542
-2400
-1999
-1323
-597
435
1365
1614
1265
1153
1362
846
234
191
423
153
25
617
1404
1306
788
453
244
-261
-1100
-1527
-1604
-1573
-1664
-1052
107
948
1157
1188
1359
1148
705
361
325
228
80
319
897
1246
1224
1056
517
-256
-925
-1279
-1509
-1790
-1825
-1396
-764
-83
559
1064
1190
822
473
423
409
153
-204
-111
96
285
541
1006
1176
732
-175
-960
-1189
-1538
-1854
-2278
-2252
-2009
-1221
-368
667
1527
1558
1039
649
914
755
361
185
436
151
12
644
1466
1291
478
-131
-622
-950
-1309
-1491
-1613
-1512
-1497
-1141
-153
967
1119
837
816
871
514
318
466
383
211
451
1010
1158
1343
1196
687
-137
-601
-984
-1384
-1630
-1637
-1381
-771
58
571
945
1133
1007
629
702
883
623
155
133
410
521
796
1218
1219
626
-191
-790
-1097
-1308
-1551
-1885
-2092
-1895
-1340
-572
299
924
1064
765
661
653
518
297
261
297
53
-2
456
988
960
444
-165
-640
-1122
-1371
-1515
-1503
-1373
-1233
-910
-194
572
825
654
506
378
102
42
142
119
167
536
924
985
945
951
516
-285
-817
-1071
-1320
-1526
-1609
-1206
-443
159
370
713
975
758
399
461
805
686
397
458
666
699
757
927
798
110
-813
-1298
-1458
-1535
-1550
-1426
-1272
-1060
-634
-8
520
669
504
375
412
456
508
631
791
735
512
420
565
616
387
-64
-496
-933
-1230
-1258
-1093
-979
-1010
-714
-366
-121
93
462
713
509
396
547
863
968
1030
1184
1525
1550
1192
861
822
483
-295
-872
-1035
-989
-1176
-1281
-883
-227
52
50
214
584
554
432
510
906
1095
1015
1073
1223
1232
1004
789
436
-148
-1098
-1500
-1612
-1731
-1818
-1494
-1088
-909
-555
-164
113
-7
-100
-204
-57
106
310
538
834
1080
1032
922
910
720
285
-208
-594
-916
-1174
-1131
-1036
-1032
-1053
-780
-661
-785
-873
-587
-475
-483
-365
72
594
872
1166
1355
1614
1492
1038
422
302
173
-357
-860
-975
-863
-993
-972
-704
-231
-216
-350
-448
-205
-7
80
215
608
1019
1186
1441
1558
1549
1189
717
65
-549
-1116
-1529
-1749
-1706
-1516
-1353
-1098
-645
-412
-444
-522
-638
-674
-606
-342
-17
438
884
1295
1560
1697
1638
1524
1309
935
464
181
-40
-355
-379
-173
-168
-538
-550
-479
-743
-1131
-938
-628
-647
-557
48
722
1066
1393
1717
1928
1691
1322
892
749
602
219
-366
-515
-451
-589
-694
-427
-60
-389
-689
-643
-438
-369
-147
188
486
786
1125
1386
1453
1496
1418
1004
281
-271
-530
-797
-1099
-1257
-1180
-1049
-1003
-809
-525
-409
-721
-946
-1039
-885
-668
-494
-182
181
590
816
1057
1126
1101
1009
796
481
365
384
131
-94
-62
-36
-412
-595
-588
-800
-1260
-1406
-1187
-1152
-1018
-556
34
358
617
946
1195
1069
717
439
368
287
51
-244
-371
-444
-728
-963
-867
-698
-1000
-1293
-1165
-830
-683
-560
-166
180
343
571
917
1056
997
918
739
343
37
-70
-151
-397
-657
-615
-594
-608
-502
-485
-452
-639
-631
-508
-259
-63
56
297
578
736
820
1119
1069
865
861
1012
903
728
790
767
428
194
314
185
-161
-344
-432
-617
-770
-618
-482
-275
-1
307
601
876
1123
1046
894
723
553
378
415
390
226
-21
-67
-240
-576
-689
-631
-776
-1105
-1088
-929
-704
-605
-312
4
294
549
616
727
784
732
426
206
16
-84
-291
-368
-366
-398
-492
-440
-311
-422
-562
-644
-516
-460
-326
-81
86
239
432
584
611
725
678
492
414
497
494
399
430
415
221
-22
-133
-219
-409
-623
-790
-891
-891
-815
-742
-530
-172
41
125
362
713
688
457
419
495
348
185
255
275
5
-178
-192
-308
-497
-649
-664
-791
-845
-764
-565
-432
-283
-52
123
312
506
613
616
665
569
402
178
61
-88
-309
-385
-478
-545
-434
-258
-278
-457
-498
-362
-288
-288
-104
83
175
188
278
435
461
406
321
517
606
555
492
635
529
184
-15
24
-70
-394
-444
-407
-460
-659
-624
-449
-307
-209
34
223
393
534
555
503
409
347
308
348
350
352
187
94
-12
-241
-368
-513
-554
-625
-570
-443
-395
-317
-149
87
217
305
458
584
620
669
718
634
400
162
16
-130
-334
-417
-479
-497
-407
-340
-393
-422
-270
-149
-172
-136
71
223
261
266
395
462
283
211
349
474
436
398
473
464
235
21
-38
-37
-265
-543
-527
-434
-592
-672
-491
-286
-244
-245
-105
18
75
-28
-100
-42
-14
-30
0
101
132
3
-90
-128
-224
-330
-508
-515
-526
-400
-286
-228
-111
51
237
301
414
451
451
385
476
573
638
476
276
154
-83
-250
-353
-430
-463
-379
-282
-261
-91
86
159
92
90
220
242
227
258
379
383
355
441
614
666
622
574
553
518
292
129
67
47
-12
-188
-235
-195
-257
-350
-303
-152
-25
-90
-119
-22
55
-38
-257
-324
-267
-299
-366
-270
-157
-236
-444
-468
-482
-569
-681
-661
-619
-539
-403
-405
-339
-237
-27
30
128
248
319
258
210
350
402
293
83
29
-120
-234
-401
-477
-440
-411
-360
-361
-107
127
167
37
179
376
276
195
305
416
281
212
394
615
584
546
602
660
649
516
363
236
123
19
-62
-22
44
21
-57
28
170
343
344
383
327
301
311
152
54
-24
-6
-170
-129
-76
-73
-252
-299
-308
-470
-575
-600
-486
-522
-409
-426
-323
-253
-72
51
95
224
281
304
251
333
310
155
-86
-201
-297
-400
-511
-600
-578
-470
-448
-511
-426
-220
-256
-350
-222
62
126
47
108
307
302
191
268
430
474
410
455
490
562
511
343
156
87
55
-59
-138
-64
6
-93
-74
99
378
464
492
517
482
379
187
85
12
26
-6
-24
1
-4
-47
-140
-236
-393
-552
-667
-663
-645
-597
-556
-531
-454
-274
-140
-46
96
200
250
190
188
210
164
-61
-104
-118
-228
-424
-545
-475
-462
-474
-482
-370
-310
-376
-376
-292
-131
-88
-115
-30
186
266
210
286
347
361
320
424
494
499
546
482
321
244
254
143
-60
-122
3
-61
-62
99
321
463
452
595
652
578
365
263
194
168
177
265
302
290
352
286
196
94
-106
-289
-391
-491
-497
-465
-350
-278
-181
-16
107
182
283
348
280
219
277
217
68
9
-31
-150
-331
-338
-308
-377
-466
-523
-595
-661
-614
-596
-602
-447
-379
-388
-421
-264
-121
-156
-167
-11
128
124
162
273
336
279
211
153
205
203
114
-12
-12
-31
-135
-126
27
183
270
362
469
486
365
288
279
163
177
273
392
370
420
446
386
313
195
105
-45
-146
-311
-416
-397
-304
-303
-232
-54
57
152
225
308
268
191
165
179
131
116
85
-16
-152
-240
-278
-358
-387
-425
-462
-531
-484
-457
-532
-537
-459
-433
-465
-351
-225
-177
-252
-194
-34
41
53
161
251
236
88
39
55
36
-71
-177
-103
-134
-201
-197
37
168
390
250
152
13
-271
-468
-420
-132
0
285
757
951
874
626
304
-64
-413
-507
-278
-7
230
367
379
296
-53
-386
-506
-446
-215
111
549
786
846
818
719
428
230
116
0
-139
-36
-38
65
-345
87
490
170
-9
328
108
-784
-850
-515
-788
-909
-449
367
673
609
849
645
24
-529
-774
-624
-398
-115
440
921
783
454
131
-249
-884
-970
-716
-554
-304
192
655
530
306
264
30
-364
-443
-126
3
137
523
680
879
716
1026
836
202
-219
-568
-1033
-1518
-1025
-564
-255
175
813
1090
846
335
-171
-799
-1125
-1068
-602
232
917
1188
1262
913
77
-700
-1100
-1300
-1189
-721
-65
250
469
574
358
-231
-650
-774
-1084
-1171
-754
-119
137
503
857
905
525
247
97
-214
-410
-290
-91
18
237
474
460
250
54
-129
-318
-393
-327
-170
4
-4
155
246
231
124
173
260
201
169
342
459
456
141
207
85
-239
-425
-422
-296
-390
-263
-165
10
117
248
292
211
128
96
-82
-45
67
177
251
253
360
258
35
-208
-271
-364
-422
-402
-197
-27
43
60
9
-113
-332
-438
-570
-530
-236
48
328
596
782
802
488
213
-2
-180
-369
-314
-104
58
184
336
342
189
-10
-300
-463
-504
-387
-312
-199
-103
272
211
211
345
421
48
-177
-92
-113
-242
-208
59
161
124
145
233
37
-194
-508
-677
-627
-397
-51
265
579
701
589
347
220
33
-216
-261
-92
181
283
439
499
511
328
138
-37
-262
-323
-383
-305
-166
50
156
186
67
18
-1
-36
-63
44
280
362
347
394
465
336
53
-55
-90
-165
-223
-68
89
97
92
120
10
-207
-386
-398
-524
-512
-317
-100
8
198
387
301
131
48
122
-50
-191
-167
-186
-237
-255
-187
-139
-180
-314
-492
-514
-487
-456
-410
-206
-69
4
70
194
269
191
111
113
133
68
56
65
116
32
54
-31
-169
-218
-258
-308
-320
-175
-97
-89
-119
-33
-4
52
74
144
310
375
439
502
519
457
350
206
148
147
67
14
55
96
67
6
-33
-93
-274
-336
-359
-390
-309
-150
18
121
264
404
331
292
316
257
80
-54
-57
-114
-128
-40
71
19
-69
-253
-463
-570
-536
-481
-362
-65
117
236
362
458
336
85
3
-38
-106
-50
138
238
266
365
259
32
-92
-149
-287
-407
-275
-187
-168
-122
20
58
53
22
53
35
81
165
153
221
371
458
479
537
546
421
91
-58
-186
-306
-349
-301
-213
-103
-28
-64
-113
-180
-225
-324
-254
-55
17
161
321
478
504
470
413
268
104
-7
-110
-119
-81
-50
-93
-150
-151
-145
-243
-338
-329
-337
-388
-334
-109
-14
50
129
259
199
127
23
34
-11
-95
-151
-171
-224
-263
-280
-307
-323
-352
-285
-318
-316
-287
-196
-159
-158
-99
18
123
137
173
223
262
277
318
399
471
402
249
229
170
60
-125
-207
-216
-283
-336
-197
-58
-59
-23
12
116
131
145
200
277
349
368
336
338
278
111
-5
-36
-47
-105
-87
-100
-125
-108
-141
-168
-228
-244
-313
-343
-266
-125
-35
51
190
232
216
153
157
104
41
-12
-76
-128
-150
-165
-221
-164
-94
-99
-157
-167
-173
-193
-153
-120
7
96
270
377
422
403
404
338
288
372
373
338
306
312
276
205
106
-21
-167
-287
-370
-375
-277
-200
-120
-7
94
186
192
221
233
275
249
222
207
149
80
39
-9
2
2
-28
-74
-95
-115
-218
-256
-237
-252
-302
-235
-206
-160
-127
-26
87
156
156
116
9
-37
-97
-153
-184
-167
-166
-175
-157
-183
-153
-129
-234
-302
-339
-335
-311
-268
-150
-54
62
152
170
171
174
154
124
155
204
175
94
46
24
-50
-122
-142
-153
-194
-314
-350
-299
-395
-404
-319
-189
-143
-31
124
191
246
235
255
219
187
141
100
105
76
70
123
143
152
102
35
-9
-93
-212
-254
-198
-113
-71
58
193
242
289
285
237
177
159
124
127
146
195
231
223
192
141
67
-20
-73
-69
-125
-130
-71
-30
-18
20
130
184
195
246
264
245
177
181
240
217
202
198
198
114
27
-38
-61
-165
-275
-247
-221
-204
-219
-159
-86
-107
-122
2
90
80
115
202
169
106
107
123
64
-12
-18
-10
-11
-63
-49
-99
-169
-191
-195
-228
-205
-193
-201
-177
-139
-17
63
89
119
146
124
56
-31
-51
-127
-193
-187
-119
-63
-53
-29
-4
-91
-184
-250
-300
-312
-321
-235
-117
26
118
171
190
94
17
-30
-95
-122
-123
-80
-19
25
-3
-2
-36
-140
-276
-280
-298
-341
-315
-177
-56
-1
90
186
224
164
133
123
98
74
97
162
224
212
199
234
204
128
29
-30
-84
-159
-137
-81
-49
-17
101
157
224
275
311
298
195
159
123
102
112
95
40
34
57
71
35
33
27
-68
-180
-203
-202
-182
-113
-1
67
157
224
205
146
111
33
-33
-16
-7
31
69
123
110
79
22
-49
-193
-246
-281
-270
-216
-151
-59
6
21
-3
16
19
11
-34
-38
-2
43
42
90
167
190
146
106
113
59
-29
-95
-125
-170
-201
-164
-75
3
37
75
83
103
129
149
159
178
152
137
186
268
233
161
128
53
-46
-111
-121
-110
-140
-160
-137
-114
-113
-147
-198
-188
-117
-55
-33
48
110
61
16
25
21
-2
11
21
35
-15
-70
-141
-221
-251
-283
-286
-232
-222
-213
-173
-168
-176
-199
-160
-133
-101
-40
109
119
109
136
119
49
30
40
40
51
23
1
-113
-153
-226
-276
-243
-117
-52
24
133
256
289
259
256
209
110
76
112
159
206
201
255
258
233
168
81
18
-65
-131
-151
-91
-22
-24
-22
19
61
107
129
169
216
216
207
235
248
225
193
172
145
91
33
-66
-144
-236
-264
-256
-254
-226
-204
-179
-232
-253
-194
-143
-143
-115
-59
16
-29
-1
91
111
149
161
185
142
64
-12
-117
-217
-279
-346
-354
-299
-247
-182
-93
-63
-51
-39
-38
-33
-53
-19
1
34
91
121
88
98
73
36
-14
-26
-63
-111
-128
-118
-126
-90
-64
-53
-49
-16
44
92
131
180
244
262
305
369
355
319
294
271
210
214
182
103
61
28
18
-4
27
78
70
13
28
10
-26
-5
20
66
122
190
210
248
279
246
182
142
143
104
32
3
-18
-124
-185
-195
-209
-248
-251
-218
-231
-224
-220
-189
-191
-181
-156
-137
-98
-97
-85
-101
-65
-72
-108
-58
-78
-108
-133
-179
-234
-289
-286
-256
-232
-181
-68
9
49
50
82
39
-5
25
85
131
174
224
240
207
183
147
84
10
-20
-53
-89
-76
-43
-20
-48
-62
-34
-29
-48
-37
-7
6
21
30
100
148
170
188
154
127
49
-51
-95
-117
-182
-192
-168
-157
-141
-102
-99
-114
-166
-147
-152
-158
-110
-81
-7
45
107
130
132
103
89
43
6
-4
-12
-14
-18
-22
-56
-54
-108
-154
-164
-131
-107
-50
22
99
178
185
208
213
226
202
204
200
174
152
124
117
95
80
115
132
87
80
77
27
-1
4
54
70
105
207
253
280
286
281
262
217
230
218
227
227
211
165
120
108
76
47
26
1
-15
-22
-61
-53
-75
-51
-62
-64
5
8
-4
8
-13
-19
-60
-53
-5
-49
-111
-120
-198
-300
-338
-360
-390
-425
-401
-409
-400
-376
-343
-302
-294
-236
-214
-189
-132
-87
-45
-71
-87
-119
-146
-152
-148
-156
-144
-85
-81
-113
-106
-117
-177
-235
-225
-219
-199
-142
-94
-9
62
104
152
148
181
187
173
214
198
200
168
129
113
128
111
111
121
114
103
47
45
38
42
34
63
98
155
186
217
262
276
281
253
251
226
197
176
142
100
37
-21
-75
-112
-141
-140
-134
-117
-70
-12
18
73
119
145
167
142
159
166
139
104
118
116
89
64
59
51
10
-18
-48
-61
-97
-115
-139
-144
-126
-104
-88
-59
-7
25
92
104
179
214
219
207
207
179
104
47
20
40
36
66
47
90
33
-31
-88
-102
-108
-140
-110
-65
-26
-10
44
52
71
48
6
-29
-58
-67
-76
-63
-60
-50
-83
-126
-151
-206
-283
-339
-335
-294
-236
-190
-111
-70
-52
-69
-80
-55
-63
-98
-109
-132
-141
-117
-132
-113
-82
-69
-94
-135
-139
-159
-212
-247
-253
-218
-186
-175
-116
-69
-47
-56
-42
12
-9
16
48
102
121
175
149
113
93
46
-13
-47
-12
-3
21
37
78
82
91
46
36
33
38
39
54
136
187
229
270
279
241
182
154
117
110
114
112
123
108
110
82
72
68
36
44
33
66
100
154
195
232
271
264
254
182
147
90
32
-3
26
79
104
103
127
127
24
-49
-109
-119
-164
-122
-89
-30
21
42
68
64
90
22
11
-5
-36
-42
-42
-37
-8
-31
-25
-18
-67
-123
-186
-187
-234
-238
-170
-179
-130
-95
-78
-72
-58
-65
-88
-86
-79
-65
-54
-27
-19
-17
-4
-15
-52
-110
-141
-174
-215
-212
-158
-126
-85
-31
-5
43
58
47
40
53
50
51
69
102
143
106
97
92
95
87
49
39
36
-19
-36
-59
-40
-34
-72
-61
8
21
38
84
102
99
73
52
66
68
62
59
37
43
8
21
7
4
-11
-36
-34
-63
-65
-91
-70
-77
-86
-31
7
42
44
56
68
64
64
87
48
30
32
21
5
-9
-28
-51
-104
-150
-164
-205
-184
-158
-131
-57
9
17
25
16
25
10
-40
-63
-25
-18
-7
24
43
55
59
46
2
-28
-69
-91
-98
-77
-54
-61
-43
-47
0
8
35
45
32
5
24
56
69
110
130
106
91
99
38
12
-23
-25
-60
-35
-6
3
18
-1
18
5
7
22
34
62
76
97
106
131
150
108
102
76
73
39
23
-10
-20
-30
-30
-39
-13
17
-5
32
48
55
75
71
113
125
143
135
148
133
121
91
83
67
56
77
71
79
47
29
-19
-71
-114
-110
-117
-125
-113
-74
-65
-73
-53
-53
-60
-78
-59
-52
-63
-69
-64
-75
-76
-91
-97
-125
-137
-159
-163
-174
-167
-154
-163
-160
-146
-131
-109
-66
-45
-55
-53
-55
-37
7
15
54
70
44
25
-2
-39
-61
-26
-30
-28
-15
-3
-24
-25
-26
-6
-20
0
19
14
35
15
55
59
88
96
99
93
65
71
83
80
67
76
78
67
40
48
48
27
16
28
60
51
60
54
37
33
25
36
43
74
82
64
53
37
27
2
-22
-2
0
3
-3
-11
-4
-22
-44
-37
-23
0
22
41
71
70
65
57
57
40
17
26
2
-14
-28
-16
-24
-13
-17
-19
3
-7
-12
-22
-39
-34
-18
-23
6
17
41
46
33
48
55
38
37
81
89
91
89
69
39
3
-35
-45
-54
-47
-48
-25
-11
-26
-14
-14
-30
-36
-21
-30
-9
-18
-21
-18
-45
-45
-43
-22
-4
-12
-28
-41
-74
-80
-71
-56
-68
-68
-61
-60
-54
-50
-68
-46
-46
-41
-24
2
9
-28
-23
-44
-59
-88
-81
-72
-68
-63
-55
-45
-40
-26
-30
-40
-34
-27
-30
-32
-19
17
21
33
58
82
61
44
43
39
36
46
32
43
15
-12
-18
0
-10
-31
-24
-18
-31
-12
19
23
28
46
38
16
32
20
22
5
6
37
36
57
65
57
53
22
-2
-11
-14
-14
-8
11
40
47
50
34
17
-10
6
0
35
48
52
66
44
49
30
11
3
-3
-13
-9
-11
-15
-28
-19
-20
-17
8
12
14
-18
-18
-38
-44
-8
7
42
56
64
69
60
43
30
20
-7
-4
1
40
47
35
48
26
16
13
25
44
26
23
40
13
34
28
40
29
25
13
26
29
20
34
23
15
-2
-19
-21
-16
-47
-37
-41
-40
-48
-41
-43
-63
-62
-69
-61
-42
-44
-40
-34
-53
-65
-68
-67
-81
-56
-48
-25
-15
-12
-20
-26
-26
-21
-17
-10
3
5
-4
10
7
7
4
16
31
10
32
26
9
8
-7
-15
-10
2
4
7
-1
3
-6
-12
-8
-8
-11
-9
-10
-7
-7
-25
-14
-46
-47
-45
-31
-18
-15
3
-15
19
11
-11
-5
-21
-35
-41
-25
-17
-8
-6
-22
-36
-40
-58
-55
-39
-33
-37
-30
-23
-21
-6
12
39
25
16
15
-1
2
6
6
16
35
22
29
23
18
19
16
12
19
18
27
23
33
48
39
32
39
21
10
6
16
27
29
47
73
68
77
84
68
39
25
18
2
15
45
51
54
54
46
38
21
18
22
37
46
36
38
23
4
8
7
13
22
28
23
8
15
7
5
14
9
21
27
28
30
36
19
5
9
6
17
13
20
12
5
4
4
2
12
1
1
10
4
13
13
9
-5
-6
-8
-15
6
-9
-13
-19
-29
-34
-44
-43
-53
-51
-37
-35
-26
-25
-32
-47
-55
-70
-80
-85
-94
-85
-75
-77
-71
-65
-68
-76
-85
-79
-99
-99
-98
-83
-73
-70
-42
-36
-34
-49
-61
-75
-83
-85
-82
-78
-70
-60
-60
-48
-48
-45
-38
-28
-24
-25
-18
-3
-5
-7
19
27
24
29
33
37
25
36
46
49
68
75
78
67
68
57
61
58
59
73
63
58
69
70
68
70
67
63
74
75
93
96
94
94
87
73
70
67
59
53
48
53
46
43
33
25
30
22
26
29
30
14
8
21
16
31
22
24
22
12
12
8
-1
-14
-5
-11
-4
0
4
7
1
-4
-7
-8
-7
3
-4
-3
-3
-14
-14
-9
-16
-19
-25
-31
-36
-34
-36
-23
-19
-9
0
11
7
-11
-19
-37
-45
-42
-38
-33
-31
-34
-27
-25
-26
-30
-32
-36
-49
-39
-37
-26
-13
-13
-21
-18
-13
-34
-38
-43
-39
-39
-30
-32
-9
-15
-21
-18
-37
-31
-41
-43
-22
-21
-11
-6
-8
-15
-33
-39
-41
-47
-39
-23
-13
1
13
24
14
21
1
10
-3
1
9
17
28
21
25
30
28
24
33
26
35
36
36
42
52
43
45
39
34
27
15
26
24
24
23
31
37
29
25
21
11
0
-7
-5
-11
-10
-6
-10
-4
-2
-11
-14
-10
-12
-25
-26
-23
-21
-22
-14
-4
-15
-21
-20
-26
-21
-22
-21
-20
-26
-25
-33
-16
-25
-12
-14
-7
-10
-10
-16
-1
-1
-2
13
9
22
7
15
0
13
3
4
13
22
33
30
41
35
38
28
21
25
25
24
38
44
42
28
31
39
33
39
37
49
34
28
35
36
29
30
27
27
31
21
28
34
39
30
33
24
24
25
10
18
9
4
-1
-2
-3
6
4
10
-1
-9
-12
-22
-28
-45
-42
-50
-55
-55
-47
-46
-49
-49
-59
-51
-55
-54
-45
-36
-33
-39
-47
-51
-58
-65
-52
-53
-53
-42
-44
-39
-32
-22
-19
-31
-35
-29
-29
-24
-14
-16
-14
-15
-13
-3
-4
-3
2
-6
-8
-7
-4
-2
-7
-7
-12
-13
-9
-14
-14
-8
-10
-15
-2
-3
4
8
2
11
-1
0
3
0
10
10
15
13
14
12
8
2
2
6
1
5
12
22
22
29
29
31
24
21
15
21
24
24
30
33
41
42
41
36
35
35
29
31
33
31
49
41
30
32
26
23
17
22
22
28
27
26
35
30
35
35
36
35
33
25
29
29
28
32
29
37
30
26
35
25
33
31
26
27
23
20
14
16
12
-1
1
2
-4
-3
-4
-9
-11
-14
-17
-13
-16
-17
-26
-25
-34
-32
-27
-30
-25
-24
-23
-30
-32
-38
-44
-48
-53
-55
-50
-51
-49
-52
-52
-54
-53
-45
-47
-42
-43
-47
-44
-41
-48
-45
-40
-48
-54
-49
-51
-47
-45
-38
-29
-24
-15
-14
-14
-13
-15
-15
-20
-14
-11
-10
-7
-5
7
6
20
16
20
19
16
16
14
18
23
21
21
19
18
13
8
11
16
20
20
26
26
25
26
23
22
17
17
21
26
30
24
26
24
17
13
12
11
21
29
26
31
35
30
31
30
28
26
19
19
18
21
18
17
19
22
16
13
12
8
3
-5
0
4
1
8
5
6
6
-1
-4
-1
-2
-4
1
5
12
14
8
5
5
-2
-5
-3
-13
-12
-20
-20
-9
-11
-4
-12
-19
-23
-25
-26
-27
-21
-23
-22
-20
-14
-13
-16
-10
-13
-17
-14
-17
-17
-18
-13
-14
-10
-6
-3
4
-3
1
-2
-9
-2
1
2
4
9
10
13
5
11
8
14
20
20
16
16
14
6
14
7
12
18
15
14
19
14
14
7
8
13
14
14
22
21
20
17
14
11
14
13
11
17
10
5
-3
-7
-11
-15
-15
-17
-19
-21
-20
-24
-23
-31
-31
-28
-30
-26
-25
-28
-26
-27
-30
-26
-29
-28
-30
-28
-28
-28
-26
-28
-28
-25
-25
-23
-17
-14
-15
-11
-12
-10
-5
-2
-4
-5
-7
-7
-10
-9
-4
1
4
9
4
10
9
9
7
11
13
16
19
21
22
18
15
17
24
19
21
27
26
25
22
26
23
14
13
11
7
4
5
9
11
9
12
15
16
7
18
18
15
20
20
10
14
16
18
23
24
22
20
23
15
20
19
20
22
18
18
19
17
13
10
4
11
8
11
8
10
5
0
-2
-4
-1
-3
-3
-3
-2
-6
-5
-5
-6
-6
-10
-8
-6
-4
-3
-2
-4
-6
-2
-6
-3
-2
-4
-6
-7
-10
-10
-11
-14
-18
-24
-18
-20
-16
-11
-8
-11
-15
-17
-17
-15
-11
-13
-3
-5
-2
-3
-9
-6
-11
-10
-7
-3
-2
-1
-8
-8
-12
-16
-18
-18
-19
-18
-21
-23
-29
-30
-27
-23
-21
-23
-23
-26
-31
-30
-27
-31
-28
-25
-26
-26
-21
-21
-26
-28
-20
-23
-15
-17
-13
-15
-16
-15
-21
-9
-5
-1
3
7
5
6
5
13
14
17
19
19
22
25
34
29
26
25
22
18
22
27
24
27
24
32
32
36
34
38
33
32
28
25
27
25
28
26
29
30
24
22
23
23
22
26
29
29
27
22
18
12
12
18
22
29
27
27
20
13
11
11
11
16
19
22
20
16
9
5
6
4
12
16
15
14
16
6
4
0
6
2
3
3
2
-1
-13
-11
-22
-14
-14
-18
-20
-21
-29
-32
-33
-35
-36
-40
-42
-40
-40
-41
-38
-41
-44
-39
-39
-38
-38
-39
-39
-38
-44
-36
-34
-35
-30
-33
-29
-29
-29
-28
-26
-28
-35
-28
-29
-27
-22
-21
-23
-20
-15
-19
-20
-20
-24
-23
-24
-17
-11
-5
-3
-5
-6
-7
-7
-3
-3
2
6
12
12
17
14
13
16
15
18
27
29
37
35
32
35
30
34
31
37
42
38
41
44
44
48
42
46
47
46
51
49
50
48
45
43
45
39
38
41
34
37
35
32
35
34
31
31
29
25
25
22
16
19
16
10
10
8
8
2
2
0
-11
-9
-13
-15
-6
-12
-13
-12
-17
-19
-21
-21
-26
-25
-30
-27
-29
-32
-29
-32
-33
-30
-26
-27
-27
-30
-26
-27
-24
-21
-26
-25
-30
-31
-30
-29
-27
-30
-30
-29
-29
-27
-23
-24
-27
-27
-26
-23
-22
-21
-20
-18
-18
-19
-13
-13
-13
-16
-14
-15
-20
-10
-9
-4
0
-1
0
2
-2
-2
1
-5
-2
-1
3
7
8
9
10
13
9
13
12
11
11
14
13
13
16
15
18
17
19
21
21
19
19
19
18
16
21
19
19
16
15
11
13
13
18
23
20
19
15
11
8
7
5
8
6
10
9
7
10
8
3
5
5
6
4
5
6
-1
1
-2
-6
-3
-6
-4
-2
-1
-2
-4
-5
-8
-6
-4
-2
-1
-3
-7
-12
-9
-9
-10
-9
-12
-8
-8
-10
-11
-8
-14
-10
-8
-12
-9
-13
-10
-9
-10
-6
-3
0
-1
1
1
-1
4
4
5
4
4
1
-1
0
-3
-2
-2
1
0
6
8
3
6
7
9
9
17
19
19
17
16
12
10
9
9
10
11
13
15
12
11
9
5
4
2
5
3
3
5
-1
-2
-3
-3
0
-4
0
-2
-3
-8
-5
-5
-4
1
-1
-1
-4
-9
-10
-11
-9
-10
-9
-5
-4
-8
-9
-11
-12
-9
-9
-5
-7
-4
-6
-6
-1
2
1
0
3
0
6
5
4
7
2
4
2
0
3
1
1
0
-1
-3
-2
-1
-1
1
3
6
5
4
5
0
-1
-6
-4
-8
-10
-8
-11
-8
-8
-9
-9
-12
-13
-13
-14
-18
-16
-12
-15
-14
-15
-16
-15
-15
-14
-12
-15
-13
-14
-10
-14
-11
-12
-9
-7
-10
-5
-8
-5
-1
0
8
8
7
6
4
9
7
12
11
14
13
13
13
15
14
16
17
18
20
20
18
15
16
12
12
13
16
18
18
19
21
20
20
22
21
22
18
14
12
10
13
8
7
7
2
3
3
4
6
4
1
0
2
1
0
-1
-3
-7
-6
-5
-5
-4
-7
-9
-10
-8
-7
-7
-7
-4
-8
-6
-2
-6
-4
-1
-5
-7
-1
-5
-6
-4
-2
-1
-2
0
-2
-1
0
-1
-1
-1
-1
1
-1
0
-3
-3
-3
-5
-4
-3
-1
1
-2
0
1
-2
-2
-4
-1
-4
-3
-7
-10
-9
-12
-15
-15
-11
-10
-10
-9
-8
-12
-8
-11
-7
-3
-6
-8
-8
-11
-8
-6
-7
-2
-4
-4
-9
-10
-9
-9
-7
-2
-2
-2
-4
-3
-2
-3
-1
1
-1
6
3
2
4
2
4
5
6
9
8
13
13
15
13
8
13
9
11
10
12
9
10
9
8
8
11
11
11
14
12
9
10
10
9
12
12
10
11
10
8
5
6
2
2
1
3
3
0
-1
-3
-4
-1
-1
-2
1
-1
-2
-7
-4
-7
-7
-9
-8
-10
-11
-9
-13
-10
-11
-14
-15
-14
-11
-10
-8
-10
-8
-6
-7
-5
-7
-8
-5
-9
-5
-5
-6
-7
-6
-5
-2
-2
0
1
0
-2
-2
-3
-2
-1
2
4
4
6
8
8
10
10
12
12
12
13
10
14
13
10
13
12
11
12
12
11
9
11
9
6
4
6
7
5
7
7
7
6
8
3
7
5
3
5
2
1
-2
0
0
-3
-3
-4
-6
-5
-6
-8
-9
-13
-14
-14
-13
-9
-12
-11
-13
-15
-16
-17
-14
-15
-13
-10
-14
-13
-11
-10
-10
-11
-12
-14
-13
-14
-12
-8
-9
-8
-6
-6
-5
-7
-7
-7
-5
-4
1
-1
3
2
1
1
2
5
3
4
5
5
5
5
5
6
6
7
8
5
6
8
8
9
9
12
9
10
9
8
9
9
8
10
9
10
9
8
7
5
8
6
9
10
9
9
8
6
8
8
7
9
8
10
6
8
6
7
7
7
4
2
4
1
3
6
7
5
7
8
9
7
7
4
3
2
1
4
5
4
1
1
-2
-4
-5
-2
-3
-1
-3
-5
-2
-6
-5
-6
-8
-8
-6
-9
-5
-9
-6
-7
-6
-7
-5
-7
-7
-8
-12
-10
-8
-8
-3
-1
-1
0
-5
-5
-10
-11
-6
-6
-5
0
-6
-5
-7
-6
-9
-8
-4
-7
-2
-4
-4
-8
-9
-9
-11
-8
-8
-6
-5
-6
-7
-10
-9
-8
-7
-3
-3
-4
-2
-6
-7
-7
-3
-2
2
1
0
-1
-5
-5
-5
-5
-5
-1
-1
0
-2
-2
-4
-1
-2
2
1
6
5
4
8
5
5
5
5
2
6
2
5
4
5
6
3
6
4
8
6
7
5
4
5
3
6
6
4
5
4
2
5
5
2
1
0
-1
-1
0
1
2
4
3
7
7
5
6
2
5
6
8
10
11
12
9
10
7
7
8
6
8
10
8
9
11
8
10
7
6
6
6
8
8
6
6
5
3
2
3
2
0
3
2
3
0
0
0
-2
-4
-3
-5
-6
-6
-6
-5
-5
-6
-7
-5
-8
-7
-7
-6
-4
-4
-3
-2
-4
-2
-1
-3
-1
-3
-2
-5
-3
1
1
3
3
4
0
0
-3
-2
-5
-4
-4
-5
-3
-4
-4
-4
-7
-8
-7
-8
-5
-7
-6
-8
-13
-11
-13
-13
-13
-13
-15
-12
-12
-11
-9
-8
-9
-10
-7
-7
-6
-3
0
-3
-1
-3
-3
0
-4
-1
5
1
3
4
-1
2
-1
-2
-1
-3
0
0
1
2
0
0
2
2
4
3
6
3
1
4
2
4
6
3
3
4
3
3
6
8
7
7
8
6
6
4
9
7
6
7
6
8
8
9
8
12
10
10
8
9
10
6
10
7
9
11
7
6
4
5
4
2
1
1
0
-2
-3
-3
-4
-4
-7
-6
-7
-7
-6
-6
-5
-3
-7
-6
-7
-9
-8
-7
-6
-7
-4
-6
-6
-4
-8
-6
-4
-3
-3
-4
-2
-1
2
-2
1
2
0
3
2
4
7
7
5
8
6
6
10
9
9
10
9
7
8
6
9
8
8
8
7
6
2
1
-1
-1
0
-1
-2
-2
-5
-3
-6
-6
-5
-8
-8
-7
-7
-8
-7
-6
-5
-2
-4
-4
-6
-8
-8
-8
-8
-8
-9
-9
-8
-9
-8
-9
-8
-8
-7
-5
-5
-6
-4
-6
-4
-4
0
1
-2
2
-1
2
2
3
3
4
5
1
3
3
3
1
4
4
1
3
2
0
2
2
4
4
5
3
3
3
4
5
4
7
7
6
7
8
6
3
2
3
-1
2
4
4
1
2
0
-2
0
-2
-1
-1
-3
0
-2
-2
-2
-5
-5
-5
-2
-2
-1
-2
-1
-1
-4
-2
-1
-3
-3
-3
-3
-2
-3
-1
0
-1
0
-1
-3
-1
-1
-1
1
1
2
0
3
2
1
1
-1
0
2
5
6
5
5
2
2
3
5
8
9
10
7
6
6
6
5
4
5
3
3
5
6
5
5
4
2
6
4
5
6
5
4
3
1
5
3
2
3
1
-1
-2
-4
-2
-1
-1
1
-1
-2
-4
-6
-5
-6
-8
-7
-9
-6
-7
-4
-6
-4
-5
-7
-4
-6
-5
-5
-6
-5
-6
-6
-6
-7
-4
-4
-3
-3
-2
-4
-4
-3
-3
-2
0
0
-2
2
0
0
0
-2
-1
-5
-4
-3
-1
-1
-3
-2
-4
-3
-3
-3
-3
-3
-1
-4
-2
-1
-3
-4
-4
-3
-4
-5
-4
-3
-5
-3
-3
-1
-4
-4
-4
-2
-1
-2
2
1
2
2
3
4
4
6
4
5
5
6
4
5
8
5
6
2
6
6
8
8
6
6
3
2
4
5
4
6
5
4
3
4
3
4
4
6
6
5
6
7
5
5
5
6
4
4
7
4
2
3
3
2
5
8
5
6
4
2
3
3
3
4
2
2
2
3
2
0
0
-2
-1
1
1
2
3
3
2
1
-1
1
-1
-2
-4
-3
-3
-5
-6
-4
-6
-7
-6
-7
-5
-6
-4
-5
-2
-4
-4
-3
-4
-6
-4
-6
-5
-2
-4
-4
-3
-4
-6
-6
-7
-6
-9
-7
-5
-4
-5
-5
-7
-8
-8
-7
-8
-10
-9
-9
-8
-6
-6
-4
-5
-6
-7
-7
-8
-6
-5
-4
-3
-2
-3
-3
-5
-4
-3
-3
-1
0
1
0
3
0
1
2
1
3
4
3
3
5
5
4
7
6
4
5
5
7
5
8
8
8
10
9
8
9
6
8
8
8
13
8
9
7
8
6
7
5
7
7
7
7
5
5
4
5
3
5
6
6
5
7
5
5
6
5
4
4
6
5
5
5
4
3
2
4
3
2
3
1
2
3
2
0
2
1
0
1
3
1
1
2
2
1
3
2
0
0
-1
-4
-2
-1
-3
-2
-4
-5
-6
-5
-6
-7
-8
-8
-7
-6
-6
-9
-9
-10
-11
-11
-13
-12
-15
-14
-16
-17
-18
-17
-17
-17
-14
-15
-15
-15
-14
-13
-13
-14
-12
-12
-13
-16
-10
-11
-9
-7
-5
-5
-4
-4
-4
-1
-2
1
1
3
4
3
4
5
6
7
9
8
9
10
8
10
10
9
10
9
9
11
11
10
9
9
10
11
11
13
13
13
11
12
12
11
12
11
10
9
8
7
7
5
7
4
5
7
6
7
6
5
5
4
6
4
6
5
4
7
5
5
6
6
3
3
3
2
3
2
1
2
0
0
-1
-3
-3
-4
-4
-5
-2
-3
-2
-1
-3
-4
-5
-7
-7
-7
-5
-6
-3
-3
-5
-4
-6
-7
-5
-6
-5
-6
-4
-6
-7
-7
-7
-7
-8
-9
-9
-8
-8
-7
-6
-7
-6
-5
-5
-5
-6
-7
-5
-4
-4
-1
-1
-2
-2
-2
-2
-2
-2
-1
-3
-1
1
-2
-4
-4
-3
-3
0
2
4
2
3
1
1
0
2
1
3
3
2
5
2
3
4
3
3
5
4
4
6
6
5
8
5
6
4
6
6
6
5
6
4
4
5
3
5
4
3
2
3
0
1
0
0
2
2
2
-1
-2
-2
-3
-3
0
0
-2
0
-1
-2
-5
-5
-5
-5
-3
-5
-5
-5
-7
-6
-6
-7
-7
-9
-8
-7
-5
-5
-6
-6
-7
-7
-4
-4
-2
-2
-2
-3
-4
-4
-4
-3
-3
-1
-1
1
0
-1
-1
0
2
2
2
4
3
5
6
8
7
5
6
5
3
2
3
2
2
6
6
7
9
7
6
7
8
6
8
9
7
6
7
6
8
6
8
5
3
3
3
5
3
3
2
2
2
2
3
3
4
3
4
3
1
1
0
2
3
2
3
2
2
2
0
2
1
0
-2
-1
-1
-3
-2
-1
-2
-1
0
-2
-1
-3
0
-2
-3
0
-2
-2
-1
-3
-3
-1
-2
-3
-2
-3
-2
-2
-1
-1
-3
-3
-5
-5
-5
-6
-5
-7
-5
-6
-6
-6
-6
-7
-8
-8
-8
-8
-7
-6
-7
-7
-8
-8
-9
-7
-7
-8
-7
-5
-7
-7
-6
-6
-7
-5
-5
-6
-3
-4
-4
-4
-4
-3
-2
-1
0
-1
1
1
2
2
3
3
3
5
4
5
5
5
4
5
7
7
6
6
6
4
5
3
5
4
4
5
4
4
3
2
1
-1
0
1
4
4
4
5
4
4
4
3
4
7
5
8
6
7
8
8
7
9
7
8
6
6
6
5
6
4
4
4
3
4
5
5
5
4
4
3
4
4
4
4
3
4
4
3
3
4
1
1
-2
1
0
0
-1
1
-1
-4
-1
-4
-2
-1
1
1
2
0
0
-1
-3
-2
-3
-5
-5
-7
-8
-7
-9
-9
-9
-11
-9
-8
-7
-8
-9
-10
-10
-10
-8
-9
-8
-8
-10
-10
-8
-10
-8
-8
-10
-9
-9
-9
-9
-9
-9
-7
-6
-8
-6
-7
-7
-6
-6
-5
-5
-4
-3
-4
-3
-3
-1
-1
-1
0
0
-1
-1
3
2
2
0
1
3
3
5
6
7
8
7
9
9
11
9
10
10
9
9
8
7
10
9
10
9
7
8
7
9
8
9
8
7
7
6
6
6
5
6
6
5
6
4
3
4
3
6
6
6
4
5
5
2
2
3
3
4
2
4
3
3
4
1
3
1
2
1
1
1
0
-1
0
-2
-1
-2
-2
-2
0
-1
-3
-2
-3
-2
0
-1
0
1
0
1
-1
-2
-3
-4
-4
-3
-3
-3
-4
0
-3
-2
-3
-4
-3
-5
-4
-4
-3
-4
-4
-4
-4
-5
-4
-6
-6
-7
-7
-5
-5
-3
-4
-4
-4
-3
-4
-6
-4
-4
-7
-6
-6
-7
-8
-8
-9
-8
-8
-7
-7
-7
-6
-6
-6
-6
-7
-8
-7
-6
-6
-7
-6
-7
-7
-3
-5
-2
-3
0
0
-2
1
0
0
0
0
2
2
3
5
5
6
5
8
8
7
8
6
5
7
7
7
8
8
9
11
10
8
8
5
7
7
7
8
7
7
6
7
5
5
5
4
3
4
4
3
4
3
1
3
2
3
3
5
3
4
5
4
5
5
3
2
3
0
1
2
2
2
3
3
2
2
-1
-1
-1
0
-2
0
0
-1
-1
0
0
0
1
0
0
0
1
-1
-1
0
-1
0
0
0
0
-3
-3
-2
-2
0
1
-2
-2
-1
-3
-4
-4
-5
-5
-3
-3
-3
-3
-4
-3
-3
-3
-4
-3
-2
-2
-4
-4
-4
-7
-6
-6
-3
-3
-3
-3
-3
-5
-4
-5
-4
-3
-7
-4
-5
-6
-5
-6
-3
-5
-5
-5
-6
-6
-6
-6
-5
-4
-4
-3
-1
-2
-1
-2
-2
-1
0
0
-1
2
1
2
2
2
3
0
2
1
1
2
3
4
5
5
5
5
6
5
6
6
6
6
4
6
6
4
5
2
3
5
3
3
4
4
2
0
1
2
0
1
0
-1
-1
-2
-3
-3
-2
-3
-2
-4
-3
-3
-3
-5
-5
-4
-7
-2
-3
-1
-1
-1
-3
-3
-2
-2
1
-1
0
1
0
2
3
2
5
3
4
5
6
2
5
5
5
6
6
8
6
6
7
8
7
9
8
7
7
6
5
6
7
7
6
6
3
1
2
3
2
3
3
1
0
0
-1
-2
-4
-3
-5
-3
-3
-2
0
0
-2
-3
-2
-3
-2
-3
-3
-4
-4
-4
-4
-4
-5
-6
-5
-5
-5
-4
-5
-6
-8
-7
-8
-6
-7
-6
-5
-7
-5
-5
-4
-7
-6
-5
-6
-4
-4
-4
-4
-3
-3
-2
-3
-4
-3
-3
-3
-2
-1
0
0
0
0
-1
-1
-2
0
1
0
2
0
1
1
1
1
2
2
4
3
4
3
5
3
3
4
3
3
2
3
2
2
2
1
1
1
-1
0
-1
-3
0
-1
-1
-1
-1
0
-1
0
1
1
2
1
2
2
5
3
5
5
4
5
4
6
5
7
4
4
7
6
6
8
8
7
5
5
3
5
5
6
4
4
3
1
3
3
3
4
4
2
3
2
-1
0
0
-1
-1
0
-1
-3
-2
-2
-4
-3
-1
-2
-1
-3
-2
-5
-5
-5
-3
-3
-4
-4
-6
-5
-5
-2
-5
-1
-1
-1
-2
-4
-4
-3
-2
-1
-1
0
0
-2
-3
-2
-3
-4
-4
-3
-4
-3
-5
-4
-4
-6
-5
-5
-3
-4
-1
-2
-3
-2
-2
-1
0
1
2
0
0
-1
1
1
0
2
2
3
1
1
1
2
2
2
2
1
2
2
0
1
-1
-2
0
-1
-1
-1
-1
-2
-3
-3
-3
-3
0
0
0
-2
-1
-1
-3
-2
-3
-2
-1
-2
-1
-1
-1
-2
-2
-1
-1
-2
-1
0
-1
1
0
-2
-1
0
-1
0
1
2
0
-1
-1
2
0
1
2
2
2
2
2
3
2
3
3
3
5
3
3
4
3
4
5
5
6
4
4
5
3
3
5
5
6
3
3
4
3
4
6
6
5
6
6
7
6
5
4
4
4
4
5
5
4
3
3
1
2
1
3
3
2
2
1
2
3
3
1
1
1
-2
-4
-4
-4
-4
-4
-5
-4
-3
-4
-4
-3
-5
-5
-4
-3
-2
-2
-5
-4
-7
-8
-6
-6
-5
-6
-5
-6
-7
-8
-6
-5
-4
-4
-6
-4
-6
-6
-7
-5
-5
-5
-5
-4
-3
-4
-3
-3
-4
-1
-1
-1
-2
-1
-2
-3
-2
0
-1
1
2
1
2
2
2
1
0
-2
-1
-1
-1
-1
-1
0
-3
-2
-4
-1
-2
-3
-2
-1
-2
-3
-3
-4
-3
-3
-4
-3
-2
-3
-1
-3
0
-1
0
-1
0
0
0
1
0
2
3
3
3
3
3
1
1
3
4
4
5
6
7
7
6
7
7
8
6
6
7
8
7
9
7
7
6
8
6
6
6
4
4
4
5
6
6
4
4
4
3
3
4
2
5
4
3
2
1
1
1
1
3
4
5
3
3
1
-1
1
0
1
1
2
2
1
1
-1
0
1
1
2
1
2
0
0
1
0
0
0
0
0
0
-1
-1
-1
-2
-1
-1
-2
-1
-3
-2
-2
-3
-3
-4
-3
-3
-5
-5
-5
-7
-8
-8
-7
-7
-6
-6
-6
-6
-6
-6
-7
-7
-7
-7
-7
-6
-8
-8
-8
-8
-9
-7
-7
-6
-5
-6
-7
-7
-6
-5
-3
-4
-4
-4
-6
-6
-5
-4
-4
-4
-3
-2
-2
-2
-2
-2
-1
-1
0
1
1
0
1
1
0
2
2
2
4
3
3
3
5
3
4
5
5
5
5
5
5
4
4
5
6
7
7
7
5
6
5
4
5
5
7
7
7
8
5
5
5
7
6
7
7
5
5
2
4
2
4
3
5
4
3
4
2
3
1
2
3
3
4
2
3
2
2
1
2
1
3
2
1
1
0
2
1
1
1
2
3
0
-1
0
-1
1
1
1
2
1
0
0
0
1
0
0
0
1
-1
-2
-1
-2
-4
-3
-3
0
-2
-3
-3
-4
-5
-3
-2
-3
-2
-3
-3
-2
-3
-4
-5
-4
-5
-4
-5
-3
-4
-5
-5
-5
-4
-3
-3
-3
-5
-4
-5
-6
-5
-6
-5
-5
-5
-4
-7
-6
-7
-7
-5
-5
-3
-5
-3
-5
-6
-5
-4
-5
-3
-4
-5
-4
-3
-2
-2
0
0
2
2
0
1
1
1
0
2
3
2
6
4
4
3
5
4
5
5
4
5
4
4
4
4
5
3
4
5
5
5
3
4
2
4
3
2
4
3
3
2
2
1
0
1
2
2
3
1
3
3
1
1
-1
1
1
1
3
1
2
1
3
3
3
4
3
3
2
1
3
1
2
3
3
2
1
2
1
3
2
1
3
3
3
2
0
-1
0
0
0
2
2
2
0
1
2
1
0
2
2
3
3
3
4
0
-1
0
2
2
2
2
2
1
-2
-1
-2
-1
-1
-2
-2
-3
-4
-5
-4
-5
-2
-3
-4
-3
-3
-5
-5
-6
-4
-4
-3
-3
-6
-4
-5
-5
-3
-4
-3
-2
-4
-2
-2
-3
-3
-2
-1
0
0
1
1
1
-1
-1
-1
2
3
5
5
4
3
2
2
1
2
4
5
4
3
2
0
-1
-2
-2
-1
0
1
0
-1
-1
-3
-2
-2
-1
-2
-2
-1
-3
-3
-5
-5
-4
-2
-3
-3
-4
-4
-3
-3
-1
-1
-2
-2
-2
-2
-2
-3
-2
-4
-2
-3
-3
-2
-4
-3
-3
-4
-2
-2
-1
-1
-1
0
-1
-1
0
1
0
0
0
0
1
1
2
2
3
3
3
2
2
2
2
2
4
4
4
5
3
4
4
5
6
7
9
8
7
6
4
5
3
6
6
6
5
5
4
4
4
3
3
3
4
3
4
1
1
1
-1
0
1
-1
0
1
0
-1
-1
0
-1
0
0
-1
-2
-3
-3
-1
-1
1
1
2
0
1
0
-1
0
-1
1
1
1
-1
0
-1
0
-1
0
0
1
1
0
-1
-1
-2
-2
-3
-4
-3
-4
-4
-3
-4
-4
-1
-3
-2
-3
-5
-5
-6
-6
-7
-5
-5
-5
-5
-4
-5
-5
-5
-4
-4
-3
-3
-5
-4
-5
-5
-3
-3
-1
0
0
0
-2
-1
-1
1
0
1
2
1
0
0
0
0
1
3
3
4
4
4
2
3
2
5
3
3
3
3
3
3
3
2
3
3
3
3
3
2
0
2
0
3
3
2
3
4
3
3
3
3
4
4
4
4
3
4
2
2
2
3
4
2
3
3
3
2
2
1
1
1
0
0
-1
-2
-1
-2
-2
-1
-2
-1
-2
-2
-3
-4
-3
-2
-3
-1
-2
-2
-2
-4
-4
-3
-5
-3
-2
-3
-4
-4
-4
-5
-2
-3
0
0
1
-1
-1
0
-2
-2
-2
-1
0
-1
-1
0
-2
-2
-2
-1
0
-1
-1
-1
-2
-2
-3
-2
-1
-1
-1
0
-1
-2
-3
-2
-2
-1
0
-1
-1
-2
-4
-3
-5
-3
-2
-1
0
1
-1
-1
0
0
2
3
4
4
2
2
1
1
1
1
3
4
2
4
2
0
0
-1
0
1
3
2
0
0
-2
-1
-1
3
3
2
2
1
0
0
0
0
1
2
2
2
1
1
0
0
0
2
3
5
5
4
3
1
2
1
3
4
5
4
3
4
3
3
4
5
5
5
5
4
2
1
2
3
3
4
3
2
1
0
-2
0
0
1
0
1
0
-1
-3
-2
-2
0
0
1
1
1
-1
-2
-3
-4
-3
-1
0
-2
-1
-3
-5
-5
-3
-3
-1
-1
1
0
-1
-3
-2
-2
0
-1
-1
0
-1
-1
-1
-3
-3
-2
-2
-1
-1
-2
-3
-3
-5
-2
-1
0
0
-1
-3
-5
-5
-4
-2
-2
-1
-1
0
-2
-2
-1
0
1
1
3
1
-1
-2
-2
-3
-2
0
0
0
-1
-3
-3
-4
-2
-1
-1
2
0
-1
-2
-4
-5
-4
-3
-2
-2
0
-1
-1
-2
-1
-1
-1
1
3
1
2
2
0
2
1
3
3
4
4
4
3
3
1
2
3
4
5
5
5
3
1
2
2
3
4
3
2
1
2
1
0
1
1
0
2
1
0
-1
-3
-2
-3
0
0
1
-2
-2
-4
-3
-4
-1
2
1
1
-1
-3
-4
-5
-5
-2
0
1
0
1
-1
-1
-1
1
0
2
4
4
2
1
0
0
2
2
3
5
5
4
4
3
2
2
3
5
4
4
4
3
1
1
1
4
4
4
6
4
3
2
3
1
3
4
3
3
2
0
-1
1
2
1
3
1
2
2
-2
-1
-2
-2
-1
-1
-1
0
-2
-4
-4
-5
-3
-1
-3
-2
-4
-4
-5
-8
-7
-7
-6
-6
-5
-7
-6
-6
-6
-5
-4
-4
-3
-4
-5
-5
-5
-5
-5
-3
-3
-1
-1
-2
-3
-3
-3
-2
0
1
1
1
-2
-1
-4
-3
-1
-1
1
1
0
-1
0
-2
-1
0
1
2
2
1
0
-1
-1
0
2
3
3
3
3
2
0
0
1
1
3
2
3
1
1
1
1
1
2
6
7
6
5
5
4
3
4
3
5
6
5
4
5
1
1
2
3
3
5
3
3
3
2
2
2
5
3
3
3
2
1
1
1
3
2
2
2
1
-1
-2
-1
0
0
0
2
1
2
-1
-2
-1
-1
1
0
1
-1
-3
-3
-5
-4
-3
-1
-2
-1
-2
0
-2
-2
-1
-1
0
0
0
-1
-1
-2
-1
-2
-1
-2
-1
-2
-3
-3
-4
-3
-4
-2
-1
-2
-1
-2
-3
-3
-4
-4
-3
-4
-1
-2
-3
-3
-5
-5
-4
-4
-2
-3
-3
-3
-3
-4
-5
-3
-3
-2
-1
0
-1
-2
-3
-3
-4
-2
-1
-1
0
-1
-2
-2
-2
-2
0
1
2
2
3
3
2
3
3
4
4
5
5
4
4
2
3
3
5
4
4
5
5
3
2
3
2
2
3
5
4
4
3
1
1
2
2
3
2
3
3
2
2
0
2
3
2
2
1
-1
0
0
0
1
1
2
3
2
2
1
-1
1
3
3
3
3
2
2
2
2
1
3
3
3
3
3
1
1
2
1
1
4
2
1
-1
-1
-3
-2
-2
-1
-1
-1
-2
-2
-3
-4
-5
-4
-6
-5
-4
-5
-4
-5
-4
-3
-3
-1
-1
-1
-1
-1
-2
-3
-3
-3
-2
0
0
0
-1
0
-2
-1
0
1
1
0
2
2
2
1
1
2
3
3
4
4
4
3
2
3
2
1
1
2
0
0
-2
-3
-2
-2
-3
-3
-2
-4
-4
-5
-7
-6
-5
-5
-5
-4
-5
-7
-6
-6
-6
-4
-4
-5
-4
-5
-4
-3
-3
-3
-3
-1
0
-2
-3
-3
-3
-4
-4
-3
-1
-1
-1
0
-1
-3
-1
0
0
1
1
2
1
1
1
1
1
2
2
4
5
4
4
3
3
2
4
4
5
5
4
4
4
3
3
6
6
4
4
4
2
1
2
2
3
3
4
3
5
4
3
3
4
4
4
4
4
3
3
2
2
3
3
4
4
4
4
4
4
4
6
7
5
7
6
4
5
5
6
8
7
7
7
6
6
5
3
5
4
6
6
4
3
2
1
0
0
0
1
0
-1
-2
-2
-4
-5
-3
-3
-2
-2
-2
-3
-3
-5
-4
-4
-5
-4
-4
-4
-6
-6
-6
-6
-7
-6
-7
-8
-8
-10
-10
-12
-13
-12
-11
-12
-13
-11
-12
-12
-14
-13
-12
-11
-12
-10
-10
-12
-12
-12
-13
-11
-9
-9
-8
-9
-9
-9
-10
-8
-6
-6
-6
-4
-5
-4
-4
-4
-4
-2
-2
1
1
2
2
1
1
2
4
5
6
8
7
7
7
7
8
9
11
11
10
10
9
8
8
10
11
11
12
10
9
8
8
9
11
12
13
13
11
14
11
12
11
10
12
11
12
11
10
10
8
7
10
11
11
9
8
7
6
6
7
7
6
6
4
2
3
1
2
1
1
0
0
-2
-4
-4
-5
-4
-5
-3
-3
-6
-5
-5
-7
-6
-5
-5
-6
-5
-6
-6
-6
-9
-7
-7
-7
-4
-3
-3
-4
-5
-6
-6
-4
-3
-3
-3
-4
-5
-5
-7
-8
-6
-6
-5
-5
-6
-8
-7
-9
-9
-8
-8
-7
-7
-7
-6
-8
-9
-7
-8
-6
-6
-5
-6
-7
-7
-8
-7
-9
-8
-6
-7
-6
-6
-7
-5
-4
-3
-2
-1
0
-2
0
-1
-1
0
2
3
5
4
5
5
3
6
6
7
9
9
9
9
10
8
8
8
9
10
10
11
9
9
9
7
7
8
8
7
6
6
4
4
4
5
6
5
6
5
6
5
5
5
4
4
4
2
3
3
1
1
1
0
1
1
0
0
-1
-1
-1
-1
0
-1
-1
-1
-2
-3
-3
-5
-3
-3
-1
-2
-3
0
-3
-4
-3
-1
-2
-3
-3
-3
-3
-4
-4
-3
-4
-3
-4
-4
-3
-4
-4
-3
-4
-3
-3
-2
-1
-1
-1
-1
0
-2
-1
0
-1
0
-2
-2
-2
-2
-3
0
-1
-1
0
-1
-2
-3
-3
-4
-2
-3
-3
-2
-2
-2
-4
-2
-1
-1
0
0
-1
-1
-1
-1
-1
0
-1
0
0
0
-2
-1
1
0
3
4
5
4
5
4
3
4
5
5
5
6
6
4
4
6
5
6
7
5
6
6
4
3
2
2
3
4
6
3
5
2
1
1
0
-1
1
-1
-2
-2
-3
-4
-4
-4
-3
-3
-3
-2
-3
-2
-4
-4
-4
-5
-4
-4
-3
-4
-5
-6
-6
-6
-6
-7
-5
-5
-5
-7
-6
-4
-5
-4
-5
-5
-5
-5
-3
-4
-3
-2
-2
-1
-2
-2
-2
-3
-1
0
-1
2
3
2
2
2
3
0
1
2
3
2
3
3
2
3
2
4
5
4
4
4
4
3
3
4
4
4
5
5
4
4
5
5
5
6
7
6
6
6
5
5
5
5
6
4
5
4
6
5
5
5
5
5
5
5
3
3
4
2
4
2
2
4
2
2
2
0
2
1
1
2
1
1
-1
-1
-1
-2
-3
-2
