-2
2
3
0
-2
-5
-5
-3
-2
-2
-3
-5
-4
-5
-6
-4
-1
1
1
3
4
3
1
0
3
4
5
3
4
5
6
4
2
1
2
5
5
1
2
3
1
1
3
4
-1
-2
-2
-1
2
0
-3
-3
-3
-6
-7
-8
-11
-9
-7
-6
-4
-3
-2
0
1
1
4
3
3
4
1
-1
-2
-4
-1
1
-4
-7
-6
-4
-5
-5
-2
-2
-2
-1
-2
-4
-5
-4
-5
-2
1
-1
-1
-1
-2
-7
-6
-4
-2
2
4
5
5
5
6
4
4
4
4
3
4
5
6
6
3
0
-1
-1
-4
-5
-6
-9
-9
-7
-4
0
0
0
-1
0
0
1
-1
-1
5
7
6
8
5
7
9
7
5
3
0
-3
0
1
3
8
8
5
2
2
-2
-2
-1
-3
-2
0
1
1
2
2
5
5
2
3
0
-2
-3
-5
-7
-3
-3
-6
-4
-4
-3
-1
-1
-1
2
-1
-3
-2
-5
-10
-8
-5
-3
-3
-8
-6
-4
-4
-1
-1
0
-2
-2
-5
-6
-6
-7
-5
-1
-3
-3
0
-4
-7
-6
-4
-1
1
0
1
2
2
3
3
4
3
1
2
3
2
-1
1
5
5
7
9
6
5
3
0
-2
-1
0
0
-1
-3
-2
-2
1
2
0
3
5
3
1
1
1
3
3
2
1
0
0
-1
2
5
4
4
3
4
3
0
0
0
2
3
-2
-1
0
-2
0
1
2
4
5
2
0
0
-4
-4
-3
-1
-5
-4
0
0
0
-1
-3
-4
-3
-2
-2
-4
-2
0
-3
-4
-4
-6
-2
-1
-3
-3
-3
-2
1
1
-1
-2
1
1
2
1
-1
-3
-6
-4
-1
2
0
-1
0
-1
3
5
2
3
2
1
2
3
2
3
1
-1
-1
1
-2
1
5
5
5
0
-3
-5
-2
0
0
-1
-3
-3
-3
-3
-4
-3
-3
-3
0
2
2
0
0
0
1
2
2
1
2
-1
-2
-2
-1
3
5
3
1
-2
-3
-4
-5
-1
1
0
1
-1
2
4
5
10
8
5
5
5
4
4
3
3
0
-3
-1
2
-1
0
4
5
3
3
1
-2
-1
-2
0
1
2
4
4
4
1
-3
-5
-5
-6
-5
-4
-4
-1
2
2
-4
-5
-3
-5
-7
-7
-7
-1
1
0
0
4
2
2
-2
-1
3
5
8
8
6
3
0
-2
-3
-4
-3
-2
1
5
3
0
-3
-5
-5
-3
-3
1
2
0
-1
-3
-1
2
-1
-1
0
-2
-4
-2
-2
1
2
1
0
1
3
1
2
2
1
-1
0
1
2
1
-1
-2
-1
0
1
0
0
-4
-2
3
-3
-2
2
0
0
-2
-4
-3
0
3
7
7
4
5
5
2
0
0
0
-1
-4
-2
-1
0
-2
0
3
4
5
7
6
3
4
3
2
3
4
-1
0
-2
-6
-3
-2
-2
2
3
2
0
1
6
8
6
5
2
2
1
2
2
2
2
1
2
0
-3
-2
0
0
0
0
-1
-4
-4
-7
-6
-3
-3
0
4
3
2
3
1
-1
-1
-2
-3
-1
-2
-1
-1
0
-3
-1
1
3
2
0
0
0
-1
-1
-3
-4
-2
-2
-3
2
2
-1
0
2
2
-1
-1
-2
-3
-2
-2
0
6
7
3
0
1
1
0
-1
-3
-3
-2
-4
-3
-2
-3
-1
1
1
-1
-1
-1
2
-1
-2
1
3
5
5
4
3
3
4
4
3
0
0
1
-1
-1
2
4
6
7
4
1
2
2
1
2
2
1
3
6
4
5
5
2
-3
-4
-2
-1
-1
-2
0
0
1
2
-1
0
3
2
0
-1
-3
-5
-6
-4
-4
-4
-4
-1
2
1
1
-3
-4
-2
-1
-1
-1
0
-5
-8
-6
-6
-6
-5
-2
1
1
-1
-2
-2
-5
-7
-7
-4
-2
0
2
3
-1
-3
-3
-2
1
4
4
4
7
8
6
1
3
7
6
2
-2
-4
-5
-6
-6
-3
-3
0
1
1
6
8
7
6
1
1
3
1
1
0
-2
2
7
9
5
5
5
2
0
2
2
2
1
0
4
2
-4
-5
-5
-5
-4
-1
0
-3
-5
-3
-1
0
-1
-3
-3
-2
-1
2
5
4
3
5
5
2
2
3
5
3
1
1
1
0
-3
-5
-2
0
1
2
2
0
-3
-2
-2
-3
-3
-4
-3
-5
-5
-2
0
1
1
1
-1
-1
-2
-4
-5
-5
-7
-5
-4
-4
-4
-3
-5
-6
-5
-5
-5
-4
-1
1
4
4
3
5
5
5
6
9
12
11
10
7
5
4
3
3
4
4
1
1
-4
-7
-6
-5
-4
-2
0
-2
-3
0
2
5
5
2
1
2
-1
-3
-2
-4
-5
-7
-3
-1
-3
-3
1
0
1
0
0
0
1
-1
-4
-4
-4
-4
-3
-2
-2
-3
-3
-2
1
4
5
6
3
1
2
0
0
3
1
0
2
0
-1
0
0
0
3
2
-1
0
-2
-3
0
2
4
3
-1
-1
2
3
4
7
6
7
8
5
5
3
0
0
2
3
-1
-1
0
-1
-3
-4
-4
-4
-7
-7
-6
-5
-7
-7
-6
-3
-5
-3
0
-1
-1
-1
-2
0
-1
-2
0
4
4
3
5
6
9
10
8
6
2
-1
2
2
3
3
4
5
3
2
4
3
0
-5
-4
0
-2
-3
-4
-6
-11
-10
-8
-8
-10
-9
-6
-5
-2
-1
-3
-1
-2
-3
-6
-3
-1
-2
-3
-3
-2
-2
1
2
3
6
4
4
4
4
5
3
3
4
3
3
1
0
2
2
3
3
6
7
6
6
4
4
5
6
8
6
2
0
3
1
1
0
0
-2
-5
-4
-2
-2
-2
-4
-2
-1
-1
-3
-5
-8
-9
-7
-6
-5
-5
-4
-5
-5
-5
-4
0
0
0
-1
0
0
0
4
4
2
-1
-1
1
0
-2
-1
0
0
3
8
11
12
11
7
8
7
7
7
5
1
2
-1
-2
-2
-5
-7
-5
1
1
2
2
0
1
-1
-4
-6
-6
-5
-6
-7
-6
-7
-7
-1
1
0
-1
-1
-1
-1
-1
-5
-4
-4
-5
-2
-2
-4
-4
-2
-3
-6
-9
-9
-7
-5
0
3
2
-2
-2
0
1
-2
-1
-1
0
2
3
1
0
-2
-2
2
7
8
5
5
5
6
7
5
5
5
5
5
5
6
4
4
5
4
5
4
0
0
1
-1
-2
-4
-8
-4
-2
-1
-1
0
2
1
-2
-3
-4
-4
1
4
6
5
6
6
7
6
3
3
5
3
3
6
3
0
-3
-4
-3
-3
-5
-6
-5
-7
-5
-2
-4
-1
1
-3
-4
-1
-1
-3
-4
-5
-7
-1
2
0
2
3
1
2
3
2
-1
-1
-2
-3
-1
2
2
3
0
-5
-5
-2
-5
-4
0
-3
-3
-2
-2
0
1
-1
-3
-2
-2
-2
0
0
3
5
1
0
-1
-1
-3
-3
-3
-1
1
3
2
2
2
-3
-3
1
4
7
6
3
4
4
1
-1
2
3
2
6
7
4
2
0
0
-1
-4
-5
-3
-2
-3
0
-1
-1
0
-1
-2
0
1
3
3
3
4
3
-1
-5
-6
-7
-6
-3
-1
2
2
2
2
3
3
3
4
3
3
1
0
2
1
-3
-5
-5
-3
-4
-5
-6
-4
-1
4
5
3
1
-3
-4
-1
-3
-2
-1
1
0
-4
-7
-5
0
0
-1
2
4
4
5
5
2
0
2
1
0
1
1
0
1
3
2
-1
-2
-3
-4
-3
-2
-3
-2
3
4
5
3
0
0
1
4
5
3
1
3
3
3
4
1
-1
-3
-7
-5
-3
-2
0
2
2
4
5
3
0
-2
-5
-6
-5
-4
-5
-8
-5
-4
-5
-6
-4
-1
-1
0
0
4
7
6
3
5
5
3
3
3
4
6
6
5
4
7
6
4
2
1
3
-1
-3
-3
-3
-4
-4
-4
0
0
3
1
0
1
1
2
0
-5
-3
1
2
2
4
5
4
1
-1
-4
-4
-4
-4
-3
-2
-2
-5
-5
-5
-6
-7
-7
-3
0
-1
1
1
0
1
1
1
-1
-2
-4
-1
-1
0
3
4
2
1
1
1
2
3
4
4
3
3
3
-2
-1
1
-1
-1
0
-1
0
2
2
4
3
1
1
2
3
5
6
5
6
7
3
-2
-3
-5
-7
-1
1
1
1
1
-1
-4
-6
-10
-5
-4
-4
-2
-5
-3
-1
-2
-3
-3
-3
-2
1
0
1
2
0
1
5
6
6
2
-2
1
4
4
5
4
0
-1
1
2
1
1
1
-1
-2
-4
-4
1
4
4
4
6
5
3
4
3
2
1
0
-2
-3
-2
-2
-2
-3
-3
-3
-3
-7
-4
-2
0
2
5
5
2
1
1
0
0
-2
-3
-5
-1
0
0
-2
-4
-5
-5
-7
-5
-4
-6
-5
-4
-3
-3
-2
0
1
1
0
2
-1
0
-2
-2
-3
-3
-1
1
5
2
2
5
4
2
3
3
3
7
8
6
5
7
5
1
-1
-1
-2
1
2
3
5
6
2
2
3
4
4
5
5
3
1
-2
-4
-1
-1
0
3
4
6
7
7
3
2
-1
-3
-3
-2
-1
2
1
1
1
-3
-4
-5
-8
-6
-6
-4
-3
-5
-7
-4
-3
-4
-4
-6
-5
-5
-6
-8
-9
-7
-2
-2
-4
-2
0
-5
-2
-2
-2
2
3
2
3
4
1
0
-2
-4
-1
1
1
1
1
0
2
4
5
5
5
4
4
3
3
4
1
-3
1
2
2
7
9
4
-1
-1
1
3
0
0
0
2
0
-2
0
2
2
3
2
0
-4
-7
-6
-2
-1
1
3
0
2
3
3
1
2
2
2
5
6
4
4
1
1
-3
-6
-6
-3
0
1
3
4
5
3
2
3
0
-2
-3
-1
-1
-2
-1
-1
1
0
-1
-2
-3
-2
-4
-5
-5
-2
-1
1
0
0
0
1
-1
-4
-4
-4
-1
3
2
-1
-2
-3
-3
-2
1
2
3
2
3
6
4
0
-4
-5
-4
-2
-3
-3
-3
-2
-3
-5
-3
1
3
3
1
2
4
6
6
3
3
3
3
2
2
3
3
1
1
3
1
3
2
0
-1
0
2
1
0
1
0
1
2
1
1
3
1
-3
-3
-2
1
6
10
6
4
3
0
0
-1
-2
-1
0
1
3
3
3
3
4
3
5
4
3
2
0
-3
-3
-5
-8
-7
-4
-4
-4
-2
-3
-5
-5
-3
-5
-7
-8
-7
-4
0
2
3
3
1
-3
-5
-6
-6
-2
-3
-3
-5
-3
-1
0
-1
0
5
3
2
3
5
8
9
6
4
4
3
3
3
6
6
4
2
2
0
-4
-6
-6
-4
-1
1
2
0
-2
-3
-3
-6
-8
-7
-7
-6
-2
2
4
6
5
3
2
3
6
7
7
4
3
1
2
2
0
-3
-4
-3
-2
-1
-2
2
6
4
3
1
-3
-3
-1
0
-1
-2
1
1
-3
-3
-1
-1
-1
0
3
4
2
0
-2
-3
0
0
1
-3
-6
-4
-4
-6
-3
2
1
0
-2
-6
-5
-3
0
2
0
0
-1
-4
-3
-1
-3
-4
-3
-5
-4
-3
-3
-6
-4
-2
-2
-2
-3
-5
-5
-1
-1
0
-1
2
0
1
4
4
4
2
3
5
4
5
5
6
6
5
6
6
7
7
10
12
11
12
14
11
9
7
6
6
6
4
2
1
-1
0
2
-1
-4
-3
-6
-7
0
9
19
21
13
-4
-23
-36
-43
-45
-40
-30
-17
1
18
20
8
-13
-38
-51
-47
-33
-13
5
21
31
34
35
27
8
-15
-32
-39
-27
-5
11
24
36
35
30
20
6
-10
-25
-32
-27
-9
12
27
32
27
18
8
-7
-17
-25
-29
-23
-11
6
26
36
38
32
25
17
7
-3
-10
-6
1
20
47
61
58
44
33
23
13
-4
-22
-31
-25
-7
9
6
-3
0
14
57
103
100
3
-172
-264
-248
-228
-251
-270
-188
-38
106
191
218
120
-159
-397
-415
-283
-179
-158
-25
234
391
362
338
369
158
-273
-546
-405
-70
37
54
270
545
562
386
263
98
-279
-677
-727
-435
-135
24
213
503
662
487
89
-276
-500
-627
-673
-557
-245
158
482
622
581
409
159
-100
-279
-323
-260
-134
60
300
504
573
492
330
137
-56
-196
-224
-150
-42
48
131
230
299
265
142
6
-94
-155
-172
-145
-86
-32
18
94
211
305
260
54
-158
-204
-69
131
263
226
2
-246
-331
-331
-472
-731
-808
-542
-112
268
517
503
110
-433
-697
-617
-542
-579
-419
23
385
466
546
756
686
95
-513
-553
-221
-74
-94
153
602
745
533
436
527
296
-346
-758
-582
-264
-184
-42
382
625
340
-41
-42
17
-336
-839
-951
-677
-351
-24
347
537
390
207
277
383
182
-241
-479
-370
-85
217
488
628
530
315
201
189
109
-105
-316
-362
-234
0
257
406
345
127
-16
25
104
32
-173
-333
-328
-148
101
261
247
135
73
107
162
147
40
-107
-180
-59
179
299
196
28
-1
71
149
235
266
57
-383
-694
-699
-626
-704
-811
-701
-381
39
423
575
322
-219
-659
-793
-712
-568
-367
-59
303
618
793
835
737
419
-99
-551
-610
-340
-80
80
303
598
745
699
580
359
-56
-512
-712
-622
-417
-175
109
341
363
211
42
-100
-290
-532
-666
-564
-301
-54
109
240
351
377
294
193
142
92
-4
-77
-41
69
150
174
220
319
394
352
214
101
57
18
-65
-123
-66
59
161
239
294
274
147
-2
-86
-142
-213
-236
-138
36
208
317
316
195
44
1
57
25
-163
-307
-244
-75
124
414
704
640
69
-598
-894
-870
-861
-942
-907
-599
-41
644
1141
1012
161
-873
-1394
-1249
-832
-529
-350
-128
221
666
1065
1145
677
-188
-906
-1046
-703
-259
66
281
462
655
860
971
800
311
-237
-555
-593
-442
-192
50
179
238
341
452
409
179
-76
-260
-442
-623
-655
-460
-157
135
421
678
765
615
372
164
-63
-363
-599
-590
-331
34
380
670
863
870
650
250
-199
-533
-680
-651
-478
-200
131
442
667
755
576
98
-448
-740
-710
-564
-439
-282
-37
221
400
457
350
68
-278
-493
-528
-469
-357
-201
-34
129
337
557
570
260
-153
-370
-410
-479
-554
-387
27
355
457
554
709
609
103
-434
-602
-482
-357
-251
-30
238
381
428
490
452
130
-335
-584
-500
-278
-87
68
188
242
266
313
329
217
9
-159
-243
-290
-266
-108
94
189
182
199
254
247
150
20
-137
-319
-409
-296
-61
103
173
243
285
188
0
-116
-171
-299
-449
-430
-214
0
102
163
193
117
-31
-122
-156
-237
-335
-323
-196
-86
-34
27
96
104
45
-4
-31
-100
-197
-224
-145
-36
40
96
150
160
113
70
86
116
66
-57
-121
-66
10
35
86
225
342
274
74
-49
-66
-127
-240
-196
107
481
701
761
729
565
237
-85
-205
-168
-139
-102
56
287
390
312
182
58
-135
-377
-493
-397
-221
-101
-39
34
125
190
196
125
3
-120
-215
-255
-197
-31
134
170
104
75
101
64
-84
-236
-305
-319
-306
-202
0
152
110
-53
-157
-170
-196
-269
-335
-346
-318
-249
-105
48
94
20
-82
-135
-146
-127
-72
-14
2
-11
5
67
114
99
39
-20
-42
-3
71
99
29
-98
-179
-154
-51
45
46
-25
-53
33
131
88
-40
-96
-67
-40
27
238
463
429
147
-57
-18
76
69
96
259
409
439
505
682
689
307
-195
-392
-274
-122
-16
149
298
249
69
-4
34
-50
-312
-510
-486
-347
-231
-133
-16
97
178
254
298
220
17
-192
-301
-329
-320
-243
-52
217
476
650
687
520
145
-305
-639
-745
-623
-329
43
345
471
440
343
210
-2
-322
-676
-889
-797
-425
0
261
320
260
148
58
78
116
-68
-456
-681
-519
-149
153
299
298
172
69
159
307
177
-250
-580
-529
-253
-9
114
132
103
133
227
265
176
-13
-248
-395
-306
-25
167
144
184
482
732
555
61
-308
-399
-378
-320
-151
107
317
474
699
913
775
158
-553
-881
-753
-467
-216
30
234
301
321
434
454
76
-581
-995
-885
-471
-71
233
439
514
517
550
535
266
-250
-668
-673
-305
115
350
405
410
461
540
505
227
-234
-595
-619
-368
-60
162
261
244
222
273
260
49
-240
-319
-222
-274
-467
-417
-30
379
478
241
-99
-281
-82
265
290
-232
-785
-679
-59
430
349
-54
-313
-184
163
330
118
-332
-605
-490
-149
17
-28
-91
-74
-57
-61
30
157
166
-138
-412
-294
52
308
406
525
497
229
-41
-96
-52
-234
-524
-486
9
581
822
783
642
370
-79
-578
-776
-677
-542
-413
-167
216
435
463
422
258
-137
-663
-876
-662
-260
60
247
434
560
629
636
474
155
-241
-443
-331
-68
181
305
402
460
439
431
420
315
-4
-387
-539
-418
-203
-123
-120
8
261
524
541
305
22
-371
-716
-803
-516
-47
27
-43
122
441
569
286
81
-228
-588
-600
-324
35
-171
-274
139
482
492
28
-139
-123
-190
-199
-353
-375
-384
-51
322
180
61
19
150
102
-157
-240
-284
-101
143
369
490
402
237
-150
-419
-389
-274
-214
-198
22
395
681
812
741
227
-561
-1037
-939
-484
-148
-38
-10
46
269
565
663
263
-480
-1000
-1007
-556
-2
334
402
323
383
670
868
632
28
-537
-716
-501
-117
297
570
640
588
567
660
575
212
-325
-803
-915
-752
-328
127
368
491
522
582
464
85
-354
-726
-798
-704
-498
-180
92
401
616
604
339
-25
-137
-99
-153
-404
-632
-490
-101
326
589
546
335
43
-161
-212
-243
-255
-296
-307
-255
-72
271
528
498
111
-295
-388
-264
-105
6
198
364
212
-228
-550
-414
-116
-92
-332
-472
-190
379
953
1171
662
-395
-1280
-1295
-605
18
144
-127
-327
-111
528
1131
993
31
-1052
-1404
-835
41
527
404
44
-22
372
983
1254
816
-121
-905
-944
-313
404
684
476
204
250
599
893
727
40
-762
-1150
-860
-231
185
195
4
45
299
577
654
306
-243
-711
-567
-24
188
-74
-479
-262
300
662
660
277
-49
-237
-104
37
-160
-428
-567
-254
134
382
467
209
-28
-169
-128
-169
-455
-460
-207
154
195
8
48
48
123
189
250
291
-15
-350
-640
-729
-507
-270
-85
-65
9
333
736
1021
672
-340
-1386
-1751
-1107
-196
214
31
-324
-230
368
1093
1233
346
-958
-1647
-1125
70
863
803
205
-139
224
1011
1471
974
-201
-1146
-1124
-191
786
1089
617
-36
-161
336
925
823
-91
-1093
-1381
-782
62
430
242
-146
-236
74
532
763
471
-96
-522
-513
-158
169
335
286
126
36
160
529
749
490
-190
-763
-702
-137
410
456
26
-344
-267
203
526
206
-510
-906
-516
203
399
-46
-509
-440
12
427
620
571
208
-358
-761
-692
-307
-151
-367
-614
-377
425
1246
1440
678
-654
-1689
-1721
-822
84
169
-436
-829
-361
631
1249
860
-343
-1428
-1529
-592
546
954
470
-246
-335
396
1276
1399
536
-626
-1150
-620
487
1207
968
93
-468
-144
658
1017
429
-616
-1244
-1000
-162
516
518
-111
-673
-524
190
773
637
-1
-529
-487
58
588
670
159
-414
-470
105
846
986
494
-93
-129
322
594
427
-93
-499
-520
-100
459
502
44
-359
-167
258
335
33
-459
-737
-723
-312
223
550
684
357
-286
-898
-877
-266
-61
-463
-920
-580
479
1428
1721
854
-786
-2030
-1787
-351
570
80
-1139
-1598
-627
997
1940
1337
-381
-1839
-1796
-344
1045
1056
-201
-1239
-866
644
1970
1898
475
-1067
-1395
-272
1135
1438
445
-741
-879
165
1306
1374
214
-1122
-1441
-583
530
824
111
-831
-1043
-263
810
1183
530
-453
-743
-120
724
945
344
-509
-815
-182
874
1317
720
-187
-409
165
788
749
108
-558
-669
-54
674
762
140
-495
-416
150
452
100
-586
-938
-656
66
718
926
454
-583
-1485
-1504
-546
287
-20
-994
-1262
-110
1615
2420
1482
-695
-2533
-2497
-635
1038
742
-1003
-2088
-1153
954
2302
1776
-187
-1938
-1986
-371
1271
1314
-206
-1585
-1256
536
2181
2237
720
-975
-1420
-381
1042
1456
494
-819
-1140
-124
1236
1560
513
-935
-1506
-822
347
911
407
-572
-1028
-468
542
983
510
-284
-551
-103
575
854
487
-154
-488
-179
464
837
661
238
107
318
603
534
145
-255
-347
-89
220
377
181
-116
-281
-75
209
185
-207
-577
-470
-38
518
744
523
-337
-1313
-1571
-821
190
197
-660
-1243
-443
1163
2157
1526
-415
-2250
-2558
-1065
655
790
-772
-2014
-1308
831
2333
1911
12
-1762
-1981
-589
1077
1293
-30
-1385
-1140
560
2069
2031
560
-953
-1312
-373
843
1152
289
-839
-1013
15
1228
1413
348
-964
-1411
-758
232
593
40
-818
-1012
-225
925
1332
670
-354
-708
-130
745
1035
512
-248
-523
-2
811
1194
814
101
-298
-34
534
842
574
-72
-503
-405
124
464
303
-256
-622
-375
158
499
263
-252
-576
-340
372
875
515
-837
-1940
-1672
-199
916
419
-878
-1330
-147
1588
2172
854
-1411
-2759
-2072
-33
1212
381
-1387
-1970
-610
1346
1935
834
-902
-1829
-1271
188
1140
714
-457
-1071
-304
1025
1674
1216
81
-764
-711
74
846
919
253
-408
-359
264
814
675
-158
-958
-1090
-475
272
386
-176
-717
-595
140
827
786
109
-574
-636
20
743
819
245
-299
-181
501
1056
1025
513
-31
-113
313
759
700
126
-324
-191
301
591
418
-43
-424
-344
45
270
-23
-558
-679
-319
262
605
483
-185
-1156
-1521
-942
70
286
-582
-1315
-856
632
1693
1348
-183
-1653
-1857
-738
593
617
-715
-1845
-1382
295
1437
1062
-178
-1059
-961
-141
669
756
53
-687
-632
234
1016
1069
525
-84
-326
-74
512
977
875
247
-254
-115
468
795
365
-567
-1213
-1001
-151
531
382
-360
-801
-412
463
965
556
-365
-957
-678
165
759
588
-14
-234
191
875
1129
778
221
-64
158
534
585
304
-14
53
312
439
289
-3
-112
-129
50
53
-101
-380
-509
-307
-12
352
478
372
-441
-1353
-1510
-772
94
-153
-1091
-1379
-280
1176
1785
912
-641
-1532
-1279
-131
539
-152
-1443
-1730
-697
709
1083
341
-398
-678
-396
155
606
498
15
-488
-393
275
735
832
424
-108
-400
-97
603
1161
1003
188
-275
-46
564
683
-34
-934
-1143
-557
218
443
-56
-561
-483
147
716
643
-43
-566
-462
87
474
254
-131
-190
240
682
818
574
337
412
546
659
385
71
-149
-11
270
380
412
196
249
249
261
134
-139
-429
-607
-360
-110
253
301
242
-21
-740
-1184
-937
-310
-239
-838
-1281
-503
770
1243
712
-328
-1030
-985
-497
-97
-211
-1034
-1394
-764
211
667
263
-215
-218
-11
-5
162
297
223
16
-287
-30
454
607
424
124
-53
93
450
627
644
239
-141
79
468
597
111
-663
-877
-415
29
83
-267
-615
-401
132
534
503
19
-355
-189
187
320
34
-379
-376
96
573
734
565
432
596
881
996
696
184
-285
-308
31
339
392
254
186
214
353
425
429
43
-567
-859
-579
-16
377
433
189
-248
-906
-999
-475
55
-211
-1113
-1445
-606
739
1255
713
-427
-1085
-891
-214
250
-166
-1069
-1486
-899
-4
419
99
-255
-261
-163
26
300
515
369
-53
-326
59
592
647
243
-225
-259
154
634
812
623
185
48
357
633
420
-254
-770
-652
-181
54
-104
-453
-549
-235
206
428
227
-169
-311
-117
206
331
100
-245
-330
-38
424
631
459
318
432
770
956
758
327
-78
-206
3
273
309
225
46
49
210
294
284
-11
-484
-732
-552
-136
369
518
240
-324
-884
-723
-89
175
-441
-1292
-1320
-222
869
983
350
-445
-666
-374
57
116
-425
-1203
-1356
-724
-91
78
-216
-396
-335
-163
145
582
684
201
-331
-328
332
835
619
-3
-365
-173
374
790
759
416
59
110
537
785
467
-213
-618
-432
-51
-40
-373
-665
-593
-188
181
285
80
-203
-249
-3
226
205
-55
-245
-120
203
459
414
268
276
582
840
807
511
165
14
27
184
156
19
-135
-26
274
411
343
88
-153
-419
-445
-282
10
229
208
45
-370
-647
-560
-203
-173
-686
-1107
-767
181
724
515
-95
-461
-388
-130
56
-113
-620
-1099
-1002
-503
-153
-245
-480
-455
-257
-24
247
549
521
137
-201
-54
445
648
347
-91
-137
208
611
744
620
447
371
493
650
620
269
-194
-387
-199
48
-24
-364
-598
-465
-133
65
24
-130
-212
-154
-28
95
63
-158
-363
-314
-23
210
220
188
372
634
722
577
346
182
80
60
110
161
147
152
223
274
251
138
-57
-342
-567
-510
-189
138
280
240
53
-245
-425
-301
-73
-215
-746
-1029
-569
254
602
266
-225
-360
-184
14
80
-80
-453
-787
-734
-364
-130
-236
-413
-414
-332
-227
26
377
438
102
-145
127
632
729
333
-47
-16
289
506
497
358
209
169
326
562
590
295
-33
-31
240
372
127
-272
-478
-393
-207
-130
-228
-399
-429
-239
17
127
52
-71
-107
-49
3
-16
-42
29
182
281
278
268
284
263
187
151
197
223
167
81
16
-25
-11
64
65
-130
-374
-337
3
298
260
4
-163
-168
-139
-102
-31
-76
-373
-689
-567
16
430
202
-321
-479
-180
127
174
36
-188
-434
-526
-360
-166
-244
-503
-606
-454
-232
-27
175
252
119
0
172
504
564
243
-86
-63
243
504
561
484
398
371
411
477
442
222
-37
-87
108
296
243
42
-78
-66
-66
-171
-322
-423
-427
-296
-47
179
207
43
-97
-104
-101
-194
-279
-225
-57
117
237
286
220
78
-12
22
107
122
67
19
9
3
-20
-49
-82
-117
-156
-186
-185
-115
-14
12
-39
-29
83
133
-1
-172
-168
-50
-62
-214
-247
-69
96
75
-6
21
78
44
3
56
76
-78
-281
-313
-205
-165
-207
-153
-7
55
21
64
202
239
62
-156
-198
-90
27
126
241
338
395
469
589
633
445
88
-172
-166
2
114
69
-46
-86
17
168
152
-115
-418
-478
-298
-105
-42
-47
-30
20
86
127
63
-106
-222
-168
-35
37
44
61
75
43
25
72
80
-40
-172
-130
40
125
55
-29
-42
-62
-135
-176
-117
-64
-154
-338
-429
-330
-139
-33
-59
-116
-95
-12
41
29
18
48
63
37
46
123
195
179
82
7
9
53
90
115
133
160
222
333
434
415
232
0
-128
-133
-141
-225
-266
-121
143
319
304
173
42
-17
15
87
114
69
57
153
256
205
-7
-213
-267
-200
-116
-83
-133
-224
-257
-160
-24
1
-103
-183
-128
18
124
129
73
32
48
104
138
90
-31
-139
-149
-60
55
116
88
14
-18
41
138
149
23
-151
-225
-142
1
54
-45
-207
-299
-283
-221
-189
-208
-269
-348
-383
-313
-184
-133
-189
-210
-109
26
71
32
5
23
47
51
65
104
147
155
148
200
336
456
446
341
271
309
372
343
203
51
3
101
247
276
128
-42
-58
78
188
129
-50
-188
-171
-13
133
113
-70
-234
-229
-108
-47
-113
-215
-248
-176
-42
74
90
5
-80
-52
71
138
77
-19
-33
27
84
126
148
108
14
-27
60
164
147
40
-20
2
18
-13
-50
-87
-162
-235
-198
-48
40
-69
-282
-386
-323
-222
-195
-242
-311
-347
-294
-139
-3
-39
-209
-319
-263
-143
-106
-161
-219
-216
-149
-35
73
78
-38
-156
-139
5
148
221
254
291
339
407
502
551
440
206
47
99
252
292
178
77
129
286
396
378
245
95
30
76
144
109
-40
-157
-134
-26
34
-2
-83
-140
-139
-81
-8
16
-29
-78
-38
89
183
141
19
-33
35
121
112
14
-92
-133
-83
18
77
37
-58
-102
-52
21
43
4
-68
-136
-146
-74
3
-21
-153
-266
-271
-218
-208
-258
-314
-332
-312
-256
-177
-132
-166
-240
-261
-199
-131
-132
-201
-265
-251
-159
-65
-34
-79
-156
-198
-159
-33
100
138
79
58
182
375
451
336
164
100
162
252
272
207
114
68
119
254
371
366
252
169
217
327
345
227
90
53
113
174
164
86
-2
-33
26
123
164
103
0
-27
61
170
182
84
-14
-11
72
126
72
-65
-183
-201
-128
-51
-51
-121
-167
-131
-42
31
42
-3
-76
-138
-153
-111
-58
-70
-170
-280
-302
-221
-128
-125
-225
-335
-350
-255
-137
-111
-197
-308
-332
-244
-121
-71
-136
-248
-292
-208
-64
9
-57
-174
-202
-94
65
145
102
10
-21
71
232
324
265
112
15
72
226
322
264
113
19
68
207
291
231
86
6
70
206
278
216
95
41
98
191
220
152
44
-15
13
81
118
93
38
20
65
127
151
124
87
75
82
78
50
17
-5
-4
9
21
13
-18
-40
-36
-8
13
8
-21
-58
-82
-82
-55
-27
-33
-69
-106
-111
-92
-89
-125
-189
-242
-259
-238
-208
-189
-199
-234
-255
-234
-186
-152
-169
-221
-255
-226
-144
-70
-59
-108
-144
-105
-14
49
35
-16
-21
47
141
192
170
98
43
55
113
165
163
106
39
11
33
83
121
126
109
96
107
132
146
135
112
97
97
106
114
109
85
60
49
59
75
85
88
85
69
47
32
31
38
31
2
-28
-33
-16
-7
-18
-42
-56
-51
-28
-8
-3
-14
-32
-26
4
29
18
-16
-31
-11
12
10
-22
-54
-66
-69
-74
-87
-96
-98
-104
-115
-120
-125
-133
-146
-158
-163
-166
-163
-149
-127
-105
-94
-91
-76
-39
4
26
23
16
28
46
52
45
47
60
60
46
37
45
59
57
42
34
36
40
46
61
73
66
44
35
55
78
81
69
61
61
62
68
92
112
98
59
38
60
93
99
73
35
14
21
49
73
61
13
-29
-28
13
38
11
-43
-79
-72
-44
-22
-24
-48
-66
-55
-21
16
21
-8
-36
-44
-43
-42
-44
-55
-76
-96
-108
-94
-70
-65
-80
-99
-105
-98
-91
-93
-97
-104
-113
-117
-112
-96
-75
-58
-51
-49
-39
-16
8
24
33
36
40
49
65
82
79
60
41
42
54
58
43
19
3
3
15
33
41
35
23
19
33
57
75
78
72
71
80
98
114
123
115
99
87
91
109
124
113
86
63
62
77
84
64
31
5
-6
-1
9
4
-21
-51
-67
-60
-42
-39
-54
-71
-76
-61
-40
-29
-34
-47
-59
-60
-49
-35
-39
-55
-70
-72
-55
-38
-37
-48
-61
-67
-71
-80
-84
-85
-85
-90
-94
-88
-73
-53
-42
-43
-48
-49
-35
-8
15
17
11
2
6
26
46
56
52
33
20
25
36
40
27
1
-19
-19
-2
19
31
28
21
27
50
76
94
86
63
47
48
65
86
93
84
73
73
97
129
135
111
65
32
35
50
51
27
-8
-28
-13
21
46
40
14
-9
-15
-4
2
-9
-42
-65
-62
-35
-7
0
-10
-27
-37
-39
-39
-49
-73
-99
-112
-108
-94
-81
-84
-92
-92
-81
-64
-60
-70
-73
-64
-46
-26
-9
2
10
13
16
21
27
27
26
22
24
32
42
50
47
37
30
22
13
1
-17
-30
-33
-32
-31
-32
-25
2
32
51
52
39
32
44
63
74
66
50
45
61
87
107
107
93
77
71
77
85
78
52
23
8
13
24
23
-1
-29
-47
-41
-26
-17
-22
-39
-48
-43
-27
-10
-9
-18
-24
-19
-2
15
24
19
8
-1
-6
-6
-9
-17
-33
-51
-68
-71
-64
-56
-54
-62
-72
-70
-59
-42
-26
-22
-25
-25
-12
7
23
24
18
8
7
16
23
22
14
10
13
18
23
20
14
10
3
-6
-19
-28
-38
-46
-58
-62
-54
-42
-31
-24
-27
-23
-10
4
16
26
30
38
49
58
68
79
86
94
100
103
101
96
95
93
88
75
64
57
51
44
33
24
19
13
0
-12
-23
-27
-30
-34
-40
-39
-32
-29
-28
-28
-19
-7
0
-3
-11
-20
-28
-36
-44
-58
-76
-88
-90
-89
-86
-87
-93
-98
-103
-95
-75
-60
-58
-62
-51
-22
14
37
42
43
52
69
81
85
77
64
58
55
55
49
39
24
7
-10
-23
-26
-24
-29
-40
-51
-51
-36
-18
-12
-17
-20
-12
5
18
20
13
12
21
38
56
63
63
62
68
82
96
96
89
80
74
72
68
56
39
23
13
8
5
1
-7
-18
-23
-22
-23
-22
-30
-43
-51
-48
-43
-40
-40
-41
-33
-19
-9
-3
-5
-12
-17
-23
-31
-37
-47
-57
-58
-55
-51
-49
-50
-51
-45
-36
-30
-28
-27
-22
-14
-7
-5
-3
-9
-13
-12
-11
-8
-2
2
7
14
21
30
39
38
31
20
13
13
16
8
-7
-17
-16
-3
10
10
6
5
14
31
45
47
47
52
63
78
87
86
75
63
63
69
73
68
55
45
44
50
50
39
26
12
8
7
4
0
-11
-18
-26
-29
-31
-35
-40
-50
-57
-57
-50
-41
-38
-38
-36
-28
-15
-5
-4
-12
-16
-17
-20
-22
-25
-28
-28
-29
-31
-38
-46
-51
-46
-46
-51
-57
-57
-47
-32
-17
-3
6
14
21
23
26
25
16
3
-6
-7
-2
5
10
11
10
11
11
12
11
3
-5
-7
-1
9
13
9
5
7
18
28
37
39
36
33
36
38
35
27
19
17
15
16
20
22
21
19
18
16
11
4
-7
-14
-21
-23
-20
-19
-16
-14
-12
-9
-3
-2
-4
-6
-9
-8
-4
-3
-5
-5
-5
-7
-9
-13
-15
-18
-22
-19
-17
-14
-10
-9
-6
-5
-7
-14
-21
-24
-24
-22
-23
-23
-20
-16
-8
0
3
7
11
13
15
21
27
26
22
18
17
22
25
23
22
20
23
26
28
24
17
9
1
-1
-3
-5
-8
-14
-14
-11
-7
-4
-4
-3
0
3
5
4
3
-3
-10
-10
-6
-4
-2
1
3
8
16
14
8
1
-7
-8
-13
-20
-23
-22
-19
-14
-8
-5
-3
0
0
-1
-5
-8
-11
-11
-9
-7
-4
-2
1
5
8
3
1
2
3
1
-2
-6
-6
-5
-7
-10
-11
-14
-16
-13
-9
-6
-6
-7
-3
-1
3
7
7
5
7
10
13
12
15
19
23
24
20
14
6
4
3
1
-1
-3
-3
-1
0
-2
-7
-13
-13
-14
-14
-13
-14
-13
-7
0
6
12
16
18
19
20
20
19
17
13
14
14
9
5
0
-2
-6
-10
-15
-21
-21
-22
-22
-21
-25
-26
-22
-20
-18
-14
-13
-14
-6
-1
1
3
5
10
14
17
18
20
19
18
18
16
13
12
9
6
3
-1
-3
-6
-11
-13
-11
-9
-6
-6
-9
-11
-9
-10
-9
-8
-6
-1
1
2
2
1
4
7
7
3
-1
-3
-3
-6
-8
-9
-9
-8
-7
-6
-4
-6
-7
-9
-9
-8
-8
-8
-4
1
2
5
7
11
16
19
18
14
10
10
12
13
11
10
8
4
4
2
-1
-1
-4
-7
-8
-9
-9
-12
-11
-10
-9
-9
-8
-9
-7
-8
-13
-9
-4
-3
-2
2
5
8
7
9
11
12
13
15
13
12
13
9
7
9
10
5
2
-1
-3
-1
1
2
0
-4
-6
-4
-3
-6
-7
-6
-4
-2
-2
-2
-2
-2
-3
1
2
0
2
0
-4
-5
-3
-1
2
0
0
2
1
-1
-6
-10
-8
-2
3
1
-1
-3
-2
4
6
8
9
4
-5
-28
-34
-18
0
13
12
12
7
1
-5
-5
-15
-34
-19
-23
-61
-67
-26
19
26
15
16
27
16
-7
-7
-49
-132
-131
-20
102
139
97
66
47
-5
-52
-78
-73
-38
9
78
137
136
107
59
-3
-14
25
28
25
50
63
72
85
74
44
13
-16
-26
-15
-18
-40
-59
-51
0
54
65
49
50
55
35
10
-27
-84
-149
-175
-141
-78
-25
-8
-11
-19
-24
-18
-17
-30
-39
-21
8
10
-2
-12
-38
-93
-140
-139
-109
-76
-34
14
40
28
9
-3
-19
-46
-68
-66
-37
7
47
47
20
5
0
-36
-87
-99
-87
-65
-18
69
148
148
53
-80
-159
-141
-39
124
291
388
355
230
121
38
-91
-317
-534
-546
-320
-14
198
260
206
105
67
136
231
175
-58
-232
-184
0
129
130
60
-30
-98
-33
177
324
202
-65
-151
13
185
157
10
-120
-242
-347
-357
-251
-198
-273
-276
-17
363
566
491
256
45
-79
-126
-164
-257
-381
-439
-298
8
326
470
414
303
282
352
354
190
-93
-271
-260
-119
61
235
390
368
215
105
221
365
229
-62
-297
-351
-473
-578
-474
-353
-488
-870
-856
-362
182
365
334
440
475
401
334
455
386
-116
-577
-551
-157
1
-40
9
146
127
79
371
701
545
-81
-444
-312
-119
-205
-375
-295
-176
-149
-78
208
426
244
-157
-392
-279
-111
-137
-332
-416
-262
-8
200
333
460
475
334
202
278
404
261
-91
-289
-122
117
208
188
220
258
192
144
203
340
334
262
277
448
652
681
535
245
7
-290
-677
-1096
-1303
-1147
-998
-921
-821
-430
-11
176
271
402
483
196
-97
-51
255
280
-18
-109
95
303
223
225
377
367
38
-214
29
327
177
-322
-523
-413
-383
-499
-456
-105
81
11
-10
243
406
140
-273
-427
-288
-233
-234
-139
99
253
195
210
336
485
405
182
61
89
155
91
104
182
295
261
172
292
389
395
188
135
257
354
449
492
737
846
931
914
730
376
-415
-1135
-1832
-2131
-2089
-1845
-1384
-932
-235
329
826
1009
982
749
241
-101
-256
-90
-106
-149
-52
246
504
505
591
632
527
34
-339
-388
-388
-677
-1117
-1125
-975
-881
-913
-610
27
455
621
730
956
901
489
-3
-261
-425
-715
-831
-606
-38
369
456
441
422
391
206
40
11
42
-64
-78
156
474
630
425
261
265
282
254
240
231
225
223
340
736
1108
1291
1302
1080
660
115
-665
-1480
-2232
-2714
-2618
-2217
-1528
-618
361
1031
1242
1206
1094
763
24
-507
-551
-302
-228
-138
429
1079
1284
937
806
926
581
-299
-997
-1069
-1085
-1541
-1936
-1504
-881
-692
-682
-203
779
1220
1073
967
1030
850
160
-460
-542
-484
-677
-805
-449
319
755
564
291
159
80
-165
-427
-294
-28
70
136
389
758
842
497
172
131
152
49
-91
29
338
554
705
1013
1445
1621
1240
607
-57
-914
-1974
-2880
-2995
-2581
-2100
-1424
-287
1084
1763
1658
1336
1011
317
-702
-1195
-850
-345
-280
-7
917
1882
1995
1436
1168
950
111
-1125
-1770
-1642
-1687
-2204
-2252
-1370
-468
-94
126
792
1492
1425
1052
919
879
465
-328
-768
-648
-428
-331
-147
266
646
553
100
-227
-395
-572
-830
-833
-347
227
607
844
1136
1310
998
397
-25
-209
-339
-531
-476
51
577
951
1243
1596
1923
1693
927
113
-670
-1622
-2654
-3366
-3143
-2437
-1756
-792
534
1884
2260
1737
1144
643
-225
-1381
-1779
-1140
-296
30
567
1731
2687
2493
1504
915
438
-675
-2091
-2707
-2410
-2231
-2536
-2204
-890
212
565
642
1285
1876
1519
853
641
649
162
-630
-785
-148
300
274
268
544
718
157
-637
-990
-1007
-1084
-1166
-666
357
1184
1423
1504
1651
1472
722
-234
-712
-828
-883
-788
-229
655
1331
1632
1769
2004
1925
1278
126
-921
-1711
-2605
-3346
-3543
-2722
-1683
-816
232
1644
2796
2558
1534
520
-252
-1321
-2263
-1915
-677
274
618
1469
2862
3479
2545
1197
374
-649
-2303
-3626
-3454
-2647
-2471
-2482
-1353
392
1266
1180
1251
1870
1799
837
84
168
228
-398
-866
-354
595
827
533
471
646
279
-777
-1542
-1536
-1232
-1110
-778
219
1402
1955
1879
1780
1650
1005
-131
-1003
-1134
-994
-853
-449
464
1503
1959
1986
1995
1935
1456
248
-1059
-1889
-2610
-3302
-3689
-3125
-1714
-497
394
1469
2647
2905
1907
549
-326
-1131
-2310
-2697
-1570
125
1068
1605
2754
3844
3428
1680
253
-551
-1890
-3717
-4413
-3526
-2413
-2107
-1602
146
1731
1977
1519
1499
1793
1147
-115
-494
-4
213
-167
-312
515
1280
996
343
41
-53
-770
-1948
-2252
-1555
-819
-404
165
1421
2510
2383
1709
1249
822
-100
-1368
-1792
-1194
-592
-219
457
1634
2499
2399
1893
1578
1276
335
-1070
-1953
-2296
-2711
-3209
-3160
-2046
-600
268
985
2025
2729
2211
801
-364
-951
-1743
-2654
-2260
-525
1059
1774
2325
3365
3830
2507
476
-733
-1567
-2964
-4376
-4375
-2906
-1723
-1399
-489
1228
2280
1985
1247
1243
1358
409
-635
-504
238
510
128
178
1000
1267
521
-323
-580
-698
-1463
-2281
-2014
-924
-39
354
1042
2235
2724
2055
1091
541
60
-960
-1885
-1628
-636
159
679
1446
2470
2669
2028
1292
898
489
-605
-1794
-2135
-2143
-2482
-2737
-2439
-980
276
663
1335
2165
2424
1382
-170
-970
-1130
-1878
-2440
-1354
535
1923
2208
2583
3376
3119
1137
-871
-1626
-2337
-3539
-4405
-3697
-1875
-850
-667
363
1790
2114
1479
697
804
866
-113
-704
-136
708
897
522
460
924
659
-485
-1206
-1328
-1309
-1797
-2143
-1206
197
1037
1278
1750
2475
2311
1177
130
-274
-693
-1433
-1737
-905
396
1039
1523
2090
2531
2324
1155
435
21
-508
-1186
-1913
-1741
-1443
-1593
-1853
-1515
-399
405
584
758
1434
1552
509
-636
-1029
-792
-1259
-1710
-580
1221
2307
2175
2190
2894
2414
366
-1501
-2014
-2184
-3246
-4056
-3087
-1208
-336
-416
312
1680
1892
897
236
689
1016
140
-418
398
1317
1249
460
379
777
130
-1260
-2070
-1762
-1469
-1810
-1756
-478
1043
1585
1629
1957
2373
1639
51
-770
-741
-784
-1307
-1241
14
1219
1571
1565
2043
2325
1487
256
-465
-399
-552
-1095
-1316
-1004
-668
-1017
-1247
-1073
-334
106
-173
-20
425
807
316
-422
-462
-273
-596
-1202
-460
1176
2157
1967
1604
2005
1931
376
-1245
-1617
-1647
-2462
-3453
-2939
-1163
-127
-420
-163
985
1332
696
6
562
1356
716
86
697
1576
1525
514
-94
90
-430
-1684
-2138
-1540
-902
-987
-1112
-153
1085
1356
1100
1214
1538
1105
-91
-733
-417
-255
-672
-729
195
1182
1405
1226
1403
1734
1023
-89
-485
-386
-359
-751
-1104
-736
-275
-724
-1018
-986
-610
-76
-411
-340
266
613
302
-214
-230
59
-108
-924
-437
1014
1872
1844
1537
1856
1879
421
-1260
-1566
-1539
-2287
-3184
-2863
-1324
-197
-460
-319
880
1132
496
-3
536
1529
1142
215
573
1298
1088
275
-225
26
-261
-1450
-1937
-1213
-543
-776
-1151
-496
747
1260
1203
1335
1655
1271
-61
-682
-400
-258
-431
-714
69
1237
1558
1566
1590
1545
763
-366
-923
-828
-610
-873
-1173
-806
-352
-464
-712
-1042
-647
-130
-396
-213
233
594
348
-285
-266
198
-128
-891
-214
1144
2026
1798
1321
1794
1597
-127
-1573
-1657
-1562
-2322
-3152
-2531
-733
130
-454
-40
1074
1095
429
-144
644
1600
810
83
910
1604
1268
221
-422
-3
-547
-1863
-2041
-1198
-580
-953
-1055
124
1522
1743
1204
1304
1575
796
-593
-1087
-599
-290
-574
-466
809
1935
1944
1629
1483
1097
152
-1071
-1384
-1045
-859
-889
-974
-147
159
-214
-731
-1257
-510
-360
-698
-450
113
633
257
-92
208
647
-180
-999
-20
1277
1826
1269
1012
1770
1300
-550
-1508
-1235
-1250
-2418
-3232
-2244
-410
-24
-787
32
1102
1044
384
45
1261
1873
729
122
906
1412
806
-400
-800
-176
-816
-2036
-1865
-789
-84
-549
-750
539
1745
1500
835
1057
1455
510
-887
-1020
-232
302
-187
-114
1361
2020
1612
1194
969
897
-211
-1545
-1466
-754
-552
-1019
-708
-48
75
-665
-1588
-719
-83
-417
-660
-161
874
722
122
103
730
219
-1152
-741
731
1731
1385
821
1546
1703
181
-1254
-1415
-1170
-2046
-3206
-2854
-1168
-96
-524
-308
759
1104
639
185
910
1921
1333
182
344
938
863
41
-664
-186
-157
-1229
-1652
-978
-67
-213
-901
-422
903
1528
1104
1015
1540
1168
-213
-1108
-652
291
140
-271
581
1763
1899
1234
960
929
224
-1164
-1822
-886
-323
-981
-941
-368
-33
-509
-1812
-1087
117
-210
-351
111
1064
1244
395
127
822
181
-1264
-1022
240
1487
1316
805
1484
1606
285
-1053
-1251
-1256
-2144
-3133
-2935
-1375
-225
-500
-13
842
961
803
349
898
1546
784
-30
115
549
661
143
-351
-24
-44
-698
-1066
-926
-545
-609
-792
-213
900
1629
1434
1230
1517
1146
73
-898
-981
-138
-96
-285
591
1658
2002
1430
934
858
391
-898
-1748
-1087
-784
-1212
-933
-586
-118
-731
-2010
-1046
-85
-173
-95
392
1154
1314
687
519
984
-263
-1309
-655
369
1271
884
896
1816
1452
-11
-882
-754
-1234
-2549
-3211
-2546
-920
-468
-772
421
1299
1086
745
599
1314
1281
-182
-528
344
624
315
-260
-92
522
-79
-872
-903
-749
-1036
-1503
-1004
285
1165
1219
1257
1767
1882
933
-207
-634
-654
-725
-829
-237
1036
1703
1565
1585
1710
1361
251
-1085
-1448
-1073
-1462
-1722
-904
-447
-359
-1286
-1578
-192
-4
-451
-301
680
1379
1078
688
934
925
-707
-1402
-318
918
1151
564
1084
1817
1182
-314
-1078
-709
-1469
-2952
-3176
-2156
-436
-247
-565
666
1438
1196
609
422
1035
756
-694
-747
362
936
684
-92
282
781
-90
-1086
-1214
-689
-815
-1457
-928
675
1671
1425
1095
1590
1689
395
-816
-762
-251
-462
-1125
-263
1537
1902
1460
1305
1652
1501
-99
-1226
-788
-914
-1977
-1974
-1338
-594
-1176
-2205
-800
253
-43
-220
500
1494
1393
771
757
1103
-317
-1429
-512
704
1240
716
874
1901
1464
-141
-933
-832
-1332
-2713
-3303
-2491
-779
-255
-478
654
1346
1390
869
145
594
529
-637
-1009
-309
723
1205
599
450
975
553
-719
-1558
-1291
-733
-1064
-1278
-129
1537
2058
1387
1419
1890
1183
-411
-1359
-645
-58
-852
-947
530
1898
1980
1371
1502
2160
1033
-726
-1060
-1063
-1124
-2202
-2959
-2205
-1948
-1672
-949
186
1192
1209
937
980
1371
971
130
-754
-1301
-607
11
835
1778
2066
2171
1392
260
-450
-1134
-1990
-2827
-3028
-2640
-1602
-541
185
1281
1486
1093
933
348
20
-403
-1000
-768
-401
-51
834
1515
1804
1616
761
-172
-1132
-1874
-1926
-1602
-1041
-212
727
1600
1970
2108
2148
1506
330
-819
-1297
-1068
-892
-587
63
709
1472
1915
2055
2030
1261
554
-231
-1401
-1512
-1714
-2146
-2628
-3468
-2310
-864
-328
413
1250
2122
1764
825
621
749
-366
-2077
-1655
220
1531
1704
1848
2826
2827
898
-991
-1271
-1543
-3018
-3908
-3357
-1434
23
-197
844
2231
1916
1035
-308
-534
-32
-992
-1520
-646
466
1274
1313
1406
2097
1765
-99
-1797
-2106
-1497
-1460
-1625
-578
1079
1994
1635
1604
2575
2188
162
-1332
-1274
-620
-824
-1177
-62
1333
1340
1136
1601
2242
1616
123
-486
-723
-670
-1559
-2273
-2140
-2647
-2213
-1671
-882
262
870
1204
1180
1293
903
300
-855
-1621
-545
356
917
1545
2054
2724
2143
649
-109
-611
-1685
-3129
-3494
-2725
-1420
-675
-552
802
1610
1337
765
-110
-305
-597
-1230
-1097
-162
705
1399
1666
1664
1641
937
-380
-1771
-2289
-1864
-1399
-949
-49
1405
2459
2089
1563
1774
1421
25
-1373
-1455
-560
-343
-529
308
1595
1906
1442
1289
1556
1175
134
-883
-880
-303
-1167
-1881
-2334
-2088
-1039
-1255
-1020
-176
680
623
149
451
692
198
-1314
-1291
417
1331
1329
1401
2207
2604
1412
38
-340
-425
-1575
-2815
-2598
-1773
-706
-544
-303
999
1031
387
-360
-1029
-841
-973
-1204
-569
491
1429
2020
2055
1847
1575
408
-1395
-2601
-2606
-1889
-1415
-802
566
2123
2572
1958
1849
1966
823
-1156
-2054
-1311
-563
-712
-477
911
1953
1695
1316
1816
1903
603
-501
-1062
-514
-494
-1684
-1466
-1510
-1212
-889
-1028
-173
225
304
-35
-3
185
-333
-972
-1515
-631
712
1232
1725
2206
2406
1954
954
90
-497
-1206
-2193
-2164
-1700
-1196
-126
91
667
1152
395
28
-848
-1704
-1714
-1823
-1223
-318
520
1823
2744
3035
2565
1532
316
-1483
-2892
-3106
-2584
-1602
-617
534
2217
3146
2801
2437
1790
504
-969
-2293
-2117
-1246
-846
-214
624
1558
2084
2063
1892
1356
479
-324
-1178
-1323
-777
-747
-820
-1294
-1032
-72
-170
-497
-335
299
50
-780
-844
-403
-363
-1296
-1167
427
1330
1237
1238
1797
2051
987
-249
-355
-336
-1059
-1640
-1310
-540
86
-110
12
781
504
-78
-798
-1399
-1300
-1539
-1526
-868
16
1055
1702
2040
2214
2168
1392
-259
-1631
-2120
-2038
-2049
-1688
-311
1340
2130
1929
2113
2555
1794
117
-1054
-1026
-956
-1529
-1465
-413
647
841
929
1763
2155
1456
480
67
-152
-552
-858
-1080
-1083
-1294
-1188
-443
-205
41
623
694
206
-226
-305
-385
-1236
-2077
-1193
-47
98
363
1245
2301
1980
652
392
463
-512
-1865
-1949
-999
-559
-609
-251
1149
1715
775
366
218
-455
-1605
-2428
-1881
-959
-747
-200
1082
1935
2214
2070
1654
785
-702
-1666
-2037
-2144
-1826
-938
456
1213
1556
2251
2652
2116
890
-79
-512
-1100
-1897
-1805
-923
-280
76
617
1616
2110
1658
915
399
220
-514
-885
-594
-613
-631
-874
-574
179
303
313
537
382
-160
-341
-240
-317
-963
-1424
-843
-320
-236
193
1162
1723
1003
222
106
-230
-976
-1554
-1078
-402
-497
-198
653
1361
1291
750
729
403
-720
-1463
-1294
-839
-815
-954
-307
622
816
905
1355
1415
550
-715
-1102
-912
-1230
-1376
-743
169
596
607
1290
2112
1662
610
33
-149
-614
-1432
-1344
-462
-252
-417
-12
872
1292
788
505
732
337
-391
-589
-212
264
40
-119
197
85
-210
-386
-328
-37
-52
-123
215
465
420
117
-347
-338
-247
-395
-350
-142
186
64
-463
-475
-199
-157
-435
-570
-134
167
68
100
396
714
529
89
106
231
89
-273
-528
-285
-50
-173
-167
145
531
580
294
331
530
264
-311
-642
-357
-88
-302
-237
339
865
705
141
137
264
-242
-978
-1154
-684
-448
-714
-574
137
614
521
292
561
834
504
125
-53
-10
-86
-361
-178
140
276
301
173
236
355
291
147
-94
-216
-91
-12
55
251
383
300
-162
-535
-393
-291
-376
-531
-502
-255
-349
-408
-84
207
221
-102
-221
20
-15
-195
-211
-137
-115
-333
-326
40
281
365
379
485
640
637
653
638
482
323
122
-71
-189
-194
24
107
-83
-165
-117
-90
-281
-537
-481
-461
-757
-959
-767
-299
-30
-44
188
534
574
397
273
387
306
-144
-450
-491
-382
-274
-92
359
717
782
751
669
503
149
-236
-342
-333
-323
-128
194
467
505
382
384
307
-26
-307
-353
-290
-347
-443
-244
67
131
75
132
243
109
-272
-503
-516
-560
-693
-689
-415
-116
54
238
536
833
867
655
422
244
101
-130
-351
-307
-156
-112
-165
-105
197
303
71
-116
-236
-427
-812
-1103
-859
-534
-401
-128
316
740
783
608
638
467
-48
-480
-666
-655
-708
-616
-55
410
549
687
887
993
630
132
25
-130
-429
-538
-322
198
463
537
824
923
769
501
221
112
-137
-419
-447
-461
-391
-209
-9
207
205
186
201
-81
-390
-563
-642
-724
-983
-943
-543
-278
-26
312
728
1034
823
498
329
43
-286
-626
-724
-509
-380
-196
102
415
667
512
136
-184
-448
-622
-856
-922
-562
-143
96
261
632
1097
1023
487
114
-16
-331
-922
-1072
-531
-103
-139
-78
465
931
681
302
399
435
-57
-653
-648
-177
-27
-33
352
813
895
690
654
793
551
76
-134
-198
-340
-436
-216
157
195
57
141
252
111
-151
-224
-247
-572
-890
-808
-558
-423
-323
29
446
434
292
391
472
229
-262
-470
-394
-522
-613
-344
125
373
208
165
270
89
-176
-339
-363
-418
-599
-408
13
246
437
583
649
438
-1
-107
-133
-409
-595
-513
-221
-145
-225
121
468
326
2
-105
82
-35
-449
-374
-22
78
-17
35
459
631
335
278
438
448
223
-5
126
206
17
40
291
481
449
357
472
485
216
8
-55
-157
-376
-533
-431
-256
-191
-68
113
171
73
-45
-86
-149
-278
-342
-329
-327
-310
-180
-3
62
40
34
-7
-142
-267
-244
-149
-159
-161
15
236
316
302
372
444
259
-26
-135
-137
-215
-337
-247
-30
-24
-112
-43
76
1
-223
-281
-206
-332
-517
-390
-82
44
-24
67
349
366
103
22
148
102
-207
-370
-146
46
-19
44
374
622
575
477
629
740
501
215
118
65
-120
-307
-198
54
128
113
159
226
173
-1
-103
-153
-275
-376
-371
-283
-168
-58
70
119
31
-56
-92
-179
-319
-408
-352
-256
-248
-137
132
334
367
316
340
346
140
-61
-84
-66
-122
-205
-132
36
64
36
71
107
45
-117
-219
-233
-293
-333
-267
-136
-19
49
130
200
160
62
-41
-154
-277
-397
-424
-369
-295
-154
42
213
348
464
559
558
445
358
314
196
23
-43
45
93
3
4
178
272
157
64
189
288
104
-99
-34
78
-60
-258
-153
76
8
-214
-178
32
-18
-307
-371
-192
-212
-458
-487
-184
9
-93
-97
167
310
139
-3
123
201
-25
-245
-166
-27
-93
-176
0
250
236
85
100
185
92
-118
-159
-14
25
-59
-43
69
96
0
-69
-47
-78
-193
-258
-254
-232
-185
-83
51
126
175
268
315
261
194
187
179
53
-94
-116
-100
-154
-205
-135
6
64
68
149
267
296
211
130
114
85
21
-7
22
77
104
115
114
76
26
-38
-146
-261
-310
-282
-242
-214
-119
52
167
173
158
165
110
-40
-179
-233
-274
-333
-328
-222
-103
-31
57
165
188
125
74
55
-30
-163
-203
-137
-101
-117
-41
146
250
198
160
197
157
-28
-172
-144
-103
-162
-158
34
235
273
251
311
332
156
-90
-217
-249
-338
-437
-368
-173
-24
53
149
260
267
162
62
-11
-77
-104
-72
6
91
180
286
304
230
161
96
-19
-190
-295
-219
-137
-141
-78
88
234
203
97
137
167
31
-124
-159
-111
-166
-291
-269
-154
-105
-104
-41
109
170
103
52
1
-93
-225
-328
-306
-225
-117
51
230
392
492
481
393
230
37
-150
-334
-411
-352
-211
-34
151
365
510
466
323
147
-58
-298
-501
-544
-464
-365
-219
0
205
294
278
264
231
95
-61
-106
-70
-67
-78
15
160
189
124
111
135
51
-112
-177
-131
-137
-203
-162
-11
70
46
68
174
205
114
56
79
49
-83
-175
-170
-180
-248
-245
-129
-19
8
24
63
33
-96
-212
-250
-271
-282
-202
-17
163
295
428
545
540
414
255
97
-90
-269
-344
-301
-220
-116
45
218
298
281
241
159
-9
-191
-286
-303
-323
-322
-225
-79
5
41
124
231
254
198
182
208
164
49
-25
-17
-28
-94
-104
-15
71
80
69
97
100
13
-97
-145
-154
-163
-142
-46
91
206
281
312
281
183
42
-113
-257
-347
-341
-268
-187
-97
12
79
32
-83
-169
-228
-314
-365
-272
-75
87
202
357
513
529
396
261
171
27
-180
-291
-242
-167
-161
-109
43
144
108
45
51
43
-59
-156
-158
-135
-175
-213
-163
-68
-18
13
106
217
252
232
224
212
130
11
-66
-98
-125
-130
-72
41
128
155
154
130
43
-99
-221
-286
-305
-274
-161
15
191
323
395
397
316
178
21
-122
-227
-275
-255
-190
-118
-53
-3
4
-53
-130
-183
-211
-223
-186
-84
50
173
281
370
410
371
264
146
35
-75
-157
-176
-136
-76
-24
27
71
78
46
2
-34
-68
-101
-120
-115
-107
-105
-99
-71
-24
23
77
126
159
164
135
83
18
-52
-102
-118
-97
-40
38
112
165
177
139
54
-67
-192
-289
-335
-323
-248
-116
36
173
277
324
306
231
128
29
-55
-112
-131
-110
-66
-35
-32
-42
-72
-136
-209
-259
-268
-242
-190
-102
13
125
210
261
281
269
217
132
44
-26
-73
-101
-112
-98
-56
-8
24
49
80
102
82
38
9
1
-28
-84
-109
-81
-53
-52
-24
63
150
168
142
137
134
64
-44
-88
-53
-21
-12
38
140
205
168
93
37
-44
-165
-270
-294
-245
-194
-141
-51
61
130
136
128
127
107
54
17
15
20
2
-18
-27
-46
-92
-142
-168
-171
-171
-160
-112
-49
5
44
84
120
130
120
114
112
105
90
86
86
76
48
11
-28
-76
-130
-164
-164
-141
-96
-32
36
91
116
118
100
52
-6
-57
-86
-92
-78
-42
3
42
67
84
94
89
70
47
33
18
9
9
12
6
-13
-31
-48
-64
-72
-70
-68
-74
-89
-94
-83
-67
-35
18
82
137
181
213
217
182
99
-5
-108
-208
-282
-305
-271
-197
-103
7
116
194
221
201
146
59
-41
-118
-145
-118
-55
32
127
196
216
186
113
10
-102
-195
-246
-243
-188
-90
25
134
217
263
256
200
114
19
-72
-142
-179
-172
-136
-88
-35
23
71
92
87
69
43
8
-29
-61
-74
-69
-56
-25
20
61
81
73
37
-22
-93
-163
-201
-192
-142
-61
43
148
237
287
284
230
133
2
-135
-244
-299
-298
-249
-157
-43
67
154
206
218
186
109
11
-81
-144
-165
-143
-74
24
116
178
204
185
121
21
-92
-193
-256
-275
-242
-157
-45
71
168
233
255
233
172
89
5
-73
-132
-160
-156
-122
-64
-5
48
83
96
92
72
37
-2
-40
-68
-74
-56
-17
35
87
131
138
107
45
-33
-113
-181
-214
-195
-130
-33
80
187
270
297
256
166
40
-94
-212
-290
-311
-276
-193
-79
46
153
217
231
187
98
-8
-107
-177
-202
-177
-112
-20
77
149
194
194
139
47
-57
-154
-223
-250
-232
-171
-82
16
104
172
208
205
170
112
47
-14
-69
-103
-105
-82
-46
-1
44
85
110
99
64
19
-37
-95
-133
-135
-101
-38
38
115
179
204
177
116
29
-70
-159
-218
-222
-172
-81
38
162
258
306
291
217
96
-49
-194
-306
-358
-343
-261
-132
16
151
250
287
258
177
61
-62
-166
-228
-229
-176
-87
28
143
222
251
218
136
23
-101
-211
-282
-303
-277
-206
-100
23
129
202
232
223
178
102
18
-54
-108
-137
-134
-96
-34
29
80
119
133
112
62
5
-49
-98
-127
-113
-68
-14
40
96
135
135
94
31
-42
-120
-189
-217
-192
-125
-35
65
161
227
247
216
152
67
-34
-125
-180
-190
-158
-91
-5
87
159
189
177
127
53
-31
-112
-173
-193
-163
-104
-33
48
131
178
174
138
89
20
-69
-144
-180
-181
-167
-131
-62
22
88
133
169
185
163
107
38
-21
-78
-135
-167
-160
-126
-84
-38
14
57
75
67
45
23
2
-18
-22
-7
17
41
59
73
80
67
37
-7
-49
-79
-96
-95
-70
-29
16
55
84
93
80
41
-12
-56
-90
-105
-94
-59
-10
39
76
98
97
75
31
-20
-69
-104
-120
-111
-74
-19
38
87
122
133
120
85
39
-8
-58
-101
-119
-112
-91
-53
-2
53
102
128
137
136
115
67
6
-46
-91
-126
-144
-137
-107
-70
-31
8
40
55
47
31
19
3
-16
-25
-22
-9
5
22
43
53
44
24
1
-23
-41
-53
-50
-30
-9
7
22
30
27
15
1
-12
-23
-28
-23
-7
15
37
52
58
64
56
30
0
-31
-57
-75
-83
-76
-51
-16
14
44
72
91
92
77
49
17
-21
-59
-84
-86
-71
-41
9
66
116
146
155
139
98
37
-39
-110
-158
-187
-193
-167
-118
-61
-6
41
74
90
81
49
16
-15
-43
-62
-59
-35
-3
27
53
71
73
57
26
-6
-32
-55
-74
-74
-58
-36
-13
14
44
63
68
65
59
44
22
2
-14
-22
-29
-33
-26
-10
-2
2
2
-4
-10
-22
-24
-22
-14
0
18
38
55
67
68
58
37
6
-18
-40
-57
-62
-48
-22
10
48
80
102
102
79
43
3
-42
-84
-111
-116
-105
-81
-52
-15
21
42
50
51
41
22
5
-11
-24
-26
-21
-13
-4
5
13
14
12
5
-6
-21
-38
-47
-49
-50
-45
-30
-9
13
29
48
66
75
66
49
35
13
-16
-42
-54
-57
-56
-47
-30
-11
2
12
22
28
32
31
34
41
38
31
30
29
20
7
0
-8
-18
-25
-28
-23
-19
-16
-8
4
16
20
21
20
12
2
-7
-10
-20
-31
-32
-29
-21
-13
-2
8
15
18
14
10
7
2
-1
1
3
10
13
17
22
20
14
10
0
-11
-24
-38
-41
-38
-36
-30
-16
-2
12
21
23
27
30
23
13
3
-3
-6
-13
-18
-13
-10
-10
-9
-2
5
10
14
15
20
21
15
7
3
-5
-12
-18
-23
-16
-8
-4
0
5
15
16
18
19
17
8
-3
-8
-4
0
-1
-5
-4
1
5
2
-2
0
-3
-8
-8
-8
-8
-10
-10
-6
0
3
5
9
14
18
18
16
14
4
-9
-15
-20
-23
-22
-15
-8
-3
0
6
10
6
1
0
0
-6
-14
-15
-11
-6
-1
6
10
11
9
8
7
6
3
3
9
11
7
11
12
10
8
5
0
1
3
0
-3
-9
-9
-5
-5
-5
-4
-4
-2
-2
-2
-1
0
-4
-8
-5
1
3
5
4
5
4
-1
-4
-3
-6
-10
-12
-11
-7
0
9
18
23
23
20
14
4
-8
-13
-19
-20
-19
-16
-8
2
8
14
17
18
17
15
14
10
5
1
-4
-7
-7
-8
-9
-10
-9
-7
-5
-5
-5
-2
1
5
5
7
11
12
17
17
15
14
11
4
-7
-13
-19
-25
-29
-28
-23
-16
-8
1
7
10
11
11
13
14
13
8
10
8
3
-2
-4
-7
-10
-13
-14
-8
-6
-3
7
18
24
24
22
13
3
-12
-24
-33
-41
-44
-45
-37
-25
-10
9
23
30
33
29
17
6
0
-5
-11
-14
-9
-6
1
8
12
19
18
13
11
8
8
8
6
9
15
15
21
32
36
33
26
19
10
-2
-13
-24
-29
-37
-41
-36
-28
-19
-10
-1
7
14
14
14
14
11
4
-6
-12
-18
-21
-23
-24
-21
-19
-19
-16
-7
4
7
11
13
12
9
5
-1
-4
-5
-9
-10
-12
-9
-11
-10
-6
-2
1
5
12
18
22
24
27
29
29
27
23
16
7
-5
-13
-19
-27
-29
-28
-24
-21
-17
-10
-4
-2
1
8
13
14
16
23
27
26
24
20
18
12
0
-8
-16
-22
-26
-28
-26
-20
-14
-4
8
14
17
17
12
5
-3
-9
-13
-16
-17
-19
-16
-9
-1
7
11
11
9
6
2
-1
-6
-9
-9
-11
-10
-7
-4
-6
-7
-11
-12
-13
-13
-9
-1
6
14
21
24
27
25
24
21
12
6
2
-3
-6
-7
-6
-7
-8
-10
-9
-11
-15
-17
-13
-7
-1
6
16
26
29
25
21
19
8
-2
-11
-19
-27
-33
-29
-16
1
15
24
35
40
29
11
-4
-19
-37
-49
-52
-42
-26
-9
5
26
39
38
30
16
2
-14
-26
-27
-24
-13
-2
9
21
23
14
-3
-23
-46
-67
-71
-62
-36
1
36
61
76
83
74
54
34
14
-11
-29
-37
-36
-23
-2
15
27
29
17
0
-19
-38
-50
-53
-45
-23
9
46
81
101
113
114
100
69
30
-20
-74
-114
-123
-95
-38
24
67
70
-15
-150
-246
-275
-233
-95
131
346
456
424
260
-46
-414
-640
-629
-411
-22
436
774
862
683
286
-221
-675
-912
-864
-569
-99
407
763
887
734
350
-109
-532
-814
-839
-609
-228
197
576
797
773
556
231
-163
-503
-659
-646
-483
-184
165
431
541
539
412
141
-146
-328
-437
-465
-349
-144
59
220
336
374
295
165
36
-119
-241
-278
-285
-250
-137
15
151
251
305
289
177
17
-131
-261
-348
-325
-205
-24
161
297
354
299
139
-66
-243
-346
-342
-218
-5
219
371
384
233
-45
-360
-608
-712
-609
-296
137
556
844
899
663
191
-346
-756
-911
-766
-345
236
778
1107
1143
877
381
-201
-699
-966
-930
-618
-136
376
757
917
806
455
-21
-475
-789
-885
-731
-375
62
445
667
694
513
173
-212
-529
-700
-683
-496
-195
144
417
551
530
377
129
-147
-364
-463
-432
-292
-77
143
292
348
310
188
25
-121
-213
-232
-174
-58
63
157
201
180
97
-3
-97
-161
-180
-150
-94
-29
36
84
90
69
44
6
-27
-51
-50
-40
-16
18
54
97
134
144
115
70
10
-64
-131
-153
-127
-77
-16
50
92
93
65
29
-9
-43
-68
-75
-49
-12
34
87
125
137
126
92
27
-41
-93
-116
-112
-81
-22
33
56
46
17
-22
-70
-103
-87
-38
14
55
85
87
58
17
-15
-19
-4
27
68
87
72
36
-23
-89
-136
-144
-121
-82
-28
18
36
14
-19
-51
-70
-76
-62
-3
62
109
123
117
89
34
-11
-31
-19
5
30
49
51
23
-32
-82
-123
-132
-105
-40
32
92
130
118
66
-9
-76
-122
-124
-78
4
100
166
187
168
111
16
-64
-117
-139
-133
-99
-32
26
66
80
76
40
-13
-61
-88
-82
-56
-4
54
106
128
113
67
2
-53
-100
-125
-121
-91
-50
-11
19
42
43
18
-10
-35
-54
-63
-47
-18
20
54
58
46
25
2
-9
-1
24
53
75
72
46
1
-46
-83
-92
-62
-2
68
117
135
104
34
-55
-134
-184
-175
-104
4
116
205
248
214
120
1
-110
-183
-197
-148
-51
57
135
162
122
29
-89
-187
-233
-218
-138
-22
94
173
205
170
85
-16
-107
-157
-156
-93
-3
90
156
170
143
58
-53
-140
-187
-199
-161
-78
14
77
98
86
50
-6
-60
-73
-57
-14
40
93
126
121
91
39
-12
-52
-62
-43
-4
45
72
76
56
14
-44
-87
-105
-98
-66
-21
27
53
58
58
50
25
4
-7
-10
-8
1
28
50
64
67
59
35
-8
-51
-80
-82
-63
-37
-2
29
37
16
-16
-48
-82
-88
-59
-19
24
61
83
76
37
-9
-47
-68
-63
-38
-1
38
61
58
32
-9
-53
-81
-87
-72
-46
-21
8
31
32
23
7
-13
-30
-30
-22
-6
24
58
84
88
76
56
28
-2
-31
-46
-46
-37
-19
10
31
35
30
19
6
-12
-31
-39
-29
-12
12
36
44
47
40
19
-6
-26
-41
-40
-31
-13
11
23
20
12
0
-16
-24
-17
-8
3
18
26
34
28
8
-17
-29
-34
-38
-29
-15
-2
3
9
14
3
-16
-33
-44
-45
-37
-21
7
33
49
56
46
19
-16
-42
-52
-47
-23
15
63
98
111
94
48
-14
-72
-107
-119
-100
-42
26
81
107
109
78
14
-53
-106
-126
-108
-60
11
81
131
143
116
59
-12
-76
-122
-129
-98
-40
24
70
93
84
43
-17
-69
-98
-102
-83
-41
13
54
68
61
44
15
-18
-36
-35
-25
-12
5
26
38
38
33
21
6
-7
-10
-7
-4
2
9
12
12
11
13
15
8
1
0
-6
-18
-26
-23
-10
1
10
21
23
12
-2
-13
-28
-41
-45
-32
-11
7
23
37
41
35
16
1
-8
-13
-14
-1
20
35
42
40
30
6
-19
-39
-59
-66
-61
-49
-28
2
25
38
39
19
-9
-35
-50
-53
-37
-4
30
60
76
71
49
18
-16
-48
-60
-54
-40
-15
14
30
34
30
17
-5
-25
-39
-42
-31
-16
9
37
54
60
51
36
17
-3
-19
-26
-23
-13
4
22
30
28
21
5
-21
-47
-63
-70
-62
-38
-5
25
46
57
54
40
20
2
-9
-15
-8
8
26
41
46
40
22
-2
-24
-44
-56
-54
-52
-49
-40
-27
-15
-5
1
12
23
27
27
19
2
-19
-34
-31
-17
5
29
43
44
33
6
-28
-58
-76
-81
-67
-38
4
45
70
74
56
29
-2
-27
-40
-35
-6
27
61
87
99
86
48
9
-23
-52
-69
-61
-37
-7
23
43
44
30
7
-20
-36
-42
-36
-19
7
31
45
47
38
22
-1
-21
-29
-33
-32
-28
-27
-29
-26
-28
-27
-25
-22
-18
-14
-8
-3
-3
-2
6
15
21
30
42
48
46
36
23
6
-15
-32
-37
-36
-30
-21
-11
-5
-4
-10
-13
-19
-30
-36
-31
-19
-3
14
30
41
41
35
25
14
5
-1
0
8
9
12
14
10
6
0
-7
-9
-9
-7
-2
6
12
19
27
26
22
19
19
17
16
11
11
12
11
7
-3
-10
-19
-28
-33
-38
-38
-36
-33
-28
-25
-24
-18
-14
-8
-5
2
8
12
17
17
17
13
10
4
0
-3
-1
1
0
1
-2
-5
-12
-19
-25
-31
-34
-32
-24
-14
-3
3
10
16
21
24
24
28
36
38
33
29
27
21
12
7
4
-2
-10
-15
-15
-15
-13
-10
-5
1
6
9
8
9
4
-6
-8
-1
2
3
7
13
16
15
9
7
-1
-7
-9
-8
-7
-5
-8
-7
-6
-4
-2
-3
-1
0
1
4
7
7
8
4
-4
-10
-16
-20
-23
-25
-22
-12
-5
-1
1
-2
-2
1
3
7
12
16
17
20
17
8
-5
-9
-12
-12
-6
2
10
13
14
14
10
1
-7
-10
-12
-11
-10
-10
-8
-2
1
-3
-3
-2
-2
-5
-4
2
4
-1
-4
-3
-3
-3
-2
-2
0
2
3
3
2
1
3
2
-2
-4
-5
-4
-2
0
3
8
11
10
6
5
1
-1
0
3
5
5
7
7
8
2
0
0
-2
-4
-2
0
1
4
3
2
0
0
2
4
8
7
11
9
1
-3
-6
-9
-6
-3
0
3
5
5
4
5
3
0
-6
-10
-10
-6
-1
1
2
3
6
4
2
-1
-7
-11
-12
-12
-8
-5
-5
-5
-1
-2
-4
-6
-7
-7
-4
0
4
7
7
3
3
1
-2
-6
-6
-3
1
3
0
2
2
-2
-4
0
3
3
3
3
1
-4
-6
-11
-14
-14
-16
-16
-9
-4
-2
1
4
7
10
8
3
1
2
1
4
7
7
6
6
3
2
4
5
2
5
6
6
7
9
11
10
6
2
1
0
-4
-7
-4
-1
1
2
3
2
1
0
-2
-5
-9
-10
-7
-4
-2
-3
1
5
5
5
4
1
-1
-4
-5
-3
-3
-6
-3
0
-3
-3
-1
-6
-10
-9
-11
-9
-9
-9
-8
-8
-7
-6
-4
-2
-2
-1
3
6
3
2
4
4
7
8
8
6
6
8
10
9
8
7
5
-1
-4
-5
-5
-1
2
4
6
8
6
3
0
-4
-6
-9
-4
1
2
3
3
2
0
-2
-3
-3
-4
-2
-1
0
2
1
2
1
-3
-3
-5
-8
-8
-8
-6
-4
-3
-5
-6
-5
-5
-4
-2
0
2
2
-1
-3
-7
-11
-12
-10
-7
-6
-5
0
6
5
5
5
2
-3
-7
-8
-5
-1
2
6
8
10
7
2
2
1
-3
-2
2
6
6
8
8
7
5
2
-2
-2
-1
0
5
7
6
8
8
5
3
4
5
4
8
6
9
10
8
3
1
3
3
3
5
5
3
1
-2
-4
-5
-6
-3
-7
-7
-5
-2
1
1
1
-1
-1
0
-2
-3
-2
-7
-12
-16
-14
-8
-5
-3
2
6
4
0
-3
-5
-8
-9
-8
-6
-4
-2
-3
-4
-3
-3
-8
-6
-4
-8
-4
1
2
5
7
3
6
4
0
-3
-1
-2
1
2
3
5
5
5
6
6
3
-2
-2
1
4
5
5
6
7
8
6
5
1
-2
-2
-2
-2
3
4
3
4
6
3
0
5
5
7
11
11
9
6
2
-3
-6
-9
-9
-10
-9
-8
-7
-5
-5
-6
-5
-4
-5
-6
-4
0
2
2
5
4
3
1
2
2
3
3
0
4
5
-1
0
0
-1
-3
1
4
7
8
5
4
8
9
5
2
4
6
6
6
4
5
5
2
-1
-1
-2
-3
0
0
-2
-2
-2
-3
-1
0
-4
-5
-5
-6
-2
-4
-6
-5
0
2
4
0
-7
-4
-5
-8
-9
-7
-5
-2
-1
0
3
1
2
1
-1
-2
-4
-6
-5
0
3
1
2
0
-2
-2
2
2
0
-2
-2
-3
-3
-1
0
0
1
3
4
2
-3
-6
-4
-3
-3
0
4
6
3
2
0
-1
-4
-3
2
5
4
3
-1
-3
-2
-1
-2
1
2
3
4
4
3
3
0
-3
-2
0
3
6
10
15
16
14
11
7
1
-2
-3
-4
-3
-2
-2
0
2
2
3
3
0
-1
2
2
4
3
3
4
5
5
1
0
-4
-5
-4
-1
-1
-1
1
4
1
-4
-5
-7
-8
-9
-7
-1
0
-4
-5
-7
-11
-11
-11
-9
-6
-4
-3
-1
-1
-3
-3
-2
-3
-6
-8
-5
-6
-4
-3
-6
-4
-4
-5
-3
-5
-9
-7
-3
0
1
2
4
3
4
1
-2
-3
-5
-4
0
4
5
3
5
1
0
1
2
4
2
0
0
5
5
5
6
5
6
7
8
8
9
7
5
5
8
9
8
7
5
7
5
5
2
2
3
5
7
7
7
8
5
1
-2
0
-4
-5
-2
0
1
0
-3
-5
-4
-5
-7
-5
-3
-1
-1
0
-2
-2
-5
-7
-5
-7
-7
-6
-3
-1
0
-3
-3
-1
-2
-2
-3
-4
-6
-10
-9
-8
-8
-6
-3
-2
-3
-2
-6
-7
-2
0
0
1
1
2
4
2
-1
-2
-1
1
2
5
5
4
2
2
4
2
3
1
0
4
8
10
11
7
4
2
-2
-3
-6
-5
-2
1
1
1
-1
-2
-4
-5
-7
-7
-5
-8
-9
-8
-2
2
1
3
6
4
2
1
2
4
4
5
7
9
7
5
3
1
-2
-2
0
3
3
1
3
3
2
-2
-7
-8
-6
-3
-2
-1
-1
1
2
1
3
1
1
0
-1
-1
-1
1
-1
1
6
6
4
5
4
2
3
3
4
1
3
2
2
3
3
2
4
4
4
1
0
2
1
0
-1
-3
-2
-3
-7
-6
-5
-8
-6
-6
-6
-6
-4
-1
-3
-5
-4
-3
-1
-1
-3
-1
-3
-5
-6
-4
-3
-1
3
4
3
2
1
-1
0
0
1
2
3
1
0
2
4
5
3
2
1
-1
-1
1
2
1
-2
-2
-2
-5
-5
-4
-4
0
2
5
7
7
8
7
5
3
1
-3
-1
0
-1
2
2
2
2
-1
-4
-4
-6
-4
1
3
1
0
0
0
-1
0
0
-1
0
3
3
2
2
1
2
1
1
-2
-5
-4
-5
-6
-5
-3
-1
-1
1
0
1
-1
0
0
3
6
6
7
9
7
7
8
8
4
3
2
4
7
3
2
3
-1
-3
-3
-5
-3
-3
-5
-1
-1
-2
-1
-1
0
1
-1
-2
-3
-4
-6
-4
-3
-7
-6
-1
0
2
3
2
4
2
-2
0
0
1
6
5
2
1
-1
-1
1
0
0
2
2
-1
-1
1
-2
-3
-2
0
4
4
1
1
-1
-4
-6
-6
-8
-5
-2
0
-1
-2
-2
-4
-4
-4
-3
-4
-3
-2
0
3
6
1
-3
0
0
0
-2
-7
-5
-3
-2
-1
-1
0
1
1
3
5
7
4
5
7
4
5
4
4
6
7
9
10
6
0
-4
-2
-2
-1
-1
-2
-1
1
0
1
3
3
4
2
1
2
5
6
1
0
-1
-1
-3
-3
-3
-5
-6
-5
-2
-2
0
1
0
-1
-3
-3
0
-1
-2
1
2
6
5
0
1
2
1
0
1
1
2
-2
-2
-1
-1
1
0
3
2
2
2
4
3
5
4
-1
0
1
1
4
4
3
1
-1
-2
1
0
-4
-4
-2
-1
-2
-3
-3
0
1
0
1
4
4
2
3
-1
-2
-1
-3
-8
-9
-10
-8
-6
-6
-4
-1
-2
0
0
-1
-1
-2
-2
-2
1
3
3
0
-1
-3
-3
-2
-2
-1
-3
-3
2
2
3
4
3
0
-3
-8
-7
-2
1
3
3
3
4
4
3
3
2
3
5
7
4
6
4
5
9
10
9
7
7
5
2
0
-1
-3
-3
-2
0
0
-3
-1
2
4
3
3
-1
-2
-2
0
1
-1
-3
-4
-5
-7
-11
-11
-9
-8
-4
-1
0
2
4
2
5
3
1
1
-3
-4
-1
0
5
5
4
5
5
4
3
3
2
4
3
3
2
2
-2
-2
-1
-1
-4
-1
1
1
-2
-3
1
0
-2
0
3
0
-3
-4
-7
-1
1
-2
-1
0
0
2
2
0
-3
-9
-8
-4
-4
-2
1
-1
-1
-1
-4
-3
-4
-3
-1
-2
-3
-5
-8
-8
-7
-4
-1
-1
-2
-4
-3
-3
-2
0
4
7
8
5
2
4
4
6
7
8
11
10
11
11
7
7
4
0
-2
-3
-1
2
4
4
2
1
0
-2
0
-1
-1
0
2
3
4
4
2
0
-4
-3
0
0
3
7
8
8
4
3
1
-2
-3
-5
-2
-3
-4
-3
-4
-2
-1
-3
0
1
-2
-2
-2
-1
2
0
1
3
-1
-2
-4
-3
-2
-2
0
1
0
-3
-4
-2
0
3
4
3
4
4
2
0
1
0
0
1
0
-3
-4
-4
-6
-8
-10
-8
-5
-2
-1
0
0
-1
0
4
3
1
2
4
2
1
1
-1
-2
-3
-3
-1
-2
-4
0
1
2
5
5
6
5
4
4
5
6
4
0
1
4
6
4
5
3
3
4
4
5
6
4
1
0
-3
-4
-3
-4
-3
-1
1
2
0
-3
-3
-5
-4
-4
-2
-2
-4
-1
-1
0
-1
0
0
1
-1
-4
-3
-5
-8
-8
-7
-7
-4
-1
0
1
-1
-2
2
3
2
1
-2
-2
-1
-2
-1
-1
-1
-1
0
-1
-2
-1
2
2
4
3
1
0
2
3
2
2
0
0
-1
0
1
0
0
1
0
-3
-2
-4
-3
0
3
5
5
4
3
3
2
2
1
2
3
2
-1
-3
-5
-2
-1
-2
-1
-5
-10
-9
-6
-3
0
4
6
3
0
1
5
5
5
7
5
2
1
-2
-4
-1
-2
-4
-2
-1
1
2
3
3
1
-2
-4
-4
-1
-1
-2
-1
1
2
2
3
1
-1
0
0
2
1
0
0
-3
-3
-4
-2
2
3
3
5
6
4
2
1
2
2
2
-1
-3
-1
-2
-4
-4
-4
-6
-3
-1
1
2
-3
-7
-6
-3
-3
-4
0
-1
-1
-2
-3
-2
-4
-5
-3
-1
0
2
4
5
4
5
1
-2
0
3
1
0
1
1
3
0
-4
-3
-2
-2
0
4
2
2
3
3
1
1
3
2
3
5
4
4
3
5
7
9
8
6
5
3
2
0
-2
-2
-3
-2
-1
-1
-2
-2
-1
-5
-6
-3
-5
-8
-8
-5
-5
-7
-4
-6
-6
-4
-3
-5
-3
-1
-5
-6
-4
-7
-9
-4
-3
1
3
2
1
2
2
0
3
4
2
2
3
3
3
1
1
1
-1
1
5
5
3
3
1
1
3
2
4
5
3
3
5
6
6
7
4
1
1
2
5
6
4
4
3
2
1
0
1
-3
-2
-1
-4
-2
-1
0
1
-2
-4
-1
0
2
3
1
-5
-8
-8
-4
-1
1
0
1
2
-3
-5
-4
-3
-4
-5
-5
-5
-4
-4
-5
-5
-5
-3
-2
-1
2
0
0
1
