-2
-1
0
-1
-3
-6
-8
-6
-3
-1
-1
-4
-6
-8
-6
-4
-3
-2
-1
-3
-2
0
-1
-2
-1
-2
-2
0
-1
-1
2
3
4
7
7
4
8
9
5
5
6
5
4
2
2
0
-2
-1
2
4
5
3
1
1
0
-3
-4
-3
1
2
1
0
-3
-1
-1
-2
-4
-1
-1
-3
-1
-3
-2
-1
-1
-2
1
-2
-2
-3
-2
-2
-3
-1
-2
-2
-5
-5
-3
-4
-5
-4
-3
-4
-5
-5
-6
-2
2
2
-1
-3
-3
-3
-2
-3
-2
-2
-2
0
2
4
6
5
6
6
3
1
2
5
6
6
8
7
3
1
-2
-2
4
6
5
7
4
5
7
8
6
4
6
4
2
2
1
0
-3
-2
-1
-1
-4
-5
-4
-5
-5
0
2
1
-1
-4
-5
-5
-5
-5
-3
-5
-3
-2
-1
-2
-1
0
1
-2
-9
-12
-12
-8
-5
-2
0
2
3
2
2
1
0
0
0
2
5
7
6
2
0
-2
-1
-4
-2
3
6
6
0
-2
-5
-7
-8
-3
1
1
0
-1
-1
0
0
1
1
3
3
2
1
0
1
-1
-1
-1
-1
-4
-3
-2
-3
-1
-4
-6
-3
-5
-4
-3
-1
0
3
2
0
-1
-1
1
4
8
6
4
6
4
3
3
4
1
0
2
2
3
2
0
0
4
5
2
3
1
0
-2
1
2
0
-1
-3
-3
-3
-4
-2
1
1
4
8
7
3
1
-1
2
6
5
6
7
5
3
3
0
1
0
-1
2
2
1
2
1
-2
-5
-6
-6
-5
-5
-5
0
0
0
-2
-3
-4
-4
-6
-5
-3
-5
-5
-5
-6
-5
-6
-6
-4
-2
-2
-1
-2
-4
-3
-4
-4
-1
-1
0
0
0
1
1
0
2
4
5
5
4
1
0
3
1
1
2
3
7
6
1
1
1
1
4
4
5
10
11
10
9
6
4
4
4
3
4
7
6
4
3
-1
-3
-4
-4
-4
-5
-4
-2
-1
1
0
-2
-2
-2
-2
1
1
-3
-4
-4
-6
-8
-5
-9
-8
-5
-7
-5
-1
-1
0
1
2
4
4
3
4
5
6
5
3
4
7
5
3
4
5
3
5
4
1
1
1
2
4
4
2
3
0
-1
-1
-3
-2
-1
-1
-1
-2
-5
-5
-4
-4
-3
1
-2
-3
1
2
1
0
1
-2
1
2
-1
0
0
-3
-6
-5
-3
-1
1
-1
-2
0
-2
-3
-3
-1
0
-1
0
1
0
0
0
0
-1
0
-1
0
2
3
6
7
3
2
4
1
-2
-1
-3
-2
0
-3
-2
1
-2
-5
-7
-8
-4
-2
-1
5
7
5
5
4
3
1
3
5
5
8
11
8
7
5
5
3
1
1
2
1
0
0
0
-2
-2
-3
2
4
1
-1
-1
2
3
5
5
5
5
4
3
2
-1
-4
-3
-2
-2
-4
-6
-4
-3
-5
-5
-3
-3
-1
1
0
-2
-2
-2
-3
-1
-1
-2
0
0
-3
-5
-6
-5
-3
-3
-3
-2
-2
-1
1
2
3
3
4
3
5
3
1
1
1
0
-2
-4
-6
-7
-9
-8
-8
-3
-1
-4
-2
0
-2
-1
-1
-3
0
5
5
5
8
5
1
3
1
-2
0
1
0
2
4
1
1
0
-2
-1
-1
1
5
6
4
3
0
-4
1
3
3
3
4
5
5
2
1
1
2
1
0
1
-1
-3
-3
-3
-2
-2
-2
-2
-1
1
-1
-1
-1
-2
-1
-1
-1
1
2
2
2
4
3
1
1
1
-2
-1
1
-1
0
0
-3
0
0
0
0
1
4
5
5
7
5
4
3
0
-1
-4
-4
-1
1
-1
-3
-1
-1
-5
-6
-7
-5
0
0
-1
-2
-6
-11
-10
-9
-9
-8
-6
-4
-1
-2
-3
-1
-4
-4
0
1
3
5
4
4
5
5
8
7
3
0
2
4
3
3
2
1
2
0
-1
-1
3
5
6
7
7
4
-2
-2
-4
-7
-5
-4
-4
-3
-2
0
0
1
1
-3
-3
-3
-2
1
2
0
2
3
3
4
3
1
1
-1
-2
1
1
-1
2
2
1
1
-1
-1
1
3
4
2
0
2
2
0
-1
-1
0
-2
0
3
1
3
2
-1
-1
0
-1
-1
-1
-2
-3
-5
-6
-4
-2
-1
-6
-8
-6
-3
-2
0
1
-1
-3
-4
-5
-3
-1
-1
1
0
-1
3
7
5
7
9
7
8
8
5
3
2
-1
0
3
4
1
1
-2
-1
-1
0
0
-3
-6
-6
-4
-5
-1
1
1
3
1
1
1
1
0
3
3
1
-1
-6
-4
-4
-5
-4
-3
-2
-2
0
-2
-3
-2
-2
-3
0
3
1
2
0
-2
-2
0
-1
-2
-4
-6
-6
-3
-3
-1
2
3
2
3
0
-1
-3
-1
-1
-3
-3
-2
-1
1
3
2
0
-1
-1
1
3
2
2
2
-1
0
4
4
4
4
1
1
1
0
1
2
2
4
7
7
6
6
5
5
4
1
2
0
1
-1
-1
-2
-2
0
-1
-1
-2
-3
-3
-4
1
2
0
-2
-1
1
0
2
4
4
5
4
4
7
6
7
3
1
2
4
4
5
6
4
4
0
-1
-1
-1
-4
-5
-4
-3
-2
-1
-1
0
0
-1
0
-1
-3
-1
2
2
0
0
-3
-7
-7
-7
-6
-6
-4
-4
-5
-6
-4
-6
-7
-9
-9
-6
-7
-7
-3
-2
-2
2
4
0
-2
0
-1
0
0
1
2
2
-1
-1
-3
-3
-1
-3
-2
2
2
0
-1
1
6
6
5
5
7
7
4
2
2
4
8
9
7
7
6
3
5
5
3
4
4
2
1
0
-1
0
-2
-3
1
4
4
3
5
8
7
5
4
5
4
1
-1
-2
-3
-2
0
2
2
3
2
1
2
5
0
-2
-1
-2
-5
-7
-7
-7
-6
-5
-4
-2
-2
-3
-3
-3
-6
-6
-4
-3
-3
-5
-7
-7
-3
-3
-4
-3
-5
-7
-7
-4
0
-3
-3
0
0
-1
0
3
6
7
5
6
7
5
2
1
1
0
0
3
5
3
1
2
5
6
5
3
2
2
1
2
2
3
5
3
2
2
0
0
0
-4
-3
-1
-2
-5
-6
-5
-8
-10
-5
-4
-3
2
2
1
4
1
-1
2
4
4
2
4
1
-2
0
0
0
1
-2
-5
-6
-6
-7
-2
2
3
1
4
4
2
2
2
1
2
1
0
-2
-2
-1
-4
-1
0
-1
1
-1
1
3
4
2
2
5
5
4
3
3
3
0
4
7
6
8
7
5
7
5
4
2
1
-1
1
1
-4
-2
2
1
3
-1
-2
-1
-3
-5
-5
-3
-3
0
1
-5
-4
-3
-2
-3
-6
-5
-3
-4
-7
-9
-8
-10
-8
-6
-5
-5
-9
-12
-12
-6
-1
1
3
8
9
7
3
-4
-11
-17
-12
-5
1
9
15
18
17
7
-3
-12
-18
-13
-1
11
19
22
17
6
-5
-12
-17
-14
-8
1
10
15
14
9
4
-5
-14
-16
-11
-5
0
4
4
0
-4
-3
0
0
2
4
7
10
7
6
7
8
6
4
6
6
6
3
0
0
0
2
7
5
4
3
5
5
1
-4
-5
-3
-2
-1
0
2
4
0
0
-3
-8
-6
-5
-6
-4
-2
-1
-1
-2
-3
-2
-1
-4
-4
-4
-3
-2
-3
-2
1
1
1
5
5
3
3
1
1
3
5
5
4
1
-2
-6
-8
-4
0
1
-1
-1
2
-2
-4
-7
-9
-8
-7
-3
-1
0
-2
-4
-3
-3
-2
-3
-1
4
2
1
-2
-4
-3
1
1
1
2
2
1
-2
-2
-1
-3
-2
-2
-1
-1
-2
-3
-1
0
0
1
1
2
2
5
8
5
1
0
-1
0
3
4
5
7
9
11
8
4
0
-2
2
4
3
5
6
2
1
3
2
3
2
0
0
-3
-5
-5
-3
0
4
5
7
5
1
0
-4
-4
-3
-2
-2
0
4
2
0
0
1
4
4
2
2
1
0
-2
-3
-3
-1
0
1
0
-3
-6
-6
-5
-9
-8
-6
-5
-6
-4
-2
-4
-6
-4
-3
-3
-3
-2
-2
-7
-9
-9
-5
-1
-1
1
5
6
3
-1
0
-1
0
3
4
3
4
5
2
2
3
1
2
3
2
1
-2
-3
-1
1
-2
1
2
-4
-10
-11
-7
-3
1
7
16
19
13
5
-3
-13
-23
-23
-9
10
24
30
28
15
-5
-24
-35
-32
-20
-5
17
34
36
27
5
-19
-36
-40
-32
-13
9
28
36
33
16
-3
-17
-25
-24
-14
1
11
21
19
10
0
-10
-14
-13
-10
-2
5
11
13
10
5
1
-4
-3
-2
0
4
6
4
3
3
2
3
2
1
-1
0
2
2
0
-1
-3
0
2
0
3
1
-2
-2
-2
-1
-3
-2
0
3
2
0
-2
-5
-7
-9
-10
-9
-8
-5
-7
-8
-9
-12
-11
-7
-5
-4
-1
0
-5
-6
-7
-6
-4
-7
-5
-2
0
-1
-5
-6
-4
-4
-4
-4
-3
-6
-2
0
0
3
4
5
8
7
3
1
0
-2
1
3
5
5
2
0
3
4
4
5
6
12
12
10
12
10
9
7
4
4
5
7
6
4
6
6
3
1
0
-2
-3
1
1
1
1
-2
-3
-3
-3
-2
-4
-2
0
0
-1
-2
-3
-6
-8
-9
-9
-7
-6
-3
-3
-2
-1
-2
-3
-4
-7
-7
-4
-4
-3
-3
-7
-7
-5
-6
-4
-3
-4
-3
-2
0
0
0
-1
-3
-4
-5
-2
-1
-2
1
2
1
1
-2
-2
0
1
3
6
6
8
8
3
-2
-3
-5
-2
-1
0
5
8
6
4
2
-3
-4
-2
-3
-2
-1
0
-2
-3
-3
-3
-1
1
4
8
7
4
4
-1
-3
-2
-3
1
2
4
3
2
0
-3
-4
-2
-2
1
3
3
2
1
-2
-2
-2
1
4
4
5
8
8
7
6
3
2
-2
-3
1
4
3
4
4
3
2
0
0
-1
-1
0
2
1
1
-1
-2
0
0
0
1
1
-1
0
2
3
2
-3
-4
-5
-5
-6
-5
-4
-1
0
0
-2
-2
-4
-5
-5
-5
-6
-3
-2
-2
-2
-3
-3
-4
-5
-3
-4
-4
-2
-3
-5
-3
-4
-3
-1
0
0
2
1
-3
-3
0
3
7
7
3
-1
-3
-7
-6
-1
-1
0
0
2
2
-2
-4
-3
0
2
3
5
4
2
1
2
2
5
7
7
10
14
11
9
8
6
4
8
8
6
8
4
2
4
4
4
7
5
4
5
5
4
6
4
3
0
-1
0
3
2
2
2
-2
-3
-4
-7
-8
-8
-6
-6
-5
-7
-8
-5
-3
-7
-8
-7
-8
-9
-10
-8
-5
-2
-2
-2
-1
0
2
-1
0
1
0
-1
1
-1
-4
-4
-4
0
7
7
8
7
3
1
-3
-6
-4
-2
-1
2
3
1
0
0
0
-1
-2
-4
0
4
5
6
6
1
-4
-4
-1
2
1
1
1
4
4
3
3
1
2
3
5
6
6
4
4
1
0
0
1
4
5
6
8
7
5
5
2
1
2
0
-1
-2
-6
-8
-2
0
1
3
1
3
2
-2
-4
-6
-9
-10
-8
-6
-3
0
2
0
0
-2
-1
-2
-5
0
2
5
7
2
-2
-3
-5
-3
-2
1
2
3
5
7
8
6
2
0
-3
-6
-5
-2
-1
-2
-2
-1
1
2
0
-2
-2
-2
-4
-2
-3
-2
-4
-3
-2
-4
-2
1
3
4
4
2
3
2
1
-2
-4
-2
2
7
10
9
9
5
-1
-5
-4
-2
2
4
3
3
4
0
-2
-1
-2
-2
-1
-2
-1
3
4
9
8
5
4
4
3
5
3
1
2
1
0
1
-2
-5
-3
-1
2
3
2
1
0
-1
-4
-8
-9
-8
-7
-5
-3
1
3
2
2
-1
-4
-4
-4
-5
2
5
6
5
4
0
-3
-4
-5
-4
1
4
4
3
0
-3
-5
-3
0
3
3
2
1
-1
0
-2
-5
-4
-1
0
2
1
-2
-1
-3
-2
0
-4
-6
-5
-5
-2
3
8
9
8
7
4
1
-3
-4
0
4
5
4
0
-3
-4
-2
0
1
3
6
5
2
0
-1
-2
-3
1
1
1
1
0
0
3
2
0
-4
-2
1
-1
0
2
0
-3
-3
-4
-2
1
1
4
6
5
7
8
6
4
3
2
1
3
6
8
7
4
5
1
-2
1
0
0
3
4
4
1
-2
-6
-6
-4
-1
-2
0
2
-2
-1
-1
-1
-3
-4
-2
-4
-3
-3
-3
-3
-3
-4
-2
3
4
-1
1
2
1
-1
-3
-5
-10
-10
-7
-2
4
5
3
2
-5
-6
-9
-10
-5
-5
-4
-1
0
-1
-1
-3
-5
-3
-5
-5
-4
-4
-4
-2
-3
2
6
7
5
3
1
-1
-1
1
5
7
6
7
4
0
1
4
8
13
14
13
9
3
-2
1
0
7
14
13
10
10
7
5
3
-1
-2
-5
-6
-3
3
2
2
1
-1
-2
-6
-10
-13
-13
-7
-3
0
4
3
1
0
-1
-3
-6
-7
-8
-9
-7
-6
-5
-6
-6
-6
-11
-13
-9
-6
-2
0
3
4
0
-1
-2
-7
-12
-11
-7
-3
-1
0
1
0
-4
-5
-2
-1
-1
0
3
4
5
3
1
-1
2
8
15
17
12
8
7
5
5
5
5
9
18
24
27
22
7
-3
-6
-3
4
5
9
10
2
-4
-5
-1
2
10
18
27
27
10
-13
-31
-42
-39
-22
2
21
25
15
-1
-23
-51
-74
-75
-53
-17
18
42
45
27
-3
-30
-40
-36
-34
-26
11
40
59
75
52
18
-36
-99
-103
-58
10
61
55
29
-2
-27
-40
-51
-59
-84
-94
-33
88
156
74
-70
-155
-143
-53
37
124
181
151
84
55
87
100
31
-58
-57
71
220
302
279
152
8
-73
-48
19
41
16
6
77
189
234
166
6
-132
-171
-122
-34
40
79
59
-28
-96
-32
173
380
406
206
-81
-273
-334
-387
-483
-502
-318
8
306
472
429
83
-493
-933
-934
-633
-337
-78
286
618
617
315
61
-56
-304
-683
-750
-287
306
588
651
736
678
232
-336
-541
-383
-293
-336
-152
311
606
481
217
65
-143
-543
-821
-657
-253
-6
75
220
374
281
-11
-164
-98
-57
-136
-114
141
424
493
398
309
221
31
-182
-223
-84
55
91
99
144
183
158
91
11
-86
-177
-194
-109
25
115
127
107
114
153
180
149
63
-15
-19
63
151
157
85
-3
-72
-106
-57
129
366
442
275
4
-234
-468
-711
-797
-618
-303
-12
277
543
510
0
-684
-1085
-1105
-922
-569
35
674
955
799
507
237
-173
-708
-970
-707
-178
277
675
1067
1181
795
170
-288
-527
-706
-723
-383
160
547
691
724
606
198
-378
-793
-916
-836
-576
-124
352
624
623
430
137
-182
-408
-478
-431
-267
73
511
806
814
603
292
-61
-366
-469
-341
-109
118
336
513
536
359
89
-158
-363
-505
-481
-245
38
191
240
276
276
159
-49
-222
-274
-202
-26
186
310
282
198
144
79
-11
4
208
454
478
196
-169
-408
-522
-532
-501
-422
-167
241
578
561
32
-724
-1247
-1387
-1165
-688
-126
426
797
796
501
67
-364
-643
-829
-899
-605
69
852
1393
1389
953
415
-77
-403
-551
-598
-435
-21
497
958
1124
863
340
-275
-831
-1165
-1224
-968
-461
52
404
583
552
298
-123
-569
-818
-788
-543
-134
373
815
1015
936
650
276
-107
-403
-451
-213
164
492
685
750
695
498
175
-158
-404
-501
-413
-166
131
305
272
127
12
-51
-129
-245
-323
-282
-144
30
215
345
303
55
-194
-224
-42
227
467
579
382
-114
-537
-544
-272
-168
-339
-412
-90
463
800
619
-104
-1068
-1685
-1508
-699
54
298
230
235
360
345
90
-313
-793
-1192
-1162
-521
384
998
1110
923
639
284
-58
-248
-317
-382
-358
-46
507
983
1158
1046
673
54
-606
-974
-916
-608
-263
37
264
374
412
424
299
-119
-721
-1100
-950
-346
365
852
945
679
299
82
57
-3
-237
-474
-413
26
597
938
831
372
-114
-342
-287
-125
-52
-127
-223
-173
38
224
185
-46
-248
-303
-247
-181
-185
-267
-336
-261
-77
43
15
-70
-107
-105
-98
-91
-109
-162
-133
88
353
355
70
-205
-262
-190
-111
-19
112
218
251
308
431
451
198
-191
-378
-250
-15
145
253
316
231
32
-81
-24
9
-137
-301
-263
-90
21
78
196
289
193
-20
-136
-136
-151
-180
-109
45
133
122
146
251
303
201
18
-159
-294
-313
-161
92
249
219
119
83
116
127
45
-146
-368
-450
-289
14
212
176
-14
-196
-261
-211
-109
-69
-152
-274
-296
-173
-4
88
70
-36
-143
-183
-147
-89
-73
-98
-108
-70
8
97
158
155
80
-31
-110
-126
-100
-56
-9
32
63
53
11
-10
8
19
-4
1
91
203
201
65
-53
-44
55
186
356
536
607
496
333
270
237
80
-119
-148
24
232
364
447
448
262
-59
-289
-330
-310
-323
-301
-186
-51
19
67
132
136
24
-129
-212
-203
-147
-81
-24
20
59
117
191
216
148
6
-175
-326
-375
-304
-170
-77
-35
13
69
67
-22
-140
-230
-309
-382
-379
-273
-142
-66
-40
-34
-67
-155
-224
-201
-126
-97
-136
-166
-126
-29
68
120
110
55
-6
-34
-32
-29
-42
-78
-117
-110
-21
120
219
210
112
-22
-151
-210
-141
-2
61
4
-42
32
162
218
224
289
364
307
124
-13
13
130
225
311
438
558
595
581
557
456
205
-90
-204
-71
135
239
231
172
56
-98
-166
-94
-47
-236
-583
-766
-579
-154
241
428
364
117
-134
-203
-97
-20
-116
-288
-319
-124
197
472
564
403
55
-284
-451
-435
-342
-248
-169
-92
23
198
345
299
14
-349
-588
-620
-483
-257
-37
76
72
18
-12
-33
-115
-253
-374
-404
-296
-84
99
147
83
34
64
101
44
-103
-234
-262
-155
21
140
117
-9
-105
-99
-17
45
49
8
-45
-66
-30
40
99
101
25
-93
-127
-3
199
349
436
511
519
350
62
-142
-145
-42
79
277
578
840
904
775
538
208
-224
-585
-629
-339
38
281
362
319
166
-33
-166
-236
-387
-645
-804
-669
-289
104
338
384
285
115
-1
-7
2
-119
-363
-515
-394
-4
477
816
850
562
125
-218
-349
-372
-434
-516
-451
-134
333
697
726
375
-151
-552
-653
-520
-355
-287
-260
-122
176
465
480
147
-328
-610
-535
-245
-31
-56
-215
-258
-59
251
417
295
-42
-320
-338
-178
-88
-179
-322
-312
-92
226
462
468
207
-167
-414
-421
-269
-97
43
162
244
255
201
142
118
116
140
219
306
298
185
61
30
71
79
65
147
362
589
681
577
297
-81
-442
-616
-530
-303
-96
47
167
250
233
120
-73
-339
-640
-833
-748
-395
60
440
673
700
521
276
85
-49
-193
-319
-291
-65
272
564
724
714
514
201
-132
-381
-524
-535
-370
-108
133
222
258
306
270
62
-267
-438
-516
-568
-469
-147
216
189
-41
-81
136
203
-141
-446
-503
-391
-277
-134
35
-3
-68
61
354
342
-76
-361
-339
-221
-333
-453
-268
84
397
426
269
83
-13
-12
-122
-269
-287
-77
177
192
105
140
294
331
174
69
181
405
414
86
-371
-576
-321
148
501
592
526
485
521
529
266
-340
-975
-1167
-793
-177
326
565
523
272
0
-129
-196
-412
-791
-1036
-846
-215
542
1019
1031
694
307
92
40
-8
-192
-448
-516
-178
486
1073
1212
891
359
-148
-503
-624
-537
-432
-432
-385
-63
449
776
710
315
-269
-854
-1059
-680
-140
32
-108
-72
257
518
500
229
-188
-629
-734
-264
241
225
-114
-192
131
454
473
139
-264
-418
-264
-37
-86
-337
-420
-146
200
291
210
55
-60
-71
-111
-251
-409
-351
-123
72
141
88
175
408
663
791
550
-37
-649
-787
-390
105
357
362
422
644
873
922
569
-237
-1231
-1725
-1269
-247
555
639
244
-80
-66
183
286
-47
-815
-1525
-1492
-574
628
1249
1088
632
349
349
417
341
-18
-567
-802
-378
484
1163
1265
944
494
140
-93
-272
-432
-601
-678
-586
-256
219
513
498
212
-100
-302
-438
-484
-623
-759
-648
-149
485
571
292
105
210
341
132
-101
-417
-644
-425
190
760
538
62
-37
146
264
69
-53
-319
-675
-645
-175
369
348
108
-68
-207
-218
-109
93
-133
-566
-641
-251
413
836
1020
828
174
-563
-955
-574
76
347
173
-42
256
810
1152
898
-40
-1210
-1904
-1490
-292
673
738
90
-465
-379
201
665
403
-582
-1570
-1737
-810
607
1455
1209
336
-212
36
670
932
468
-382
-912
-654
210
1023
1257
859
305
73
120
150
-82
-490
-825
-898
-610
-188
135
285
353
396
243
-103
-496
-705
-638
-443
-176
24
111
186
363
659
742
404
-115
-423
-372
-147
149
401
355
94
-40
169
438
379
58
-323
-517
-421
-90
170
-5
-319
-383
-114
178
197
66
-133
-118
241
707
817
165
-759
-1241
-820
236
926
768
123
-50
492
1004
834
-203
-1550
-2322
-1798
-190
1133
1098
-24
-903
-655
237
764
271
-962
-1964
-1855
-496
1183
1928
1282
100
-376
169
994
1045
139
-940
-1322
-602
660
1492
1390
576
-104
-139
223
346
-154
-935
-1364
-1078
-338
266
438
226
24
58
178
161
-196
-676
-814
-500
-8
290
362
462
624
707
726
598
195
-308
-523
-228
123
40
-115
126
592
809
541
118
-176
-387
-437
-420
-485
-509
-301
189
491
409
255
229
346
307
265
210
-192
-614
-782
-386
317
541
388
155
199
652
847
338
-727
-1781
-2019
-1227
-61
585
279
-495
-718
-111
582
567
-297
-1409
-1836
-1185
58
1108
1209
481
-7
198
942
1509
1075
36
-810
-900
-89
810
1073
655
-55
-296
144
653
635
-62
-985
-1392
-1113
-545
-112
-87
-291
-310
-63
277
439
229
-162
-404
-445
-330
-111
81
316
594
850
1033
937
610
308
133
103
11
-202
-305
-235
112
454
504
359
93
-106
-220
-420
-569
-557
-508
-431
-345
-119
258
687
959
1047
709
-294
-1110
-1214
-473
440
369
-112
-117
502
1380
1531
528
-925
-2150
-2275
-979
259
402
-398
-1188
-642
684
1265
732
-713
-1966
-1984
-877
422
1158
770
-36
137
804
1520
1549
513
-376
-657
-420
279
692
506
355
267
363
587
211
-293
-539
-738
-665
-646
-762
-588
-333
-21
301
161
-153
-208
-141
25
-34
-390
-472
-315
51
682
977
860
641
419
584
802
502
119
-263
-472
-106
264
524
614
249
96
146
92
-58
-436
-698
-592
-373
-347
-215
-69
189
764
920
904
249
-950
-1332
-959
70
629
50
-525
-207
884
1584
1093
-571
-1967
-2154
-1374
64
436
-399
-1189
-1185
163
1323
1015
-258
-1399
-1619
-878
127
443
359
-58
-133
746
1379
1482
1014
181
-69
84
193
363
294
4
12
98
277
555
394
172
-62
-504
-745
-851
-798
-524
-424
-420
-216
-19
225
420
182
-94
-283
-321
-3
110
31
62
182
633
1110
1084
734
278
9
202
292
94
-170
-418
-218
248
566
651
366
-66
-271
-337
-255
-253
-528
-486
-342
85
707
808
912
342
-576
-761
-619
-10
167
-460
-568
135
888
1132
437
-766
-1204
-1207
-792
-82
-316
-936
-1196
-791
194
607
51
-570
-629
-561
-220
27
-175
34
7
89
789
926
941
893
464
356
238
-83
192
511
165
-117
-281
-66
533
344
-67
-211
-672
-841
-462
-142
-180
-722
-1075
-367
402
342
121
-54
-144
-79
-1
356
559
196
-68
124
573
897
828
715
560
243
198
245
361
386
-122
-309
-181
-31
377
299
17
-90
-339
-248
-48
-165
-213
-312
-158
524
901
731
-18
-813
-761
-218
255
197
-367
-508
165
915
1039
258
-851
-1245
-1035
-644
-396
-619
-884
-688
-246
-23
-118
-318
-306
-211
-517
-670
-449
-70
460
521
383
314
403
978
1278
825
99
-222
106
590
613
179
-166
-246
-31
299
256
-141
-493
-535
-404
-384
-581
-604
-363
-224
-117
-112
-94
96
117
66
-76
-166
56
324
538
504
340
325
484
768
787
471
116
84
292
323
133
-75
20
113
37
-71
-218
-192
-173
-174
-174
-355
-290
31
271
436
222
94
163
-121
-315
-380
-327
-88
-39
-74
341
701
493
52
-639
-820
-484
-544
-583
-599
-708
-421
-216
-54
51
-355
-590
-388
-219
-151
-119
-179
210
459
226
392
557
777
943
507
220
236
254
431
452
150
-112
-265
-179
116
5
-307
-385
-367
-287
-360
-492
-373
-325
-431
-433
-301
-57
143
140
49
-22
-52
220
522
482
299
137
353
750
777
547
298
211
409
576
481
253
-82
-184
-81
-17
79
-19
-161
-216
-363
-373
-310
-314
-154
-117
-68
215
321
407
182
-361
-466
-311
-121
-8
-178
-65
558
851
493
-151
-721
-689
-481
-599
-660
-699
-663
-432
-237
-170
-219
-375
-407
-211
-274
-340
-125
62
325
286
167
480
766
842
711
407
306
515
641
583
320
-83
-135
-17
30
-4
-236
-402
-470
-486
-389
-317
-322
-363
-449
-481
-376
-226
-34
36
-42
-36
16
147
335
361
373
380
346
453
590
677
765
718
569
490
364
282
264
112
11
-116
-244
-189
-124
-12
42
-133
-340
-555
-542
-136
146
258
126
-157
-199
-257
-185
56
42
-216
-454
-301
331
868
644
-31
-558
-663
-356
-229
-352
-497
-656
-628
-415
-155
-34
-223
-533
-587
-384
-172
75
129
21
-44
-94
193
603
718
561
229
71
326
655
807
688
285
-31
-143
-90
86
-27
-311
-454
-497
-344
-194
-193
-233
-419
-587
-470
-221
-27
-29
-163
-61
141
218
295
330
322
262
185
358
653
706
649
708
753
691
570
465
322
16
-160
-3
111
-48
-205
-147
-40
-31
-104
-280
-480
-529
-265
177
267
49
-168
-442
-520
-318
-111
-60
-295
-394
83
577
567
169
-342
-567
-502
-419
-339
-399
-566
-537
-362
-186
-76
-145
-269
-328
-361
-242
5
127
84
-25
-51
170
497
671
638
475
340
366
480
502
392
206
43
-40
-44
25
34
-136
-345
-417
-351
-265
-250
-276
-317
-334
-277
-191
-99
-19
32
71
42
32
145
224
232
253
277
344
444
516
619
682
611
550
502
375
217
72
24
57
16
-115
-192
-210
-164
-101
-191
-367
-434
-319
-36
246
197
-88
-363
-502
-348
-119
-84
-195
-336
-259
189
569
473
-18
-563
-686
-434
-239
-207
-324
-521
-552
-390
-123
78
-50
-366
-485
-337
17
351
335
96
-105
-78
219
473
525
484
379
326
448
633
715
520
145
-63
-67
7
53
-65
-261
-403
-419
-260
-99
-134
-328
-496
-449
-238
-114
-127
-154
-106
3
88
152
213
209
163
174
270
387
453
471
495
534
560
586
558
415
197
11
-59
-47
-10
-50
-162
-223
-173
-44
-43
-204
-339
-337
-139
51
17
-205
-437
-435
-255
-101
-118
-224
-231
-42
276
378
180
-158
-375
-353
-303
-304
-385
-498
-563
-529
-345
-145
-32
-80
-202
-232
-131
145
302
194
9
-71
49
203
345
475
557
532
452
490
589
626
460
175
-35
-131
-126
-118
-158
-224
-320
-394
-316
-124
-68
-241
-429
-371
-136
-67
-195
-221
-68
108
157
127
172
217
185
199
275
320
317
293
403
556
545
482
425
327
156
-87
-212
-128
-96
-158
-189
-165
-12
66
-25
-66
-111
-137
-26
-1
-50
-181
-404
-395
-225
-153
-143
-171
-133
118
266
181
26
-229
-351
-316
-326
-301
-383
-577
-544
-386
-265
-169
-170
-95
23
-48
25
327
408
246
38
69
326
294
125
236
437
485
424
472
684
610
207
29
106
92
-151
-462
-460
-296
-371
-511
-453
-229
-43
-95
-172
-42
6
-164
-308
-229
11
80
-59
-23
180
295
309
343
438
421
235
168
319
429
425
384
362
322
158
30
29
-11
-111
-245
-374
-349
-200
-84
13
56
58
95
27
-95
-185
-327
-423
-384
-296
-228
-213
-174
62
316
315
101
-230
-417
-339
-192
-126
-293
-598
-696
-532
-332
-249
-269
-252
-139
-45
155
509
631
387
32
-27
253
366
210
145
268
417
540
736
974
914
449
90
125
286
176
-228
-479
-421
-351
-402
-433
-299
-123
-160
-284
-213
-37
-59
-290
-387
-211
-57
-150
-221
-61
173
264
251
357
491
440
279
284
410
398
235
115
194
286
266
180
63
-63
-185
-202
-154
-137
-217
-305
-213
29
306
323
6
-287
-354
-257
-259
-358
-358
-286
-264
-196
92
318
212
-152
-385
-288
-180
-230
-369
-504
-563
-523
-420
-316
-261
-243
-183
-104
31
284
443
336
142
107
277
372
222
74
135
310
434
487
584
701
625
402
310
417
431
79
-360
-420
-222
-228
-452
-495
-249
-100
-172
-87
209
268
-57
-318
-158
101
-17
-312
-317
-57
147
190
254
398
381
208
190
368
485
340
87
61
194
232
179
70
-38
-118
-216
-183
-14
45
-26
-124
-107
113
235
82
-113
-227
-265
-311
-373
-266
-95
-156
-285
-201
11
101
-87
-298
-303
-280
-303
-327
-396
-519
-654
-697
-561
-383
-274
-202
-180
-91
191
446
423
218
107
213
309
257
232
315
344
314
394
592
726
609
387
320
396
402
206
-36
-119
-136
-295
-498
-474
-257
-162
-273
-245
8
162
60
-106
-47
81
-27
-208
-152
-7
37
-18
29
301
383
254
228
342
474
451
238
138
141
26
36
33
10
-29
-207
-197
3
71
-32
-88
-98
88
141
-23
-59
-109
-141
-237
-364
-328
-163
-144
-154
-77
7
41
-168
-315
-246
-183
-278
-409
-450
-386
-373
-509
-515
-382
-263
-297
-352
-217
107
314
244
139
157
293
339
284
296
402
353
161
144
384
639
544
284
244
424
530
406
182
11
-104
-256
-350
-305
-210
-253
-431
-401
-56
258
193
-76
-159
-56
-52
-137
-51
70
-44
-230
-50
401
542
276
87
189
313
282
230
270
201
-17
-84
71
196
106
-94
-153
-53
-3
-30
-50
5
148
157
-12
-128
-101
-11
-60
-243
-319
-257
-210
-171
-103
-63
-121
-278
-352
-287
-252
-337
-477
-526
-461
-452
-529
-516
-376
-219
-200
-290
-213
78
296
246
88
136
375
442
288
252
456
604
460
275
369
515
405
215
263
468
420
97
-51
115
203
-57
-393
-405
-207
-201
-349
-293
-32
82
-70
-165
4
129
-35
-214
-110
103
83
-80
-18
241
323
171
95
215
287
176
87
165
238
143
19
56
149
91
-59
-87
-11
-25
-130
-115
83
251
229
98
-5
-52
-71
-61
-56
-110
-203
-246
-173
-32
59
-10
-237
-433
-428
-272
-208
-359
-557
-593
-498
-448
-448
-376
-257
-289
-434
-348
38
293
139
-112
-33
262
367
283
313
449
436
310
353
561
614
419
240
264
389
424
305
131
66
123
111
-81
-233
-170
-105
-250
-375
-188
61
-29
-264
-167
113
71
-231
-291
-98
-44
-123
-13
230
233
28
5
178
212
25
-105
-5
202
333
324
192
23
-90
-124
-108
-75
-56
-73
-61
106
364
422
214
15
5
36
-36
-63
42
58
-116
-213
-50
137
42
-231
-352
-300
-257
-273
-284
-286
-333
-403
-434
-399
-322
-263
-284
-331
-253
-35
134
105
6
46
194
238
156
147
268
338
269
224
333
453
396
249
245
354
320
104
-25
76
162
-8
-227
-164
68
89
-157
-338
-284
-202
-218
-188
-44
44
-32
-103
-7
118
78
-65
-110
-18
62
79
62
13
-60
-105
-73
16
108
177
164
70
13
17
-48
-204
-265
-147
-51
-98
-91
76
213
167
77
122
174
77
-54
-30
121
173
44
-50
65
234
195
-24
-145
-93
-67
-152
-201
-148
-135
-225
-271
-162
-24
-14
-91
-87
32
139
132
61
20
32
51
49
57
118
215
291
309
270
204
153
122
72
-1
-48
-13
99
202
205
77
-124
-268
-260
-180
-207
-355
-412
-251
-34
7
-98
-170
-159
-142
-125
-74
-34
-38
-32
34
97
69
-30
-110
-125
-100
-67
-37
-14
3
31
60
70
53
29
-3
-58
-112
-112
-48
8
-10
-81
-127
-87
23
118
107
7
-50
-3
70
82
75
128
182
160
132
191
252
174
5
-76
-42
-30
-77
-51
106
254
258
169
126
148
145
66
-36
-71
-6
118
235
286
233
104
-4
-19
35
57
6
-47
-24
54
103
87
22
-67
-126
-121
-87
-92
-140
-189
-219
-257
-272
-214
-144
-145
-198
-199
-110
-18
-1
-25
-30
-22
-9
37
98
123
83
14
-24
-32
-50
-76
-86
-71
-36
1
33
65
66
18
-54
-100
-118
-146
-191
-211
-174
-111
-80
-78
-65
-51
-79
-150
-203
-204
-188
-192
-188
-128
-28
38
44
53
112
172
167
133
127
130
105
96
171
290
349
324
301
343
397
386
312
233
179
172
199
218
197
142
101
120
169
185
141
69
0
-44
-54
-45
-40
-55
-81
-102
-112
-118
-116
-126
-160
-206
-221
-165
-93
-87
-137
-154
-101
-46
-52
-84
-76
-41
-41
-61
-42
-1
-8
-70
-95
-47
-2
-30
-70
-33
36
40
-8
-22
-8
-35
-93
-100
-68
-98
-191
-228
-164
-112
-158
-226
-215
-163
-159
-180
-155
-111
-143
-224
-231
-136
-73
-126
-188
-134
-21
11
-39
-38
65
138
104
48
97
228
307
281
251
306
398
432
393
355
351
345
317
292
288
277
233
184
181
194
157
77
32
41
43
4
-35
-32
-5
-4
-29
-38
-24
-25
-46
-63
-61
-55
-56
-50
-28
-5
-3
-5
14
36
27
-11
-42
-52
-65
-91
-123
-137
-131
-132
-131
-116
-97
-89
-79
-60
-44
-52
-68
-72
-75
-103
-131
-135
-135
-151
-171
-168
-152
-174
-211
-219
-211
-223
-242
-230
-216
-224
-223
-183
-143
-151
-167
-140
-94
-91
-116
-100
-48
-15
-7
27
100
148
155
171
208
220
200
201
232
252
230
218
265
315
305
263
267
302
284
218
185
220
240
187
136
155
192
170
107
88
117
112
54
20
39
45
-1
-42
-35
-12
-19
-34
-20
5
7
-1
3
4
-12
-40
-59
-73
-88
-99
-103
-111
-127
-131
-119
-111
-112
-109
-105
-115
-131
-126
-108
-112
-133
-130
-104
-103
-122
-113
-74
-83
-149
-185
-146
-112
-157
-224
-220
-179
-174
-199
-190
-159
-162
-181
-160
-114
-111
-142
-134
-81
-36
-24
-2
52
101
133
172
209
219
214
230
264
267
229
206
230
245
215
185
184
180
144
110
112
115
78
28
25
52
53
26
20
39
45
32
29
44
46
33
24
35
47
43
36
36
53
62
51
30
16
20
31
27
6
-21
-33
-30
-28
-38
-60
-78
-79
-71
-66
-65
-60
-57
-73
-83
-67
-47
-62
-102
-108
-82
-71
-92
-101
-88
-100
-129
-134
-112
-109
-137
-154
-141
-135
-153
-164
-143
-122
-127
-134
-117
-86
-67
-53
-24
-1
-1
-2
25
67
91
87
86
109
136
144
146
150
147
124
109
119
133
128
106
95
105
114
109
96
84
73
65
61
64
71
64
53
49
56
61
47
29
18
18
20
15
4
-4
-3
3
3
1
0
-4
-16
-22
-22
-27
-44
-63
-72
-71
-67
-66
-71
-74
-66
-46
-29
-26
-28
-23
-14
-3
3
4
1
-10
-18
-16
-19
-36
-56
-68
-73
-78
-94
-108
-113
-118
-128
-128
-119
-113
-117
-121
-111
-89
-71
-54
-32
-5
9
12
24
45
54
52
56
72
88
93
95
101
107
113
113
108
103
98
89
81
75
65
50
34
25
22
16
3
-5
-4
2
14
32
50
62
70
76
76
65
42
20
1
-12
-17
-11
-4
2
17
38
52
46
31
7
-13
-33
-60
-76
-78
-68
-60
-51
-41
-30
-20
-12
-1
-2
-16
-25
-24
-23
-35
-50
-53
-52
-55
-59
-55
-48
-55
-66
-60
-45
-43
-48
-47
-46
-52
-67
-76
-71
-63
-60
-48
-24
1
24
43
61
73
77
72
67
59
52
51
47
42
44
54
60
56
53
54
54
48
40
42
50
47
39
36
37
29
15
4
1
-2
-5
-4
4
14
20
25
30
34
33
21
10
-1
-13
-22
-26
-30
-33
-32
-27
-25
-25
-23
-26
-31
-40
-49
-52
-52
-50
-49
-45
-35
-30
-26
-14
-2
6
7
8
14
15
10
2
-4
-5
-11
-20
-21
-19
-24
-26
-22
-16
-11
-6
0
8
5
-6
-18
-23
-21
-26
-30
-22
-4
9
17
23
43
61
57
47
53
66
59
39
31
32
32
27
23
23
24
21
22
22
19
20
27
25
6
3
25
32
10
3
32
56
31
7
39
86
62
4
16
75
66
-4
-27
17
22
-54
-98
-52
-10
-47
-85
-44
16
-5
-62
-59
-34
-63
-118
-117
-73
-61
-76
-57
-5
23
19
16
17
1
-27
-37
-33
-52
-72
-59
-41
-42
-41
-19
-7
-20
-37
-22
-13
-37
-53
-29
-2
-18
-34
-18
4
-7
-25
-3
33
39
28
46
79
80
61
58
71
68
43
37
50
51
40
38
58
73
63
52
55
58
44
24
17
21
18
8
12
27
29
20
14
22
21
10
8
14
18
14
18
28
32
22
22
33
32
15
2
0
-1
-15
-25
-27
-30
-34
-41
-44
-51
-66
-84
-93
-92
-91
-86
-78
-65
-50
-38
-33
-29
-33
-43
-56
-73
-81
-84
-85
-81
-69
-51
-33
-18
-8
-1
-5
-14
-21
-24
-29
-32
-31
-21
-5
4
12
23
33
38
40
40
38
38
31
25
25
21
20
24
30
33
35
41
42
43
41
34
35
37
36
31
29
31
32
29
20
16
21
24
21
20
23
31
32
29
33
39
36
30
27
31
27
19
21
28
24
13
17
19
20
15
11
12
9
-2
-11
-14
-24
-38
-45
-43
-41
-45
-49
-49
-43
-40
-36
-31
-30
-37
-43
-53
-66
-69
-67
-68
-65
-58
-42
-20
-1
9
15
18
10
-4
-15
-23
-28
-32
-35
-31
-18
-4
10
21
29
36
39
33
29
23
13
3
-5
-5
1
4
9
19
31
38
41
38
36
36
35
34
32
33
36
34
32
35
32
27
27
26
25
27
25
20
18
14
6
0
-4
-12
-17
-21
-27
-25
-21
-21
-18
-14
-15
-24
-28
-33
-36
-39
-42
-41
-42
-44
-38
-30
-26
-26
-27
-26
-23
-24
-24
-24
-23
-21
-17
-11
-9
-6
-5
-4
2
9
16
18
17
21
22
23
27
27
19
15
17
18
16
17
21
31
44
46
43
45
44
38
33
27
22
17
14
23
34
40
48
62
73
76
70
64
66
49
21
9
8
0
-15
-14
6
17
11
16
39
46
23
5
22
32
-7
-49
-40
-15
-36
-70
-56
-14
-17
-56
-50
2
11
-38
-59
-21
-6
-56
-91
-59
-32
-74
-107
-68
-29
-46
-69
-42
-4
-16
-49
-34
-7
-29
-60
-52
-34
-52
-75
-62
-44
-53
-63
-40
-9
-12
-22
-1
23
9
-18
-16
-2
-13
-32
-20
4
11
17
41
63
65
58
59
60
44
22
20
24
15
13
29
47
51
54
69
80
73
60
58
61
52
37
30
30
22
14
16
26
30
29
35
40
37
33
31
30
28
22
21
22
16
4
3
7
4
-2
-5
-6
-9
-13
-15
-13
-13
-20
-22
-21
-14
-14
-16
-13
-11
-12
-11
-9
-6
-10
-12
-10
-6
0
4
-2
-4
0
0
-3
-6
-6
-10
-11
-9
-5
-3
-6
-10
-7
-3
-5
-6
-7
-7
-6
-6
-8
-9
-10
-10
-5
1
5
5
6
8
6
5
4
4
3
4
7
9
6
9
9
7
10
6
7
5
-1
-7
-9
-8
-7
-6
-5
-3
0
-1
-3
3
9
6
3
6
5
1
0
1
4
5
0
-1
5
8
5
2
2
6
3
-3
3
8
3
-2
-1
4
7
0
-2
5
5
1
-2
5
9
1
-3
2
1
-6
-4
2
3
-4
-9
-4
1
-2
-7
-5
-1
-4
-6
0
3
0
-5
-3
-4
-7
-10
-11
-9
-7
-8
-7
-8
-6
-6
-2
0
-4
-2
6
5
0
1
5
2
2
6
6
5
0
3
5
4
-2
-3
-4
-4
-7
-5
1
2
-4
-4
1
3
2
4
4
3
1
-5
-3
1
-1
-7
-6
-3
-5
-6
-8
-2
1
3
5
4
3
0
-1
-1
3
6
9
9
7
7
4
2
3
0
1
2
0
0
-1
0
1
2
0
-1
4
5
0
0
-1
-1
-3
-6
-2
-1
-6
-8
-7
-7
-7
-11
-13
-8
-4
-5
-6
-2
-1
0
3
3
3
7
5
7
7
7
6
10
10
10
11
7
5
6
3
1
2
-1
-5
-6
-5
-3
-3
-3
1
5
4
2
6
2
-5
-8
-10
-8
-9
-15
-15
-11
-10
-10
-9
-8
-8
-8
-8
-4
0
2
1
1
-1
0
0
-1
-4
-7
-4
-2
0
-1
3
6
8
14
16
13
13
14
8
8
9
11
11
8
8
8
8
6
2
3
6
9
5
2
-1
-4
-4
-1
1
-1
-1
2
1
0
2
1
2
7
5
3
2
2
5
4
0
1
4
4
1
3
4
6
3
-1
-1
-5
-9
-9
-6
-6
-7
-7
-6
-5
-5
-9
-9
-7
-5
-2
-2
-5
-9
-8
-5
-6
-7
-8
-6
-7
-11
-12
-7
-5
-5
-4
-4
-5
-4
-3
-5
-8
-7
-3
3
5
2
4
3
3
5
4
5
9
10
7
9
6
3
0
0
6
9
5
1
1
5
10
6
0
0
0
-3
1
9
4
-2
-1
9
20
17
8
6
7
9
10
5
-1
-2
1
7
5
0
-7
-3
5
7
5
4
-1
-9
-13
-3
8
8
1
-10
-10
-5
-2
-2
-3
-6
-15
-16
-3
3
0
-4
-16
-16
2
7
3
-6
-19
-15
-7
-13
-14
-4
-13
5
2
-8
-37
10
185
-31
-257
-156
-85
204
305
-45
-277
-287
-135
209
419
-99
-534
-178
227
663
509
-587
-1243
-928
-33
704
591
160
149
179
128
164
-253
-882
-1182
-588
712
987
547
516
212
-167
-122
-147
-170
-51
-20
139
460
539
549
399
-218
-287
167
83
-39
17
-84
-4
130
221
297
-1
-285
-165
16
92
4
-248
-291
-89
30
43
42
11
-22
1
49
61
15
-157
-267
-175
-96
-11
75
38
11
0
-57
-29
-23
-137
-128
-28
-80
-95
29
36
-25
-60
-67
63
73
-83
-35
47
-52
-98
-42
-46
-35
-19
-77
-18
16
-101
-111
-21
67
121
51
-36
79
174
25
-28
48
45
14
-5
73
180
118
35
131
182
42
-71
-81
73
301
338
312
237
104
123
176
58
-223
-456
-440
-241
-47
52
25
-167
-335
-205
82
190
46
-115
-142
-94
-8
79
103
1
-202
-266
1
419
557
247
-163
-251
-3
211
151
-73
-255
-226
-12
208
289
109
-306
-656
-579
-161
65
-153
-414
-279
65
194
71
-78
-178
-308
-348
-140
210
336
49
-218
-37
382
515
274
43
24
108
173
278
427
456
313
216
390
636
711
556
245
13
-170
-303
-294
-277
-400
-639
-737
-478
-42
120
-75
-270
-297
-192
-23
120
132
-106
-410
-407
-96
182
217
144
130
153
173
312
550
544
187
-136
-25
333
383
83
-116
-6
34
-193
-308
-97
86
-208
-701
-776
-478
-342
-559
-658
-392
-129
-124
-120
222
564
402
-32
-132
195
340
19
-266
-120
176
140
-35
116
395
324
-79
-214
98
300
130
-37
249
733
834
612
498
651
706
380
-82
-360
-396
-397
-423
-360
-251
-236
-361
-352
-113
68
-76
-410
-485
-237
-9
-43
-201
-214
-163
-219
-260
-58
290
394
142
-36
244
712
783
443
221
323
379
122
-118
-11
164
-3
-270
-106
316
314
-229
-665
-625
-564
-875
-1173
-956
-491
-364
-484
-249
396
798
614
305
348
472
218
-229
-338
-130
-71
-248
-234
153
472
352
69
113
400
441
149
6
331
736
747
525
554
807
747
188
-380
-548
-524
-645
-751
-510
-87
17
-236
-339
-92
46
-292
-730
-675
-245
-54
-227
-246
123
402
202
-98
44
424
408
-5
-138
256
571
347
51
248
595
417
-103
-191
208
344
-51
-293
44
364
65
-468
-561
-410
-645
-1167
-1257
-770
-343
-338
-327
113
665
777
522
422
529
385
-102
-441
-309
-64
-169
-394
-247
196
399
206
47
186
336
213
48
146
377
451
445
671
1013
1097
836
484
230
-104
-547
-819
-794
-635
-539
-464
-323
-176
-144
-239
-426
-645
-690
-456
-146
-77
-208
-143
188
365
202
42
156
246
39
-112
206
654
584
120
17
413
613
252
-137
-67
119
-29
-208
69
439
185
-515
-774
-422
-260
-726
-1169
-920
-306
-13
7
243
615
607
249
132
391
409
-91
-488
-240
220
214
-64
13
359
355
-9
-125
193
373
92
-148
147
730
1023
1012
1061
1241
1216
706
-32
-620
-987
-1270
-1482
-1391
-926
-426
-210
-144
10
157
-70
-625
-928
-726
-447
-539
-695
-338
359
668
493
470
855
1009
501
-9
138
502
208
-511
-623
-68
160
-301
-586
-133
360
185
-17
456
958
526
-552
-977
-599
-552
-1110
-1339
-623
335
583
467
740
1096
833
66
-258
117
238
-270
-602
-128
552
470
-73
-89
343
371
-154
-397
58
402
119
-163
266
1058
1319
1121
1192
1576
1593
789
-259
-846
-1119
-1419
-1707
-1572
-948
-400
-261
-222
-12
131
-197
-881
-1153
-812
-454
-496
-606
-193
554
873
675
637
938
964
386
-115
91
484
134
-647
-758
-208
-2
-525
-807
-227
370
242
6
351
732
294
-608
-808
-356
-303
-798
-899
-170
610
612
214
279
606
476
-70
-255
113
327
13
-264
111
602
451
-174
-347
-33
67
-166
-375
59
478
324
201
650
1399
1793
1556
1183
1320
855
-150
-1093
-1652
-1466
-1508
-1633
-1052
-66
406
353
-21
-80
-82
-859
-1352
-1118
-521
-334
-528
-251
766
1448
1111
778
846
944
376
-377
-392
71
-215
-1087
-1132
-443
62
-351
-754
-151
597
543
209
336
610
319
-523
-779
-365
-236
-532
-630
-13
678
617
162
95
367
325
-172
-412
-67
228
151
47
284
542
253
-262
-382
-201
-171
-367
-285
132
481
597
660
1147
1600
1704
1452
1141
944
325
-629
-1608
-1825
-1580
-1450
-1174
-549
360
721
353
-87
-167
-503
-1236
-1520
-1039
-234
48
27
695
1715
1875
1322
836
864
757
-252
-1109
-960
-544
-872
-1475
-1316
-415
-47
-475
-369
458
935
456
-41
293
711
230
-592
-638
-77
56
-400
-466
93
459
76
-426
-136
480
406
-108
-170
390
752
395
117
358
422
-133
-736
-715
-277
-176
-319
75
839
1246
1038
881
1280
1663
1425
730
346
139
-433
-1294
-1823
-1565
-1133
-1004
-759
2
633
522
-151
-675
-772
-1139
-1545
-1214
-287
492
708
914
1696
2268
1842
1022
539
371
-202
-1147
-1458
-998
-810
-1218
-1323
-692
71
6
-399
-74
538
618
187
-20
296
418
-13
-246
17
259
113
-192
-46
270
83
-473
-826
-566
-88
18
35
363
767
1006
902
694
476
-161
-822
-1138
-1017
-662
-345
184
889
1444
1600
1599
1663
1713
1404
662
109
-353
-881
-1432
-1885
-1628
-1116
-874
-445
256
805
640
-236
-882
-1014
-1474
-1998
-1591
-427
747
1204
1386
2293
2912
2297
1215
457
152
-430
-1570
-2126
-1499
-924
-1103
-1173
-576
264
304
-304
-113
670
533
-263
-438
169
685
193
-345
232
848
656
120
-142
7
-314
-1225
-1520
-977
-378
-265
-171
675
1684
1730
1067
619
434
-180
-1196
-1679
-1315
-702
-382
139
1168
2111
2294
1849
1574
1634
1516
489
-396
-674
-1030
-1429
-2132
-1775
-619
-249
-129
241
763
789
-198
-1294
-1481
-1765
-2256
-1834
-533
1028
1874
2016
2689
3318
2513
1214
145
-441
-1021
-2213
-2668
-1848
-1025
-1014
-885
-182
661
654
-190
-205
327
39
-598
-576
104
766
458
124
757
1038
618
79
-178
-67
-475
-1323
-1433
-825
-368
-310
-142
671
1645
1737
1150
772
462
-256
-1261
-1759
-1429
-813
-405
117
1242
2136
2278
1842
1463
1551
1266
278
-540
-597
-616
-1067
-1797
-1680
-622
-189
-238
-26
534
588
-412
-1535
-1639
-1452
-1933
-1938
-751
1077
2190
2307
2721
3461
2998
1384
-27
-699
-1053
-2092
-2959
-2368
-1167
-722
-709
-183
797
1061
63
-445
-2
84
-591
-1030
-328
645
750
467
960
1576
1332
441
-398
-707
-1200
-2031
-2188
-1434
-437
122
388
1148
2129
2186
1277
323
-219
-754
-1506
-1934
-1434
-496
106
744
1652
2435
2508
1891
1357
1261
1019
-49
-931
-1112
-1085
-1210
-1778
-1382
-108
322
177
221
513
445
-801
-2148
-2197
-2043
-2209
-1691
-232
1617
2679
2736
3198
3733
2742
926
-505
-1151
-1561
-2566
-3191
-2168
-807
-525
-339
212
1026
1158
-21
-402
176
-132
-836
-934
-41
1259
1300
893
1361
1543
953
129
-642
-985
-1629
-2573
-2293
-1068
29
602
867
1523
2132
1800
807
-22
-670
-1474
-2153
-2050
-1058
63
814
1484
2303
2667
2201
1505
963
660
191
-701
-1030
-798
-767
-944
-1129
-616
269
387
195
303
200
-444
-1505
-2277
-2204
-2212
-2251
-1129
672
2126
2720
2833
3421
3591
2207
417
-701
-1291
-1929
-2826
-2832
-1538
-606
-667
-492
348
1070
623
-408
-439
-81
-598
-1243
-718
659
1442
1140
1092
1855
2119
1127
-237
-958
-1388
-2236
-2994
-2540
-998
241
665
1294
2426
2889
1929
295
-698
-1159
-1907
-2544
-1990
-506
591
1312
2116
2950
3191
2193
1014
748
632
-212
-1195
-1591
-1207
-883
-1377
-1112
138
777
804
549
489
396
-939
-2454
-2772
-2623
-2467
-1868
-397
1710
3084
3189
3366
3670
2873
1155
-579
-1510
-1784
-2394
-2895
-2165
-801
-136
-69
168
697
826
-48
-794
-572
-601
-1148
-1163
-295
1070
1728
1555
1850
2234
1730
574
-692
-1450
-1930
-2735
-2956
-1834
-270
741
1222
1911
2673
2265
675
-664
-1190
-1663
-2353
-2310
-1093
436
1440
2012
2734
3140
2421
1242
525
420
182
-770
-1378
-1093
-781
-951
-1171
-532
552
713
221
191
428
-78
-1493
-2624
-2581
-2137
-1866
-1029
629
2247
2970
2968
3070
3104
2176
424
-1131
-1815
-1987
-2330
-2519
-1736
-481
114
56
129
608
713
-70
-849
-905
-720
-744
-627
229
1439
1872
1561
1426
1611
1356
136
-1236
-1744
-1760
-1912
-1922
-1233
23
863
1103
1563
2071
1696
394
-1042
-1756
-1870
-2010
-1699
-562
757
1813
2424
2670
2722
2160
1165
566
210
-348
-908
-1304
-1291
-1054
-1238
-940
180
944
1239
1070
564
33
-1152
-2442
-2786
-2865
-2628
-1464
110
1815
2993
3191
3390
3289
2037
599
-723
-1769
-2034
-2292
-2285
-1316
-392
-35
253
361
430
321
-560
-1092
-787
-870
-892
-333
340
1275
1633
1399
1636
1571
817
-63
-1040
-1534
-1541
-1814
-1672
-622
534
1272
1530
1684
1890
1280
-288
-1545
-1916
-2043
-2091
-1627
-457
1188
2190
2397
2719
2734
2055
976
97
-65
-317
-990
-1455
-1373
-1018
-948
-625
268
977
1199
980
461
-167
-1200
-2360
-2845
-2878
-2316
-977
358
1608
2602
3089
3305
2834
1603
326
-651
-1506
-2109
-2142
-1724
-898
-276
-203
260
598
172
-247
-763
-1071
-1019
-1410
-1132
2
739
1492
1916
1942
2081
1392
337
-482
-1479
-1999
-1995
-1662
-657
387
1182
1824
1910
1771
1324
235
-854
-1788
-2257
-2105
-1816
-1101
-59
1033
2074
2514
2549
2444
1849
1007
382
-209
-651
-949
-1405
-1428
-1321
-1219
-312
473
831
1286
1161
622
-203
-1489
-2220
-2585
-2934
-2158
-605
834
1884
2347
2802
3091
2384
1010
-52
-643
-1384
-2031
-2135
-1460
-242
34
-129
420
554
213
-403
-1166
-1003
-1070
-1631
-1049
10
899
1503
1470
1781
2054
1218
123
-796
-1479
-1711
-1879
-1473
-312
686
1350
1801
2206
2232
1180
-157
-1053
-1549
-1808
-2236
-1922
-678
131
789
1609
2239
2729
2177
1223
1246
838
-226
-902
-1504
-1556
-1698
-2190
-1134
273
692
1139
1349
1341
834
-757
-1843
-2185
-2707
-2531
-1357
275
1730
2278
2506
2908
2629
1431
168
-615
-1181
-1795
-2177
-1714
-541
92
154
471
692
538
-89
-941
-1231
-1456
-1850
-1561
-728
386
1436
1756
1893
2020
1488
460
-826
-1821
-1910
-1742
-1495
-533
784
1697
1926
1759
1786
1557
346
-1053
-1592
-1489
-1518
-1645
-1110
128
1101
1224
1310
1963
2178
1596
1020
668
424
-302
-1455
-1740
-1594
-1698
-1308
-610
341
1358
1373
1010
707
-227
-1206
-2089
-2645
-1937
-916
-23
1273
2186
2623
2678
1912
1143
469
-655
-1422
-1678
-1693
-1096
-464
-162
443
762
410
166
-175
-632
-1084
-1892
-2053
-1291
-756
-121
901
1659
1999
1660
1022
636
-183
-1401
-1937
-1626
-1044
-382
383
1260
2025
2096
1644
1215
540
-441
-1247
-1601
-1489
-1133
-708
-67
841
1488
1679
1763
1601
1302
926
323
10
-387
-1204
-1831
-2069
-1570
-755
-322
376
1226
1382
920
169
-446
-1000
-2071
-2601
-1706
-523
486
1350
2023
2762
2605
1480
663
-1
-754
-1365
-1900
-1707
-698
-160
-20
561
972
957
432
-580
-888
-1119
-2007
-2129
-1492
-666
307
826
1394
2106
1811
807
-129
-861
-1186
-1402
-1478
-785
346
1090
1338
1575
1825
1539
650
-390
-856
-797
-1119
-1323
-812
-179
529
923
1043
1580
1604
1137
1014
683
398
43
-872
-1407
-1749
-1960
-1343
-750
-180
748
1206
1271
928
74
-594
-1424
-2256
-2003
-1109
-193
655
1381
2175
2523
2048
1232
373
-427
-1161
-1613
-1587
-1160
-365
168
428
866
881
549
91
-556
-774
-1123
-1792
-1738
-1342
-792
38
562
1070
1414
1126
684
64
-530
-687
-832
-880
-544
106
878
1273
1510
1760
1460
695
-215
-820
-924
-1171
-1241
-713
-201
351
921
1317
1716
1626
1229
1049
686
306
-125
-932
-1618
-1968
-1837
-1225
-644
90
918
1188
1012
592
-32
-784
-1714
-2094
-1519
-753
-35
817
1701
2327
2226
1595
958
212
-677
-1350
-1564
-1314
-745
-217
184
667
1017
978
582
6
-461
-951
-1540
-1789
-1631
-1246
-639
26
641
1002
965
711
104
-661
-988
-946
-703
-374
22
720
1233
1334
1520
1525
1127
417
-523
-932
-924
-1100
-925
-524
-99
601
902
1130
1593
1494
1365
1137
529
410
-59
-1074
-1609
-1898
-1499
-794
-594
230
1149
1078
736
230
-256
-800
-1835
-2025
-1055
-274
253
890
1587
2015
1669
946
480
-5
-769
-1281
-1211
-823
-196
294
503
886
1005
703
384
-174
-580
-855
-1445
-1588
-1344
-1054
-430
74
511
959
868
408
-233
-797
-918
-955
-907
-488
198
864
1165
1387
1683
1493
863
172
-325
-603
-992
-1108
-705
-399
-179
188
683
1165
1200
1133
1320
1199
855
554
41
-606
-1373
-1810
-1448
-1026
-641
116
707
864
689
264
-185
-902
-1624
-1483
-901
-587
-146
625
1326
1496
1116
873
674
-115
-880
-941
-694
-461
-221
141
726
1009
774
640
526
144
-302
-823
-1071
-1013
-1220
-1220
-656
-111
222
420
573
505
-27
-539
-653
-613
-644
-540
-48
405
699
1155
1409
1310
1041
599
254
-167
-665
-711
-636
-709
-590
-284
152
557
732
916
1201
1306
1176
1032
792
171
-680
-1355
-1529
-1359
-1176
-649
226
747
835
787
547
-84
-1024
-1533
-1300
-1006
-855
-362
439
859
790
779
766
341
-396
-759
-481
-368
-375
110
620
853
746
577
777
611
98
-100
-364
-611
-844
-1135
-853
-469
-373
-170
-14
189
212
-172
-259
-202
-418
-591
-548
-168
190
312
741
1186
1087
775
556
427
119
-338
-387
-274
-522
-722
-465
-1
255
414
797
1077
1091
1105
1141
1042
568
-90
-647
-1172
-1426
-1318
-988
-278
540
994
1124
1037
704
-20
-989
-1482
-1376
-1274
-1220
-811
-37
479
409
374
554
380
-184
-537
-355
-194
-278
-90
276
495
613
776
1003
923
603
364
-97
-594
-708
-751
-884
-886
-553
-25
212
273
526
645
297
-337
-772
-743
-646
-732
-565
89
726
764
517
702
1007
707
49
-232
-136
-367
-949
-1014
-398
94
82
183
799
1255
982
518
504
576
156
-403
-535
-448
-538
-604
-275
224
526
791
1077
999
593
242
-113
-673
-1287
-1437
-1025
-745
-666
-259
232
381
207
60
129
-110
-635
-770
-660
-574
-356
26
546
849
777
784
741
419
82
-202
-304
-269
-311
-152
246
586
792
813
760
558
-6
-520
-684
-796
-988
-1013
-638
-182
-12
245
780
1037
673
116
-156
-379
-860
-1223
-1034
-548
-234
61
638
1201
1357
1126
756
312
-343
-930
-1079
-998
-792
-336
257
808
1105
1236
1349
1080
440
-170
-658
-944
-1045
-908
-396
173
537
661
554
452
313
5
-278
-491
-663
-816
-925
-713
-326
-90
76
166
172
52
-209
-281
-270
-427
-565
-544
-286
107
482
984
1396
1434
1260
930
530
173
-159
-334
-438
-501
-387
-270
-109
176
385
446
262
-18
-257
-569
-778
-855
-906
-832
-662
-379
-25
332
763
964
740
387
36
-329
-718
-957
-764
-404
-196
38
419
836
1036
925
685
317
-181
-649
-965
-962
-629
-221
116
405
701
892
824
701
701
575
193
-228
-436
-425
-355
-165
193
463
499
328
36
-205
-423
-728
-1047
-1237
-1144
-857
-487
122
878
1361
1395
1135
812
407
-124
-523
-662
-661
-578
-353
48
496
845
1039
991
671
195
-282
-716
-1066
-1185
-1025
-724
-388
15
483
838
865
602
259
-117
-580
-993
-1077
-810
-515
-344
-93
255
466
458
417
443
274
-161
-511
-643
-708
-750
-570
-148
124
162
317
615
749
613
491
496
310
-116
-350
-202
35
110
204
525
781
660
377
236
127
-206
-582
-618
-411
-290
-205
86
467
594
490
448
469
330
39
-173
-245
-333
-447
-462
-361
-213
-53
117
243
290
308
241
9
-301
-488
-474
-374
-259
-21
332
555
510
367
316
250
4
-263
-308
-211
-221
-312
-225
8
66
-99
-205
-157
-191
-413
-590
-557
-482
-519
-520
-317
-29
133
186
248
282
186
-7
-148
-157
-68
51
166
291
423
478
375
198
99
35
-118
-282
-259
-50
120
170
277
474
547
406
270
317
387
302
162
147
186
107
-36
-53
26
29
-83
-178
-181
-178
-226
-256
-220
-171
-153
-141
-94
-8
67
91
53
-12
-52
-44
-12
38
132
249
300
227
113
53
-12
-164
-312
-331
-289
-321
-378
-308
-155
-107
-175
-193
-138
-163
-277
-290
-146
-51
-118
-186
-111
-11
-1
29
183
329
296
156
92
107
69
-48
-129
-112
-67
-48
12
153
316
397
360
276
210
177
144
94
69
113
192
245
279
362
465
451
273
52
-91
-183
-295
-378
-327
-178
-66
-3
116
278
321
186
-2
-140
-289
-449
-486
-356
-172
-30
115
292
405
376
270
147
-31
-289
-532
-645
-646
-589
-446
-211
-4
92
142
205
209
79
-67
-134
-219
-384
-496
-422
-255
-124
25
244
411
411
324
279
225
59
-148
-289
-387
-461
-429
-247
-14
175
347
492
504
389
260
146
-26
-227
-301
-204
-58
77
270
511
620
529
398
330
220
-11
-205
-207
-123
-113
-81
110
345
409
330
297
283
132
-85
-169
-122
-126
-187
-137
28
132
144
188
251
181
-56
-304
-471
-618
-753
-772
-635
-430
-247
-73
116
280
358
326
204
23
-196
-403
-527
-497
-309
-77
83
189
293
335
269
172
127
65
-122
-353
-446
-407
-382
-338
-132
156
291
269
303
390
315
74
-70
-41
-48
-142
-86
167
339
282
197
242
226
10
-170
-112
-4
-57
-129
22
264
305
220
271
394
304
25
-120
-40
18
-51
-46
123
248
189
98
139
216
157
-26
-212
-354
-498
-640
-701
-620
-427
-215
-45
113
291
406
369
212
45
-95
-259
-414
-426
-266
-69
71
211
377
464
378
202
64
-63
-269
-481
-542
-446
-327
-211
-26
209
357
351
271
201
107
-44
-180
-214
-147
-27
115
270
407
471
441
315
117
-74
-211
-299
-347
-308
-146
64
204
291
384
420
318
124
-39
-147
-266
-364
-343
-224
-99
27
185
335
381
340
260
98
-176
-468
-653
-733
-758
-682
-440
-102
199
415
577
667
589
338
58
-144
-295
-420
-434
-273
-29
178
353
537
647
547
279
15
-201
-455
-706
-765
-582
-347
-195
-23
244
432
389
238
166
120
-66
-304
-357
-209
-73
-19
114
363
504
405
242
177
109
-90
-291
-312
-209
-168
-154
-6
227
337
296
254
238
120
-106
-268
-288
-270
-274
-205
-1
206
303
331
350
293
82
-202
-421
-558
-661
-689
-544
-265
12
238
442
600
611
463
267
96
-79
-249
-318
-233
-72
78
231
400
505
477
337
151
-49
-258
-434
-526
-515
-416
-266
-101
55
177
248
251
182
76
-14
-80
-141
-156
-74
59
162
211
249
282
238
105
-43
-139
-197
-264
-300
-236
-92
57
172
263
321
305
197
41
-107
-221
-301
-353
-347
-250
-98
65
213
323
346
246
51
-187
-415
-599
-695
-672
-548
-358
-105
179
412
534
549
486
338
104
-121
-231
-225
-167
-68
108
314
421
399
344
288
154
-81
-285
-355
-357
-368
-315
-121
108
212
211
227
251
171
16
-65
-43
-42
-95
-75
73
223
273
283
323
316
175
-22
-145
-195
-267
-343
-308
-160
-4
111
236
375
426
340
201
80
-40
-179
-285
-307
-274
-217
-117
25
154
208
170
57
-120
-332
-521
-631
-650
-591
-453
-253
-30
181
361
469
467
352
169
-33
-217
-325
-300
-156
27
197
338
428
433
352
223
69
-114
-306
-432
-457
-387
-243
-56
121
224
247
232
196
142
70
-2
-66
-124
-142
-82
41
180
285
339
336
275
167
49
-60
-169
-270
-331
-311
-207
-38
165
348
457
459
370
224
62
-86
-205
-279
-304
-267
-160
-3
152
255
270
175
-20
-262
-469
-593
-631
-575
-431
-231
-21
182
367
482
494
409
246
35
-173
-307
-333
-268
-138
34
197
293
324
318
267
141
-25
-154
-254
-353
-406
-345
-199
-77
1
94
197
209
129
77
90
55
-67
-138
-83
2
30
89
250
379
343
218
145
92
-58
-259
-344
-303
-250
-188
-10
262
442
445
387
341
237
49
-112
-158
-162
-197
-186
-52
114
179
154
112
21
-171
-382
-491
-505
-507
-485
-367
-166
13
146
274
366
343
212
64
-51
-146
-219
-214
-123
-10
72
141
201
221
177
97
9
-90
-182
-242
-255
-225
-153
-55
43
115
161
181
162
103
37
-8
-43
-71
-55
29
143
236
297
337
336
258
123
-8
-120
-226
-303
-300
-216
-89
56
205
329
387
362
285
175
45
-70
-132
-151
-134
-67
37
133
182
177
129
17
-159
-342
-468
-515
-504
-432
-291
-111
53
181
283
333
293
166
-1
-152
-255
-293
-260
-162
-49
48
130
189
210
190
123
18
-111
-232
-306
-318
-274
-178
-47
68
146
191
210
193
124
12
-108
-208
-279
-278
-180
-19
152
291
382
416
372
261
117
-32
-175
-288
-337
-290
-159
11
187
339
431
436
372
270
153
35
-72
-136
-133
-71
33
170
294
352
318
198
29
-156
-333
-464
-521
-507
-429
-286
-96
112
281
367
366
280
122
-64
-221
-316
-336
-299
-215
-90
49
165
232
242
196
100
-35
-176
-273
-312
-300
-234
-115
16
139
221
260
268
226
133
18
-93
-183
-235
-226
-151
-30
94
191
242
235
182
99
-5
-114
-209
-275
-301
-278
-196
-65
75
179
227
228
197
138
70
18
-11
-32
-44
-21
48
132
194
218
198
128
16
-106
-192
-226
-223
-197
-143
-54
47
142
219
255
234
151
31
-79
-152
-186
-186
-158
-109
-54
-1
50
91
108
88
32
-44
-111
-154
-161
-127
-69
-7
54
99
122
122
98
58
5
-61
-113
-128
-104
-46
34
107
142
135
95
41
-10
-59
-107
-142
-159
-158
-131
-75
-5
59
96
98
74
34
-7
-45
-64
-56
-33
-10
18
72
131
163
156
122
62
-32
-136
-197
-199
-168
-110
-22
83
169
214
236
248
217
128
30
-46
-101
-142
-136
-70
1
27
43
78
96
66
22
9
-10
-85
-160
-156
-108
-83
-56
32
120
123
77
69
81
30
-65
-108
-92
-103
-121
-64
56
121
92
62
65
32
-54
-112
-97
-79
-114
-146
-109
-41
-7
6
49
93
73
2
-50
-52
-45
-59
-63
-32
9
23
25
52
94
91
28
-46
-88
-110
-124
-103
-32
53
97
105
129
171
172
117
49
-3
-57
-116
-139
-92
-24
12
26
60
106
114
87
64
41
-19
-101
-137
-100
-51
-25
18
91
133
117
89
85
70
4
-71
-92
-68
-48
-35
7
77
118
101
75
69
45
-6
-53
-75
-88
-111
-136
-130
-91
-55
-24
15
53
71
68
55
44
32
12
-13
-23
-20
-15
-6
0
5
9
0
-16
-30
-38
-42
-42
-36
-16
12
31
35
38
42
32
11
-8
-21
-35
-57
-70
-62
-49
-40
-26
4
39
58
58
60
58
38
10
-11
-14
-11
-14
-6
14
32
34
24
13
5
-13
-41
-52
-42
-31
-26
-11
12
35
49
50
45
43
25
-9
-37
-49
-55
-60
-58
-33
3
30
42
48
52
42
12
-20
-34
-36
-37
-36
-18
13
31
31
30
35
25
-1
-27
-36
-37
-46
-46
-17
26
53
63
75
87
74
29
-9
-26
-46
-77
-91
-74
-41
-12
13
45
72
77
64
50
38
20
0
-10
-10
-5
4
9
16
18
13
2
-12
-31
-44
-49
-59
-64
-52
-30
-15
-5
11
31
35
24
15
14
9
-12
-30
-34
-30
-32
-38
-25
1
15
10
6
14
15
1
-13
-10
5
10
7
4
5
-3
-23
-39
-43
-44
-54
-52
-30
5
34
52
71
89
97
73
36
9
-17
-50
-80
-84
-63
-41
-28
-10
20
39
35
23
23
24
15
3
4
19
34
41
51
65
68
50
19
-3
-22
-52
-79
-86
-78
-59
-42
-14
33
69
84
84
77
57
22
-20
-49
-59
-55
-44
-23
7
36
49
50
43
21
-16
-54
-83
-94
-83
-58
-16
35
80
108
120
104
64
2
-64
-116
-153
-168
-146
-91
-21
48
106
145
157
134
84
25
-32
-88
-129
-140
-120
-82
-34
17
59
86
91
77
51
12
-32
-64
-81
-74
-47
-10
29
67
93
98
78
37
-11
-55
-93
-120
-125
-100
-60
-13
38
82
108
113
94
64
29
-12
-47
-66
-76
-68
-47
-19
17
47
64
67
52
22
-15
-52
-79
-78
-60
-26
18
62
101
119
108
76
30
-28
-85
-131
-157
-151
-119
-67
-2
64
110
130
128
107
72
29
-11
-41
-53
-57
-51
-31
-9
11
23
30
35
26
10
-3
-10
-14
-16
-9
6
20
26
26
20
7
-14
-40
-60
-71
-74
-66
-46
-12
23
46
63
77
73
53
22
-6
-19
-30
-35
-22
0
17
25
28
25
15
-3
-28
-50
-62
-71
-73
-54
-18
23
58
84
99
98
75
41
-4
-53
-98
-131
-142
-130
-97
-57
-10
39
76
93
94
88
74
48
25
5
-4
-9
-15
-14
-4
7
13
17
22
24
17
11
6
3
0
-3
0
8
15
17
16
6
-8
-27
-49
-64
-70
-69
-58
-36
-12
8
27
39
38
31
18
2
-14
-17
-16
-8
5
15
26
37
36
26
14
-1
-24
-37
-44
-41
-24
-5
19
38
49
48
45
30
2
-31
-64
-91
-104
-104
-87
-56
-15
33
76
109
128
132
119
90
56
20
-10
-31
-39
-33
-21
-5
8
18
21
15
1
-20
-41
-53
-53
-46
-29
-6
16
31
44
48
40
21
0
-23
-49
-70
-82
-86
-79
-61
-37
-13
6
21
30
33
31
28
25
20
14
14
15
20
25
31
36
33
23
8
-11
-30
-42
-43
-36
-21
0
22
45
61
65
56
38
10
-31
-68
-94
-105
-101
-83
-55
-18
25
62
85
91
86
69
39
4
-26
-42
-46
-42
-30
-10
7
20
30
29
19
1
-28
-52
-63
-62
-46
-16
17
48
76
87
84
69
40
3
-33
-66
-90
-93
-79
-54
-18
15
40
58
65
59
49
30
7
-11
-29
-39
-38
-34
-21
-5
9
19
23
22
13
5
-2
-3
-1
3
13
22
29
32
27
9
-13
-36
-59
-74
-81
-79
-57
-27
7
40
68
87
91
80
57
29
-1
-32
-51
-53
-49
-34
-8
15
37
49
51
39
13
-22
-54
-76
-85
-78
-56
-25
14
49
78
97
95
75
37
-11
-58
-94
-114
-114
-94
-59
-17
25
62
89
97
89
66
27
-10
-45
-71
-82
-72
-47
-14
24
54
75
79
66
42
12
-19
-47
-61
-56
-39
-12
24
52
65
61
46
22
-11
-44
-72
-83
-77
-59
-30
8
47
76
92
92
79
52
19
-16
-45
-67
-82
-76
-52
-22
8
33
46
47
33
11
-11
-29
-42
-45
-40
-26
-9
6
21
33
37
29
16
-5
-34
-55
-71
-77
-66
-46
-22
11
47
73
88
91
78
54
21
-12
-36
-51
-56
-46
-29
-6
18
36
43
40
35
21
4
-5
-5
-1
10
21
26
23
13
-6
-24
-39
-50
-49
-43
-27
-3
22
42
53
50
38
16
-13
-36
-52
-65
-62
-40
-17
8
35
55
67
66
51
28
-1
-29
-51
-60
-53
-38
-18
7
30
43
45
40
25
2
-21
-43
-54
-56
-54
-37
-12
12
34
53
66
66
53
24
-6
-31
-54
-65
-64
-53
-33
-10
13
34
48
51
44
34
18
-4
-18
-23
-21
-14
-4
8
17
25
24
9
-10
-27
-44
-53
-50
-40
-14
17
39
56
65
60
44
18
-8
-27
-41
-42
-32
-11
14
39
55
61
52
33
8
-18
-44
-64
-68
-63
-47
-20
12
44
68
78
71
51
23
-11
-42
-65
-79
-83
-69
-45
-13
19
44
61
66
55
37
11
-17
-37
-50
-50
-38
-22
-7
5
15
17
9
4
0
-1
-4
-6
0
11
20
28
35
32
22
9
-4
-21
-37
-48
-51
-43
-27
-5
18
37
50
55
50
39
23
6
-6
-11
-9
-4
8
25
37
40
35
18
-6
-31
-56
-75
-77
-68
-52
-30
1
31
59
74
78
71
52
19
-14
-43
-66
-74
-70
-57
-33
-4
18
29
34
32
20
3
-12
-20
-24
-24
-16
-7
-10
-18
-13
2
8
-3
-5
6
5
-4
-2
11
22
26
22
19
25
29
15
-15
-29
-25
-25
-29
-19
-4
4
10
10
15
41
52
21
3
72
128
-6
-204
-233
-134
-94
-73
80
282
375
375
368
195
-245
-611
-641
-461
-259
4
343
596
640
506
238
-127
-441
-565
-557
-460
-181
236
524
540
466
371
107
-258
-478
-512
-476
-343
-53
251
401
441
427
286
12
-237
-390
-477
-458
-276
-25
167
313
440
456
308
95
-89
-256
-393
-418
-307
-134
43
221
360
379
272
116
-42
-204
-329
-336
-228
-77
63
179
254
247
161
54
-47
-143
-195
-166
-88
-1
73
132
169
156
81
-15
-89
-140
-166
-139
-67
12
72
126
167
150
73
0
-52
-103
-125
-103
-71
-29
27
67
80
81
67
26
-24
-51
-65
-80
-78
-39
4
25
47
74
69
30
2
-10
-39
-64
-46
-9
8
37
78
79
37
-4
-36
-77
-105
-72
-24
-3
26
74
91
56
30
15
-27
-76
-80
-60
-54
-37
9
41
44
49
58
44
20
13
11
-6
-25
-29
-36
-56
-62
-48
-26
-1
42
86
95
81
55
16
-35
-72
-68
-44
-12
37
92
113
90
49
-7
-80
-131
-137
-114
-83
-30
41
81
80
56
20
-31
-72
-71
-45
-25
6
52
75
63
39
13
-16
-42
-33
-4
16
30
45
45
16
-16
-34
-46
-49
-33
0
23
28
22
5
-24
-52
-61
-56
-45
-17
31
70
87
97
98
73
35
2
-29
-62
-80
-80
-74
-54
-13
30
52
68
81
61
14
-21
-41
-76
-90
-46
4
30
58
92
90
49
14
-10
-56
-105
-93
-55
-43
-26
31
69
41
18
26
5
-48
-54
-11
-2
-16
18
66
58
27
38
48
6
-23
1
12
-31
-46
-16
-14
-40
-26
21
25
8
33
57
17
-28
-23
-30
-68
-66
-25
-5
-1
17
41
43
30
31
33
12
-3
2
-9
-35
-43
-44
-51
-47
-20
7
19
34
48
40
17
4
-6
-21
-29
-20
-11
-9
3
23
33
40
52
53
36
12
-9
-21
-32
-42
-41
-28
-17
-8
9
18
16
20
17
4
-7
-8
-9
-10
-5
10
23
16
9
12
2
-15
-18
-16
-19
-15
-5
2
6
12
12
11
5
-3
-8
-14
-13
-8
1
4
3
7
14
13
6
2
2
-2
-6
-11
-6
-5
-11
-9
-2
-1
-4
-3
3
3
2
1
4
3
-2
-1
0
-2
-2
0
0
1
3
6
7
5
-1
-7
-10
-9
-7
-6
0
2
7
10
5
2
-2
-6
-6
-5
1
6
10
13
11
7
-2
-8
-9
-8
-3
-1
3
12
14
13
8
3
1
-5
-6
-2
4
3
5
5
4
0
-9
-9
-3
3
5
6
9
3
-3
-2
-2
-4
-10
-13
-9
-4
-2
5
6
0
0
2
-1
-3
-2
-1
1
2
-2
-5
-3
-7
-9
-9
-8
-7
-5
-2
-3
-4
-4
0
-1
-2
-2
1
-2
-7
-1
3
3
8
14
18
20
15
8
5
0
-10
-16
-11
-5
4
12
11
10
9
5
3
-4
-8
-6
-6
-2
1
3
0
-1
-1
-3
-5
-4
2
6
5
3
-2
-6
-8
-7
-3
-4
-6
-3
2
5
1
1
-3
-8
-7
-2
1
10
15
13
11
6
-1
-5
-7
-14
-13
-4
-1
-1
3
8
6
0
-5
-5
-5
-10
-9
-1
0
-2
-3
-3
-1
-2
0
2
4
3
2
3
5
5
3
3
2
-4
-4
-1
0
0
-1
-2
0
2
-2
-1
3
4
2
0
1
4
3
6
8
9
8
9
7
5
4
2
-3
-12
-15
-12
-9
-3
0
6
4
-1
-3
-2
2
0
0
4
5
0
0
1
1
0
-6
-7
-2
1
-4
-5
-2
-5
-6
-1
-4
-10
-10
-11
-6
1
2
2
4
1
-1
-2
-1
3
4
6
9
7
3
-2
-3
2
1
-1
3
2
3
2
0
2
3
1
3
4
-3
-5
-3
-2
1
8
13
14
10
6
3
2
2
3
4
1
-4
-2
4
7
5
3
5
4
1
-2
-2
2
3
-1
-1
1
-1
-1
-2
-4
-4
-5
-4
-2
0
6
4
2
2
-5
-14
-15
-14
-14
-12
-9
-6
-1
5
8
7
5
2
1
-1
-1
-1
0
-1
-3
-1
-5
-3
-1
-1
-3
0
0
-3
-3
-1
0
0
0
-2
-1
0
1
0
-1
-1
1
5
8
8
7
5
1
-1
-5
-6
-5
-4
-6
-5
1
3
4
3
-2
1
5
3
2
4
2
-1
-3
-2
1
1
3
7
8
6
5
6
8
5
0
-6
-6
-1
-1
-1
0
1
5
6
4
6
6
9
12
11
10
9
6
5
1
-4
-4
-5
-6
-5
-5
-4
-2
-3
-6
-8
-10
-9
-7
-9
-7
-1
1
0
2
-1
-5
-6
-8
-7
-4
-1
2
7
4
-1
1
1
0
-3
-8
-11
-12
-11
-10
-2
5
5
4
2
1
-5
-11
-11
-10
-9
-5
3
11
15
15
11
8
4
-3
-7
-6
-4
-2
2
6
12
14
10
9
8
6
4
3
3
5
5
5
7
7
8
9
10
6
3
-1
-7
-7
-4
1
1
0
0
0
-1
-1
-1
-2
-3
-3
-1
1
0
-1
0
-3
-6
-10
-10
-9
-9
-7
-3
0
0
0
1
-1
-2
-4
-2
0
-2
-4
-1
2
1
1
3
0
0
-1
-4
-7
-8
-5
1
2
2
5
5
2
-1
-7
-10
-9
-6
0
5
10
15
23
25
19
15
9
-3
-12
-14
-11
-7
0
5
8
9
5
-2
-5
-5
-8
-10
-10
-6
-2
-6
-5
-2
-2
0
2
1
-1
-1
-4
-6
-6
-5
-3
1
0
-1
4
6
5
5
5
5
3
1
-1
-3
-3
-2
0
4
4
4
6
6
5
1
3
3
-1
-5
-6
-6
-5
-7
-8
-5
-4
-4
-3
-2
-4
-4
-3
-2
-3
-3
2
8
13
19
18
14
9
5
0
-7
-5
-3
-3
-1
1
0
1
3
1
-2
-6
-6
-3
-4
-8
-9
-2
3
7
9
7
1
-1
-3
-4
-2
1
-1
-2
-2
-2
0
2
0
1
1
1
0
-3
-5
-6
-5
-5
-6
-8
-4
-4
-5
-3
0
-3
-5
-1
-2
-1
2
1
3
1
-8
-9
-9
-11
-9
-6
-3
-1
0
2
5
5
6
6
3
3
6
7
7
8
11
9
8
10
6
6
7
4
3
1
0
-1
-2
-2
-2
-5
-4
-4
-7
-8
-6
-3
0
1
4
6
1
-5
-5
-2
-1
-4
-5
-5
-5
-3
-4
-4
-4
-2
0
0
-2
-1
2
2
0
1
2
1
-1
1
1
-1
-2
-4
-4
-1
1
-3
-7
-6
-3
1
1
-1
-2
-3
-7
-7
-4
-2
-2
-2
3
7
4
7
9
5
2
0
-2
-4
-4
-3
-2
1
4
9
7
3
0
-4
-6
-4
-6
-3
1
1
2
4
3
-1
-2
-3
-3
-2
-1
-1
2
0
-1
2
7
7
3
2
2
1
-1
1
3
2
1
0
-1
-1
-3
-4
0
1
4
3
1
2
4
6
5
1
1
2
-1
-4
-5
-9
-10
-8
-7
-5
-3
-4
-5
-1
-1
0
5
3
3
7
5
3
1
-4
-4
-1
-1
-1
-2
-1
1
2
3
-1
-1
-2
-4
-7
-6
-3
-1
0
4
5
3
2
0
1
3
2
2
3
4
2
0
-2
0
3
3
-1
0
-2
-3
-2
-5
-9
-9
-7
-1
1
2
3
2
4
5
6
4
3
3
2
0
0
2
6
11
13
11
6
3
1
2
1
0
3
2
2
4
1
-1
-2
-2
-4
-5
-5
-3
-2
-3
-6
-6
-5
-3
-3
0
2
3
3
-1
-2
-2
0
0
0
-1
-1
2
4
4
2
-1
0
5
7
5
0
-1
-2
-5
-5
-2
1
4
8
7
6
1
-2
-2
-3
-6
-5
0
3
5
9
8
6
1
-2
-4
-5
-6
-5
-1
-1
-1
0
0
1
0
-2
-2
-3
-2
0
1
2
1
0
-1
-2
-4
-3
0
0
-2
-2
1
2
5
7
5
3
-1
-3
-3
-3
-2
0
0
-1
1
1
0
-1
0
3
6
4
0
0
3
2
0
-2
-2
-5
-4
-1
2
2
4
2
0
-2
-1
1
1
0
-2
0
-1
0
3
4
2
-1
-3
-4
-5
-4
0
2
3
5
2
0
-1
0
-2
-4
-2
2
3
3
0
3
4
4
3
1
3
5
7
8
5
4
2
-4
-6
-6
-2
-4
-7
-4
-2
2
1
-1
2
4
3
3
4
5
4
5
4
4
3
4
1
-4
-5
-6
-7
-8
-8
-6
-2
-2
-1
-2
-3
-1
-3
-4
-6
-9
-11
-11
-10
-10
-7
-6
-5
-4
-5
-5
-5
-6
-4
-4
-4
-1
-1
0
2
3
5
4
2
4
9
5
2
4
4
4
6
5
6
8
8
7
8
6
4
3
2
1
5
6
5
6
5
6
7
9
9
6
0
-2
-4
-3
-3
-1
1
-2
1
4
6
5
2
-1
-2
-1
-3
-4
-6
-4
2
-1
-4
-6
-6
-6
-8
-9
-11
-12
-13
-13
-11
-10
-10
-8
-7
-8
-6
-4
-4
-5
-4
0
1
1
0
3
5
4
6
7
7
5
5
4
1
0
-1
-3
0
0
0
0
3
3
3
1
0
1
2
5
6
5
4
2
1
3
-1
-2
0
-1
1
2
1
0
1
3
4
5
5
8
9
5
1
1
-1
-2
2
3
1
0
2
0
0
2
2
3
0
-1
-2
-1
-2
0
2
0
-2
-2
-1
-2
-3
-6
-8
-9
-12
-9
-3
1
4
3
-1
-3
-5
-5
-7
-9
-7
-5
-4
-6
-6
-4
-1
1
2
6
5
2
0
-1
0
1
3
5
6
7
6
6
4
2
2
1
0
1
5
5
2
5
5
3
2
-1
-5
-5
-1
1
3
6
5
6
7
5
0
-1
-1
-2
-2
0
1
1
-3
-1
1
1
-2
-5
-4
-3
0
1
2
0
-1
-1
-4
-6
-6
-4
0
4
4
4
2
0
-2
1
0
-4
-2
-4
-5
-3
-2
-1
-2
-4
-2
1
2
1
-1
-1
-2
0
0
-1
3
6
6
5
5
5
3
1
-1
0
-1
2
4
2
1
0
0
3
7
4
-1
-1
1
0
0
1
5
3
-1
-5
-4
-7
-9
-8
-6
-2
1
-1
-1
-1
0
1
1
-3
-6
-8
-9
-3
2
4
1
1
1
1
-2
-5
-5
0
6
7
6
3
1
3
4
4
3
5
6
6
9
4
2
-1
-6
-5
-2
-2
-2
1
2
0
0
1
-1
1
2
2
3
1
-1
-3
-3
-4
-3
-3
-5
-6
-3
-3
-2
-3
-5
-2
0
2
2
1
-1
1
2
5
5
5
6
5
6
3
2
5
6
6
4
1
-1
-1
-2
0
1
0
-3
-2
0
-1
-5
-6
-8
-8
-6
-7
-3
-5
-3
-3
-5
-7
-6
-3
0
1
2
4
5
1
-1
1
-2
-4
-2
-1
-3
0
5
3
1
3
4
4
2
-4
-2
-3
-5
-7
-8
-8
-6
-3
-1
-2
-1
1
2
2
0
0
-2
-3
-1
-1
-1
-2
2
3
8
9
5
5
4
4
2
-1
-1
-2
0
3
4
4
5
3
4
5
4
5
7
4
2
5
3
2
3
2
2
0
-1
-1
-1
-2
-2
-2
-4
-4
-4
-2
-3
-6
-3
2
2
3
5
4
2
2
1
0
4
6
3
-1
-1
2
2
2
-1
-6
-5
-6
-4
-4
-3
-6
-5
-3
-2
-2
-1
-1
-2
1
-1
-4
-8
-6
-2
0
-3
-1
-1
-3
-3
-3
-2
-3
-2
-1
-2
-4
-8
-7
-4
1
0
-2
1
0
-1
-2
-1
2
4
5
3
1
-1
-2
-1
3
3
0
1
0
1
0
0
0
2
6
3
3
3
3
3
3
4
5
1
-2
-1
1
1
2
5
5
2
1
2
3
2
3
2
3
4
4
5
4
2
0
3
6
2
-2
-3
0
3
3
1
-2
-1
0
-2
0
-1
-2
-3
-3
-3
-2
3
4
3
5
3
1
-2
-1
-1
-1
-1
-1
1
3
1
2
1
-1
-5
-5
-6
-8
-11
-10
-7
-5
-4
-3
-4
-5
-4
-5
-3
-1
-1
1
1
-1
1
0
0
-1
-2
-1
-4
-6
-5
-5
-3
1
4
5
6
4
4
6
2
-1
0
2
2
-2
-4
-6
-5
-6
-5
2
6
3
-1
3
5
0
-3
-2
-2
0
3
4
7
7
5
4
4
6
7
4
5
8
8
4
2
4
4
1
0
0
0
2
1
-1
-1
-2
-4
-4
-3
-2
-3
-4
-8
-11
-10
-10
-12
-12
-8
-7
-7
-7
-3
-1
0
4
7
5
2
3
4
2
3
4
5
5
2
1
4
5
3
1
4
2
2
3
2
3
3
4
4
2
2
-1
-2
-2
-2
-1
-2
-3
-2
1
0
-3
-1
2
2
1
2
3
2
1
-3
-1
5
3
1
3
3
3
3
-1
-1
-1
-3
-5
-7
-7
-3
1
0
-1
-2
-4
-5
-5
-3
-2
-5
-3
-2
-1
-1
-3
0
1
4
4
3
5
6
5
4
2
0
-4
-4
-3
-1
0
1
0
-1
-1
2
5
6
6
3
-3
-3
-5
-5
-2
-3
-3
-4
-4
-3
-6
-8
-6
-3
1
1
-1
-2
-1
-1
-1
0
4
5
4
6
4
2
-1
0
0
2
4
2
-1
-5
-1
2
5
5
5
4
5
5
4
1
1
2
1
2
2
2
3
3
