-7
-8
-13
-14
-14
-13
-6
-6
-5
-5
-5
-12
-12
-10
-9
-6
-4
-6
-6
-8
-11
-10
-10
-9
-11
-7
-3
-4
-6
-2
-4
-9
-4
4
1
1
4
2
2
3
1
-2
-2
-3
1
2
6
1
-1
0
3
6
17
22
24
19
14
12
6
6
7
10
12
14
14
13
7
1
-1
-2
-3
1
7
5
3
2
-2
-1
-8
-9
-6
-14
-14
-16
-16
-18
-18
-16
-16
-11
-13
-17
-19
-20
-22
-18
-16
-11
-5
-8
-10
-11
-11
-10
-8
-11
-7
-2
0
3
5
5
8
5
6
8
10
11
10
7
9
6
4
3
-1
2
1
2
6
13
12
15
17
9
9
12
13
18
21
24
25
26
21
20
19
8
3
8
9
11
16
13
15
18
15
15
15
13
14
7
7
8
-1
-2
-4
-4
-2
2
0
3
-1
-5
-9
-11
-11
-12
-10
-8
-8
-8
-3
-4
-4
-10
-9
-14
-20
-19
-23
-21
-21
-20
-16
-14
-9
-10
-12
-12
-8
-13
-9
-9
-9
-9
-7
-9
-8
-11
-13
-10
-11
-2
-10
-5
0
-1
0
2
5
5
5
8
12
11
6
6
10
9
8
6
7
10
9
4
9
2
-3
-2
-4
-5
-5
-4
-5
-4
-5
-11
-15
-16
-17
-15
-10
-4
0
0
-4
-5
-5
-6
-5
-8
-2
-2
-3
-2
-1
2
5
2
9
9
11
12
14
12
9
11
13
17
19
20
20
16
11
12
9
12
11
10
12
12
12
11
11
10
9
8
9
10
8
8
13
5
2
3
1
-3
-1
5
5
3
1
-1
-5
-10
-8
-9
-10
-13
-5
-9
-9
-9
-18
-17
-18
-20
-16
-10
-7
-6
-4
-5
-12
-15
-14
-13
-10
-9
-2
1
-4
0
-4
-5
-5
-5
-2
4
6
7
3
-2
-6
-5
-3
1
3
4
4
-1
1
-3
0
-4
-4
-4
-1
4
6
5
6
5
1
3
3
8
9
12
13
13
10
7
5
1
3
6
6
6
5
1
-2
-1
-1
0
-1
3
3
1
0
-4
-8
-6
-3
-4
-3
-1
-1
-1
-5
-10
-7
-6
-1
3
9
10
4
-3
-8
-9
-12
-16
-10
-8
-9
-6
-3
-9
-10
-6
-11
-10
-3
-2
-3
-2
-10
-10
-10
-6
-4
-2
-1
-3
-2
-3
-1
1
7
7
6
6
2
1
2
7
5
7
8
12
12
11
10
7
15
18
22
26
29
23
24
16
11
10
11
15
15
16
14
14
5
0
-5
-5
-3
-3
-4
-4
-4
-11
-11
-9
-12
-15
-13
-15
-17
-19
-16
-17
-15
-15
-16
-16
-16
-13
-8
-6
-7
-4
-7
-7
-6
-6
-2
-1
0
-1
1
3
-2
0
-3
-6
-3
0
6
6
8
9
10
13
13
17
15
12
14
10
14
19
14
15
15
12
12
11
10
8
2
6
2
-4
-4
-3
-1
-1
-3
-1
0
-1
-6
-3
-8
-8
-9
-10
-8
-10
-11
-17
-11
-9
-10
-14
-13
-13
-16
-13
-15
-22
-16
-14
-13
-17
-17
-19
-23
-19
-16
-9
-3
-4
-9
-6
-4
1
1
0
3
4
2
4
9
9
8
5
7
6
8
9
10
10
15
16
13
20
16
12
8
3
4
8
16
13
10
9
5
6
10
14
18
19
16
18
15
11
9
9
12
18
24
19
9
6
2
-4
-5
-6
-7
-1
-2
-1
2
-2
-11
-7
-6
-5
-1
3
0
-7
-5
-7
-5
-7
-7
-3
-6
-10
-6
-7
-9
-3
-10
-14
-11
-11
-4
1
3
-4
-9
-21
-22
-17
-15
-9
-2
6
6
6
3
0
-5
-13
-7
-3
3
10
12
3
4
0
-9
-4
4
3
9
11
6
7
-7
-14
-17
-14
-16
-7
2
-3
-2
-7
-15
-20
-14
-17
-14
-12
-7
-4
-4
-2
1
-1
-8
-7
-7
-1
-4
1
1
-6
-5
-5
-3
3
3
4
4
9
14
13
10
10
10
7
9
13
11
8
11
9
7
8
8
6
2
2
4
10
8
10
14
8
6
9
10
8
10
6
6
13
9
10
11
9
8
10
5
9
10
8
11
10
14
13
13
12
11
11
11
9
4
1
3
1
3
4
3
1
-8
-6
-10
-9
-9
-10
-7
-4
-1
-7
-5
-10
-15
-18
-16
-19
-15
-13
-16
-14
-11
-12
-19
-16
-18
-18
-14
-9
-9
-7
-8
-15
-23
-23
-20
-15
-5
-3
-3
-5
-12
-17
-14
-8
-6
-6
1
4
-3
-6
-12
-16
-17
-12
-4
5
8
7
7
7
8
4
3
1
-1
2
9
14
16
12
7
5
4
4
2
7
7
9
11
10
5
6
10
13
16
19
18
22
26
22
28
29
22
22
21
15
10
10
4
3
7
10
11
8
5
0
-1
-6
-10
-8
-6
-4
-7
-5
-9
-14
-12
-16
-7
-2
5
5
3
1
-2
-7
-8
-6
-4
-2
6
9
15
15
9
2
-8
-5
-7
-8
2
5
9
7
11
10
7
1
0
-2
-2
-5
-9
-4
-7
-6
-10
-10
-10
-3
-10
-16
-4
-6
-9
-10
-11
-18
-24
-28
-27
-23
-23
-25
-24
-21
-25
-19
-20
-19
-20
-24
-22
-22
-19
-15
-17
-20
-16
-17
-17
-13
-11
-8
-6
-2
5
7
15
11
14
9
8
12
12
16
16
24
26
32
37
35
32
21
18
19
22
31
32
37
37
30
24
24
20
20
24
23
27
22
18
17
10
3
6
5
8
9
7
6
-2
-5
-9
-11
-10
-13
-9
-4
-3
-5
-12
-17
-21
-20
-17
-14
-4
0
1
-1
-2
-4
-7
-10
-8
-5
-1
0
-5
-12
-13
-14
-21
-15
-14
-9
-4
0
0
-2
-3
-10
-11
-12
-6
-8
-8
-8
-10
-10
-11
-13
-11
-14
-6
-3
-3
1
1
-3
-4
3
10
11
12
9
4
7
4
4
7
7
12
10
6
8
0
-1
5
5
6
4
1
-1
-3
-2
1
6
4
6
6
0
-1
-2
-6
-1
8
10
10
11
6
-2
-11
-16
-15
-14
-15
-17
-16
-22
-18
-16
-18
-16
-15
-16
-11
-10
-10
-2
-6
-8
-7
-6
-5
-5
-2
-2
-3
3
1
1
7
3
5
11
12
12
17
11
12
13
18
25
28
30
24
21
19
16
10
13
13
6
10
12
16
17
18
17
13
14
14
18
18
18
17
11
8
4
3
6
10
7
2
1
-1
-1
-3
-1
-2
-5
-3
-4
-6
-4
-6
-13
-15
-12
-14
-19
-11
-14
-19
-20
-28
-30
-23
-22
-22
-17
-20
-21
-23
-21
-19
-12
-15
-17
-12
-11
-10
-10
-13
-7
-8
0
1
0
7
4
4
4
2
2
4
6
8
9
13
13
14
11
10
10
8
8
9
12
17
18
13
15
14
6
4
3
3
1
4
7
2
0
0
-6
-9
-9
-11
-4
-6
-9
-13
-11
-16
-20
-13
-13
-20
-21
-19
-25
-19
-20
-15
-16
-15
-12
-8
-2
-3
2
-3
1
0
-3
2
2
-1
2
8
9
17
20
18
19
20
23
27
30
32
30
22
20
20
19
19
25
27
25
25
24
19
9
5
3
-1
2
7
7
7
6
4
4
4
4
1
1
-1
-5
-1
-6
-10
-10
-12
-11
-9
-8
-5
-9
-8
-12
-16
-17
-20
-24
-20
-17
-16
-13
-14
-14
-20
-22
-22
-23
-20
-15
-16
-12
-7
-4
-1
5
-3
-4
-7
-12
-6
-1
-1
6
10
8
11
7
10
5
2
8
12
12
14
11
9
10
12
12
13
11
9
14
8
14
13
10
9
5
4
0
-3
-2
0
1
2
2
0
-3
-8
-8
-10
-12
-6
-6
-5
-3
-8
-14
-13
-16
-16
-12
-6
-5
-5
-8
-11
-14
-18
-18
-18
-9
-4
2
0
-3
-6
-13
-12
-8
-7
-3
1
1
4
8
11
7
6
2
2
3
3
5
7
10
8
16
15
13
16
14
10
8
12
11
11
13
17
19
20
14
17
12
8
9
3
5
3
3
-2
2
0
-3
-4
-3
1
0
3
-3
-3
-5
-6
-4
-8
-1
-3
-7
-8
-7
-11
-9
-10
-3
-4
-4
1
-4
-4
-9
-11
-1
-4
-3
6
-2
1
3
4
5
3
-5
-6
-8
-5
-8
-10
-4
-2
1
7
10
11
14
4
11
11
11
14
14
10
11
2
-6
-5
-8
-5
-5
3
8
6
11
12
6
5
8
7
6
2
3
0
-4
-5
-2
-7
-10
-7
-5
-2
-4
1
-4
-9
-10
-10
-13
-11
-5
-7
-8
-10
-10
-14
-15
-19
-14
-15
-22
-13
-15
-13
-11
-11
-13
-14
-14
-15
-11
-12
-5
4
-3
0
0
-5
-7
0
0
7
11
3
8
4
1
3
4
4
6
11
15
15
15
15
13
14
18
12
13
14
11
13
10
6
13
9
7
10
9
7
7
13
12
10
16
16
11
7
5
3
2
0
2
5
2
4
4
-2
-7
-9
-10
-8
-6
-2
-3
-1
-2
-1
2
2
0
-3
2
0
-4
-7
-12
-16
-19
-21
-16
-13
-6
-4
-8
-9
-4
-9
-11
-10
-11
-6
-10
-7
-3
4
0
1
0
-2
-10
-10
-5
-1
2
4
6
10
10
6
9
11
11
13
14
19
14
7
5
-1
0
-2
1
1
12
8
6
8
6
6
4
5
2
5
1
-1
-3
-5
-2
-2
1
3
3
-2
-5
-7
-3
-9
-2
-4
-12
-9
-14
-14
-12
-12
-12
-13
-18
-11
-8
-8
-2
1
1
7
11
10
9
10
7
6
0
3
3
4
7
6
8
11
11
9
16
11
13
15
13
8
9
5
-1
-3
-1
-5
-1
2
-6
-3
-5
-9
-11
-11
-16
-16
-15
-15
-16
-15
-15
-11
-11
-11
-8
-7
-8
-7
-6
-7
-7
-8
-12
-13
-16
-16
-10
-10
-9
0
-3
-2
-1
-3
-3
3
6
9
12
14
13
4
1
2
8
10
8
11
14
11
10
11
9
13
14
12
20
22
20
16
15
13
9
8
8
10
9
5
9
6
6
2
5
7
1
4
-2
0
5
5
6
6
6
-1
-5
-4
-5
-5
-9
-7
-4
-7
-5
-1
-4
-9
-9
-10
-9
-9
-8
-4
-6
-2
-2
7
4
5
4
1
1
-6
0
6
8
13
11
10
13
6
4
8
6
8
5
7
8
4
-3
-6
-6
-2
0
2
0
-1
-5
-8
-12
-9
-9
-5
-5
-8
-13
-18
-18
-26
-18
-19
-20
-17
-17
-22
-20
-22
-29
-29
-26
-24
-16
-4
-6
0
0
-10
-14
-11
-10
-8
2
3
12
14
7
12
12
6
3
2
6
10
12
8
6
7
-2
-6
-5
1
3
6
9
12
7
4
0
-6
-15
-15
-6
1
6
6
4
9
5
0
8
8
3
3
6
6
12
8
6
5
1
1
9
10
12
20
20
16
16
13
12
18
19
22
25
27
21
21
18
16
17
19
20
19
24
21
16
18
9
11
10
8
5
3
-4
-9
-11
-9
-9
-6
-4
-6
-2
-11
-15
-16
-13
-17
-18
-14
-18
-20
-20
-28
-30
-33
-33
-29
-26
-24
-19
-14
-16
-7
-8
-9
-9
-13
-17
-19
-20
-10
-7
-14
-3
-1
-3
1
10
12
12
14
10
12
12
5
12
16
13
12
10
9
11
10
11
13
14
19
20
20
13
7
-2
-6
-4
-2
-5
-4
-2
-9
-11
-13
-15
-16
-20
-13
-11
-12
-12
-12
-16
-17
-16
-19
-16
-15
-11
-10
-9
-13
-13
-17
-15
-10
-3
3
3
2
2
-1
-5
-5
-7
-1
-1
6
17
21
15
14
13
5
7
10
13
21
25
20
21
15
7
8
9
13
19
25
29
27
24
12
0
-2
-3
0
11
16
18
16
11
7
-3
-3
-4
-3
5
5
3
-1
-5
-11
-14
-11
-11
-9
-7
-5
-1
-5
-5
-6
-7
-9
-6
-8
-5
-8
-8
-7
-5
-2
-6
-8
-8
-10
-16
-8
-3
2
3
4
-2
-3
-8
-8
-3
2
4
10
13
10
12
13
4
-1
5
5
13
17
14
12
10
8
3
2
2
0
-4
0
2
-1
3
-1
-4
-6
0
-3
-5
-3
-1
-6
-14
-21
-26
-19
-20
-19
-10
-4
-5
-6
-12
-15
-20
-23
-22
-17
-17
-12
-13
-12
-12
-15
-17
-17
-16
-9
-2
-2
2
3
-2
-2
1
0
4
13
15
17
16
15
16
19
13
15
18
18
17
25
22
17
25
24
28
29
25
17
17
15
14
15
13
11
8
5
0
-1
-6
-6
-11
-13
-7
-11
-12
-10
-13
-19
-15
-14
-11
-4
-6
-10
-10
-16
-15
-14
-12
-12
-13
-6
-8
-8
-12
-12
-9
-8
0
5
8
14
6
5
6
2
3
1
-1
3
7
7
5
6
0
-1
2
7
8
8
6
5
7
3
1
5
1
1
5
7
10
7
9
7
1
-2
0
-4
-3
3
3
7
12
10
3
2
-2
-7
3
6
11
13
10
9
11
7
1
2
3
5
0
0
-2
-2
-4
-6
-8
-4
-3
-3
0
5
4
-3
-5
-7
-4
-10
-11
-4
-6
-1
3
7
9
5
4
0
-10
-6
-6
-7
-2
-7
-11
-12
-18
-20
-16
-14
-16
-10
-7
-3
-6
-9
-14
-23
-23
-28
-23
-16
-9
-10
-6
-3
-11
-9
-12
-18
-8
-7
-7
-1
2
-6
-2
-5
-14
-9
-6
-7
-7
-6
-1
2
3
4
3
-1
1
5
12
19
20
23
25
28
27
21
20
15
15
14
17
19
14
14
22
19
21
29
23
21
18
22
17
21
21
11
8
0
-2
-9
-7
-3
-4
-10
-4
-1
-4
-7
-8
-4
-4
-5
-5
-7
-4
-8
-4
-3
-4
-2
-6
-7
-4
-5
-11
-7
0
-1
-2
3
3
-2
2
3
2
10
3
2
11
2
0
-3
-3
-3
-1
-3
0
-1
-3
-1
-2
-3
-5
-6
-4
-1
2
-1
-4
0
-1
-1
2
2
-1
0
-4
-10
-10
-11
-7
-6
-3
-5
-6
-12
-10
-12
-11
-9
-3
-2
-4
-3
-9
-7
-11
-13
-9
-9
-6
0
5
5
3
5
4
0
-8
-10
-9
-6
-7
-4
1
3
1
2
0
-1
0
1
11
17
21
19
8
6
2
5
4
8
15
14
11
8
10
4
1
5
7
9
15
14
11
10
-3
-4
-4
-3
-4
-4
-1
-2
-5
-7
-4
-7
-11
-15
-10
-9
-11
-10
-14
-12
-18
-15
-16
-11
-12
-16
-12
-10
-8
-12
-11
-6
-6
-8
-7
-10
-6
-10
-9
-2
0
1
-2
1
-3
0
3
7
14
13
12
9
14
11
11
16
14
17
21
20
16
18
14
10
15
18
20
19
17
13
10
15
15
16
22
20
18
13
12
8
0
0
0
0
5
7
6
8
9
5
0
-5
-8
-6
-2
2
1
1
0
4
3
-4
-5
-9
-8
-4
-5
-8
-6
-16
-25
-21
-19
-20
-16
-14
-11
-12
-14
-15
-19
-19
-21
-22
-16
-9
-12
-9
-11
-11
-11
-10
-7
-7
-7
-8
-5
-6
-4
0
-1
-2
0
0
-2
0
-2
-4
0
-1
-2
4
2
3
8
7
5
2
5
4
5
3
11
6
3
3
3
5
2
6
10
7
1
-1
1
3
-6
-6
-3
-5
-8
-5
-5
-5
-2
0
-4
-2
0
-4
1
3
3
2
3
3
4
4
6
6
2
3
7
9
8
8
5
3
0
1
2
2
6
8
3
5
7
7
10
13
16
10
10
7
5
2
0
7
3
6
8
7
8
9
8
4
4
4
2
1
3
6
6
7
5
-1
0
6
7
8
12
13
7
5
9
1
2
1
1
6
5
2
7
1
-3
-4
-11
-14
-10
-9
-6
-4
-6
-8
-16
-17
-17
-15
-11
-9
-8
-10
-18
-19
-18
-19
-20
-15
-13
-13
-10
-10
-11
-7
-9
-11
-2
-2
-5
-3
-5
-4
-3
-9
-10
-8
-8
-8
-3
-3
1
-1
-3
-8
-4
-1
-4
-2
4
6
4
1
1
4
7
5
3
3
-3
-4
-4
-2
2
6
9
7
13
6
8
13
7
7
8
9
6
6
-1
0
-2
-2
-1
1
0
-2
0
1
5
6
3
2
7
5
6
11
16
13
12
15
11
11
13
8
11
9
7
14
8
7
15
12
11
15
14
13
11
11
7
0
3
5
0
4
7
-3
2
-1
-2
-2
-6
0
2
-4
0
1
-4
-4
-5
-3
-4
-3
-5
-7
-10
-11
-15
-17
-13
-14
-10
-10
-6
-7
-5
-7
-10
-10
-13
-21
-18
-15
-13
-10
-9
-5
-10
-9
-14
-9
-8
-10
-5
-5
0
-2
-3
-4
-7
-7
-7
-7
-6
-7
-9
-5
-4
-6
-2
-2
-3
1
-3
-5
0
0
5
4
6
7
8
10
10
14
11
7
9
9
6
8
9
10
10
8
9
9
8
9
12
8
7
12
11
11
13
15
9
4
6
6
4
4
6
6
4
4
2
0
-5
-5
-4
-3
0
0
5
1
-2
-2
-8
-8
-2
-5
1
3
6
5
8
8
-1
5
3
5
4
5
3
1
-2
0
-6
-7
-3
-3
3
4
6
8
7
4
1
-4
-7
-5
-4
-7
-5
-3
-5
-3
-1
-7
-8
-7
-6
-7
-7
-6
-5
-7
-10
-8
-7
-4
-3
0
-4
-6
-7
-11
-7
-12
-13
-12
-14
-13
-10
-10
-13
-11
-10
-10
-9
-10
-11
-12
-10
-9
-8
0
0
-1
4
6
2
4
8
4
-1
1
4
9
13
18
22
21
14
18
22
18
19
18
18
17
16
19
19
19
10
12
14
8
12
12
8
7
2
0
3
0
2
4
3
1
5
3
-3
-3
-7
-11
-7
-6
-9
-8
-5
-12
-7
-6
-5
-10
-13
-5
0
-3
-3
-1
-9
-10
-15
-15
-14
-12
-13
-7
-4
-3
-1
-7
-5
-7
-6
-8
-5
-6
-7
-5
-5
-6
-4
-5
-6
-5
-4
3
1
9
7
12
10
11
4
5
3
1
1
2
4
3
2
5
7
2
8
6
6
7
8
7
2
-3
0
-4
3
5
1
0
1
-1
1
4
0
-3
-1
2
-2
1
-2
-8
-9
-13
-13
-18
-18
-10
-11
-13
-7
-9
-14
-8
-5
0
3
1
1
-6
-8
-11
-5
-5
0
4
6
6
5
10
9
11
9
12
15
14
14
18
16
11
13
18
14
20
19
18
15
18
21
16
18
15
17
7
7
7
4
3
5
5
3
1
1
0
-4
-7
-12
-19
-16
-17
-14
-13
-9
-9
-11
-12
-12
-14
-15
-16
-18
-13
-12
-12
-8
-8
-10
-12
-17
-15
-13
-11
-13
-13
-9
-10
-7
0
4
0
4
0
-3
-2
0
0
2
6
6
5
8
8
8
9
7
12
10
14
17
15
14
8
7
3
3
-1
-1
0
-2
-4
-4
-4
-3
-1
-3
-2
1
2
0
1
2
-1
-5
-5
-9
-7
-10
-15
-9
-11
-10
-4
-1
-3
3
0
-1
0
1
0
3
3
-3
-4
-4
-1
-3
-2
-1
2
-3
-2
-1
-1
-1
-5
-5
-7
-6
-7
-1
-1
-2
-1
4
7
8
12
8
11
10
8
6
5
7
1
4
9
14
17
22
23
24
24
23
19
18
14
7
8
10
13
10
8
15
11
14
14
16
9
8
9
6
3
0
3
-1
-4
-4
-5
-10
-12
-11
-13
-18
-20
-15
-17
-11
-8
-14
-14
-19
-22
-21
-20
-19
-22
-22
-25
-21
-23
-17
-18
-19
-14
-14
-15
-11
-7
-2
0
2
3
-3
2
2
1
-5
1
2
-2
1
-2
1
3
9
9
11
11
9
8
7
9
5
7
4
6
4
7
8
6
11
9
7
4
9
6
3
1
0
0
0
-4
-2
1
-3
-5
0
-5
-8
-7
-10
-10
-12
-11
-8
-13
-13
-9
-6
-5
-6
2
0
-4
1
-1
-1
3
1
-1
0
-2
-3
-1
6
2
1
3
5
5
8
12
5
8
10
12
14
18
17
19
22
18
17
20
17
15
13
19
11
14
11
7
5
5
5
10
13
10
15
10
8
2
5
4
0
0
2
-1
0
-3
-11
-6
-6
-11
-7
-6
-13
-13
-13
-19
-17
-11
-14
-12
-5
-5
-8
-9
-8
-14
-14
-13
-11
-10
-9
-5
-3
-3
0
0
-3
-3
-6
-6
-5
-6
-7
-4
-4
-2
-3
-3
-5
-4
-7
-6
0
0
3
1
0
-2
-4
0
3
2
-1
2
1
3
5
7
6
3
7
5
6
2
-1
-1
-3
-2
-2
-5
-12
-12
-13
-11
-7
0
2
-3
1
-5
-8
-3
-4
-1
-2
3
-1
-4
-3
-7
-7
-4
-8
-4
-6
-3
-5
-5
-4
-4
-2
-6
0
-2
4
-1
-2
3
-3
-1
3
6
8
8
8
9
9
12
12
12
19
15
12
15
8
8
9
6
9
9
10
13
13
15
9
8
12
7
6
9
12
12
13
14
12
6
4
6
7
6
8
8
6
7
10
5
5
5
0
3
0
1
-3
-2
-3
-5
-2
-6
-8
-6
-5
-9
-5
-2
-4
-8
-6
-9
-10
-6
-3
-3
-3
-5
-9
-5
-6
-5
-7
-2
-7
-8
-11
-11
-8
-15
-13
-16
-15
-18
-20
-15
-14
-15
-12
-12
-7
-6
-5
3
5
6
12
12
7
9
9
6
12
11
10
12
9
9
11
8
11
8
4
3
-6
-9
-15
-15
-15
-17
-19
-19
-12
-11
-14
-14
-10
-15
-10
-10
-14
-9
-10
-16
-13
-13
-11
-11
-10
-10
-10
-7
-5
-1
-1
4
3
1
2
6
3
0
0
1
2
0
2
6
7
5
15
13
15
18
20
20
25
23
20
22
21
21
21
22
24
29
19
14
19
13
12
18
12
11
13
10
10
10
9
6
5
4
4
1
1
0
-1
-7
-5
-5
-6
-3
-7
-6
-9
-3
-4
-1
-3
-2
0
-9
-3
-2
-3
-5
-11
-15
-14
-16
-19
-18
-16
-14
-19
-17
-14
-17
-20
-20
-15
-13
-13
-12
-12
-10
-5
-7
-6
-5
-3
-5
-4
-2
0
-2
2
5
0
3
-3
-5
-1
1
4
1
5
5
5
8
4
5
8
8
5
7
11
6
6
7
1
-2
4
4
6
6
7
6
3
7
3
1
6
5
4
8
12
6
0
2
-1
2
3
11
7
8
5
0
2
4
7
7
7
7
13
10
6
2
1
-5
0
3
3
-1
-3
3
-3
-1
1
1
0
-1
-3
-4
-3
-4
-8
-6
-13
-6
-4
-2
1
-7
-5
-7
-6
-7
-7
-5
-7
-13
-9
-11
-8
-11
-11
-2
-7
-6
-5
-2
0
-2
-4
-2
-6
-10
-8
-6
-4
-7
-7
-9
-6
-10
-8
-4
-2
0
4
4
0
0
0
-1
-2
7
5
5
11
12
8
7
6
8
8
8
5
10
5
8
13
9
14
14
12
11
13
10
9
10
8
4
8
7
4
9
1
2
7
2
3
0
2
1
-2
-5
-6
-9
-9
-12
-8
-8
-10
-5
-5
-4
-4
-4
-4
-5
-6
-8
-10
-7
-4
-10
-4
-2
-4
-3
-3
-2
-2
0
0
3
2
0
1
1
3
3
2
1
0
1
4
9
11
12
10
7
7
7
11
8
8
5
3
2
-1
-1
-4
-5
-6
-6
-4
-1
-5
0
1
0
3
2
0
0
1
-2
4
5
8
7
3
3
3
-2
1
3
3
2
-5
0
-2
-7
-2
-8
-8
-8
-8
-8
-8
-11
-11
-16
-18
-14
-16
-17
-18
-19
-14
-15
-15
-15
-12
-14
-16
-13
-12
-10
-12
-12
-13
-10
-7
-5
-6
-8
-8
-6
-6
1
3
2
5
9
7
6
7
7
9
14
16
22
20
17
19
15
22
21
23
25
22
20
23
21
20
20
17
15
16
14
13
14
11
18
14
13
13
12
9
6
8
3
2
5
-1
-2
2
0
2
6
6
7
7
6
-1
-2
-1
-6
-2
-3
-5
-4
-3
-2
1
-1
4
-2
-8
-7
-6
-5
-10
-10
-15
-19
-20
-16
-13
-14
-13
-14
-9
-10
-15
-12
-11
-11
-12
-8
-10
-11
-11
-15
-13
-12
-15
-10
-9
-11
-11
-7
-4
-8
-7
-6
-5
-5
-7
-6
-3
-2
-3
-4
-5
-5
-4
-6
-1
-1
-4
2
4
6
13
7
5
5
-1
-6
-3
-4
-10
-6
-5
-7
-8
-2
-4
-4
-5
-3
-3
-1
0
-2
6
4
5
13
9
9
12
13
13
15
16
12
10
9
8
16
17
14
22
21
15
21
21
19
16
18
17
17
18
12
13
11
12
9
9
12
10
11
12
9
8
6
3
-3
-3
-7
-13
-12
-14
-14
-8
-11
-10
-11
-12
-10
-8
-10
-8
-5
-9
-15
-12
-13
-19
-17
-20
-16
-15
-18
-17
-11
-8
-11
-11
-13
-15
-10
-4
-6
2
2
-3
-1
0
-1
2
3
7
9
9
11
11
8
9
9
4
8
11
9
5
7
3
1
-1
1
2
3
3
5
1
1
3
-4
-3
-2
-3
-2
2
2
3
3
-1
0
2
5
6
4
2
5
9
-1
1
4
-4
-4
0
-3
1
3
0
5
1
-3
-2
-5
-4
0
-2
-3
0
-5
-9
-1
-4
-4
-3
-1
-3
-6
-8
-11
-10
-8
-8
-7
-3
-6
-4
-5
-4
-5
-9
-6
-10
-12
-2
-3
-4
-5
-3
-6
-5
-5
-6
-5
-2
0
-2
-3
-1
-5
-2
4
2
0
4
4
-5
-1
0
2
5
2
2
0
-2
-6
-2
3
4
7
7
6
6
9
11
9
10
10
14
14
10
12
9
12
13
12
11
11
12
12
13
16
10
9
10
5
8
11
12
10
12
9
10
11
11
10
4
2
0
-1
-1
-3
-2
-3
-7
-6
-8
-5
-6
-8
-10
-5
-11
-12
-9
-17
-12
-16
-16
-16
-18
-12
-12
-11
-13
-12
-8
-5
-9
-5
-5
-7
-3
-3
-2
0
-3
-3
-3
-1
0
-3
-2
1
3
2
7
6
11
7
7
10
12
8
8
9
5
6
8
3
12
16
14
17
9
8
7
3
-1
4
2
1
3
1
1
1
-3
-4
-1
-5
-6
-5
-6
-9
-13
-16
-14
-13
-13
-8
-9
-9
-10
-13
-9
-10
-10
-12
-13
-17
-17
-18
-21
-20
-20
-17
-14
-8
-9
-4
-4
-5
-6
-2
-5
-5
3
-1
7
6
5
10
8
9
13
14
15
13
14
17
16
18
18
18
16
10
15
20
15
20
13
11
13
9
12
8
9
5
5
2
5
7
8
8
3
1
0
-4
-4
-7
-13
-10
-13
-10
-10
-12
-11
-7
-4
-8
-2
-2
-8
-10
-5
-10
-5
-4
-3
0
0
-2
-4
-6
-5
-9
-4
-3
-4
-2
-6
-2
-2
1
3
8
0
0
4
-2
-6
-2
0
-3
2
1
2
-2
-4
-2
-2
4
4
2
2
-2
-2
-1
-4
3
8
6
4
3
4
-1
-1
1
-1
-1
-2
1
1
3
3
1
-2
-1
4
2
2
4
2
-2
-2
-7
-5
-3
-6
-2
-2
1
1
2
-3
-2
-1
-4
-6
-2
-6
-7
-5
-1
4
4
5
9
9
9
11
11
12
12
14
12
8
12
9
7
9
9
10
12
12
17
14
15
15
13
11
8
10
10
6
2
4
4
-1
-3
-6
-9
-9
-7
-4
-5
-7
-11
-6
-10
-10
-7
-10
-12
-15
-14
-11
-11
-13
-12
-19
-18
-17
-18
-13
-15
-12
-16
-14
-12
-11
-8
-10
-5
-6
-6
-7
-8
-9
-9
-4
-2
0
-1
4
0
-3
-6
3
6
3
5
9
7
6
6
5
7
5
1
5
2
1
-1
-2
-3
0
4
2
4
5
1
-2
0
2
1
1
5
6
7
7
9
11
12
10
12
9
7
5
6
7
8
3
5
6
5
8
5
9
7
10
10
8
5
4
6
7
8
7
3
-2
0
-1
-5
-1
4
-2
0
-2
-2
-7
-7
-5
-6
-2
-6
-2
-5
-5
-7
-6
-7
-4
-6
-3
-3
0
-2
-4
-6
-11
-9
-2
2
1
-2
-8
-6
-6
-4
-2
-2
0
-1
-3
-1
-2
3
-3
-5
-2
-10
-10
-8
-7
-6
-4
-5
-4
-1
2
3
1
3
1
-1
-7
-7
-10
-10
-7
-6
-6
-2
-3
-3
-1
-2
1
3
3
7
8
8
2
6
9
-1
6
7
7
9
9
4
6
5
3
2
3
5
0
1
4
-1
-8
-1
2
2
3
6
6
10
6
2
11
11
2
2
9
1
8
10
-3
2
3
-5
0
5
10
10
9
7
9
7
6
6
6
9
2
8
7
4
3
2
0
-3
-1
-2
0
3
1
-5
-4
-6
-5
-10
-7
-10
-13
-13
-14
-14
-9
-10
-10
-7
-11
-6
-9
-9
-8
-8
-6
-6
-5
-5
-1
-1
3
2
1
4
5
4
7
8
5
7
5
2
6
9
1
4
4
-4
-1
2
-2
-3
-4
-6
-5
-6
-4
-9
-6
-8
-5
-5
-3
2
3
2
2
-3
-9
-3
-4
-3
-6
-1
-3
1
2
-1
3
-1
0
-2
-3
-3
-2
-3
1
-2
3
0
-7
-4
-5
-5
-8
-11
-8
-7
-9
-17
-12
-10
-10
1
-1
2
5
0
1
3
2
-1
0
-4
0
0
2
5
2
5
5
4
3
3
1
4
4
7
9
11
9
12
16
14
13
19
15
14
21
21
23
21
16
15
11
7
10
14
16
16
16
13
14
8
6
5
2
4
-5
0
-1
-1
-3
1
0
0
1
2
-4
-5
-7
-12
-9
-12
-13
-12
-16
-15
-12
-15
-10
-9
-10
-10
-10
-11
-9
-10
-13
-14
-11
-10
-3
0
-6
-6
-4
-5
1
0
-6
-7
-14
-13
-11
-8
-7
2
4
2
3
5
4
-1
1
2
0
-2
-4
-5
-1
-5
-3
1
-2
-1
-4
-2
2
0
0
4
3
-1
-4
-2
-4
-10
-6
-8
-7
-4
0
-4
-6
-4
-4
-7
-8
-1
-4
-1
2
0
-1
0
3
5
9
10
7
4
3
8
7
11
11
12
19
18
21
22
22
23
21
18
19
18
15
13
14
16
15
14
16
15
15
11
9
9
3
-1
-4
-7
-8
-5
-10
-9
-11
-13
-12
-16
-13
-19
-18
-18
-14
-17
-16
-20
-18
-19
-20
-16
-22
-17
-16
-19
-17
-8
-13
-11
-10
-11
-8
-7
-8
-5
-3
-6
-1
-2
-7
1
0
0
-1
1
-2
1
3
4
10
10
7
11
10
8
10
10
8
13
16
15
15
16
15
14
17
15
15
15
14
11
13
12
14
17
16
15
12
9
11
10
14
10
7
6
2
5
6
1
1
3
-4
-5
-5
-5
-10
-9
-10
-9
-8
-6
-5
-2
-1
-5
-4
-10
-9
-7
-9
-14
-18
-19
-16
-17
-18
-20
-12
-15
-13
-10
-9
-8
-7
-6
-10
-7
-9
-8
-4
-5
-3
-11
-10
-8
-6
-3
-1
4
-2
1
2
-3
1
0
3
3
7
4
7
6
3
4
7
6
5
6
-1
1
5
-1
-1
0
-3
0
-3
-4
3
5
3
7
12
6
5
8
2
5
10
10
13
9
8
10
6
6
11
12
2
7
2
1
2
5
3
2
6
8
5
2
11
4
1
2
-1
4
-2
-1
0
-9
-2
-1
1
2
3
-2
-2
0
2
3
4
2
-4
-1
-3
1
4
1
-2
-1
-3
-4
-8
-5
-2
-7
-7
-10
-3
-7
-10
-4
-8
-11
-6
-4
-7
-1
1
0
0
2
1
1
2
0
-2
0
-6
-4
-1
-8
-2
-4
-6
-4
-2
-2
-5
-4
-6
-4
1
4
4
3
4
4
3
4
-1
-3
2
-3
-3
4
-1
-2
-1
-6
-4
0
-4
-4
1
-3
2
-1
-6
-5
-8
-10
-2
-5
-5
-2
-6
-5
-1
-3
-1
4
0
-2
4
1
1
1
2
1
-5
-4
-3
-3
-2
3
1
1
0
4
6
8
3
5
10
2
7
14
9
10
13
12
7
7
11
13
8
7
6
7
9
8
11
12
7
0
5
3
6
7
6
6
2
-1
2
-4
-5
-5
-3
0
1
5
5
4
1
5
1
1
0
6
6
3
1
-1
-2
-5
1
-2
-3
-2
-6
-7
-11
-8
-5
-8
-6
-3
-4
5
-1
-6
-6
-3
-5
-4
2
-3
-5
-6
-6
-3
-1
0
-1
-5
-2
-5
-5
-3
-9
-9
-7
-9
-5
-8
-5
0
-5
-8
-7
-7
-10
-8
-3
-1
-4
-3
-3
-5
-5
-4
-2
-4
-4
-3
-5
-5
1
-7
-8
-5
-9
-8
-8
-7
-8
-11
-11
-9
-11
-6
-8
-10
-1
-2
-3
2
0
0
1
-1
0
4
5
12
14
12
15
13
13
9
13
15
13
11
14
11
13
15
7
15
17
16
16
16
11
10
14
11
10
11
10
8
7
1
5
4
2
5
5
3
0
3
1
-1
2
-1
-1
1
-4
-1
-3
-3
-5
-6
-4
-11
-9
-11
-12
-7
-5
-6
-4
-9
-13
-15
-13
-14
-11
-8
-9
-9
-4
-6
-6
-8
-3
-6
-6
1
2
3
3
8
7
11
11
15
15
11
14
17
14
14
12
11
15
13
10
17
16
13
9
12
11
8
2
6
9
2
-2
-5
-6
-8
-5
-7
-10
-9
-8
-7
-5
-4
-6
-8
-17
-18
-17
-21
-16
-16
-17
-20
-17
-24
-20
-18
-22
-11
-13
-21
-24
-24
-22
-20
-21
-13
-10
-14
-5
2
0
1
0
-4
-8
1
0
-1
6
4
1
7
6
8
11
5
7
5
5
17
20
13
21
16
11
15
21
17
20
14
9
4
5
3
0
3
8
5
6
7
5
8
5
10
8
6
6
5
0
4
-2
-5
-1
-1
-2
0
1
0
7
6
1
3
2
0
0
0
2
2
0
0
-4
1
1
5
7
10
5
2
4
4
-1
-1
1
1
3
2
8
-3
-4
1
2
0
2
5
5
5
4
4
1
-2
-2
-3
-2
-4
-6
-8
-5
-7
-11
-9
-7
-12
-11
-3
-12
-5
-12
-15
-13
-7
-10
-6
-5
-8
-12
-13
-7
-11
-4
-3
-3
-7
-6
-3
-4
-1
-3
-3
-2
-2
3
5
4
-5
0
-6
-7
-5
-14
-6
-4
-4
-1
0
1
3
0
2
5
4
10
11
7
6
9
10
10
14
16
9
4
7
6
11
12
12
7
12
12
15
9
13
5
-1
3
56
171
144
-50
-96
-16
-110
-202
-98
-36
-42
23
102
164
168
-42
-208
-77
31
-35
10
86
44
51
69
2
-52
-157
-264
-183
-13
22
6
51
90
96
89
55
7
-56
-60
7
79
79
21
-37
-34
-12
-44
-104
-90
-55
-34
44
109
118
85
49
65
115
87
11
-6
20
37
45
32
14
-7
-25
-1
25
-31
-87
-34
33
55
63
32
3
27
41
29
41
-2
-68
-44
28
23
-33
-72
-112
-99
-33
2
-4
-32
-40
4
50
2
-61
-79
-61
-74
-27
47
10
-71
-71
-47
-68
-127
-168
-165
-93
-28
-7
55
97
55
43
85
77
0
-43
-34
-4
9
10
20
-1
-37
-9
9
-42
-65
-46
-4
46
88
118
153
146
173
212
125
36
39
-18
-94
-42
-24
-50
-27
-15
1
73
37
-27
51
95
90
175
218
178
146
116
69
17
-60
-109
-137
-153
-113
-87
-83
-66
-94
-127
-94
-42
-32
29
70
64
101
107
32
-39
-97
-153
-175
-175
-171
-190
-177
-140
-135
-119
-72
-77
-79
20
83
104
136
74
-59
-74
-44
-68
-47
64
82
10
-13
-68
-156
-166
-136
-49
176
348
333
335
251
-2
-107
-50
-26
99
287
389
419
403
239
60
-77
-215
-189
-55
55
143
179
186
175
77
-36
-27
-12
-70
-35
102
161
50
-74
-96
-193
-295
-272
-223
-176
-186
-281
-253
-113
-171
-251
-141
-142
-217
-82
6
-27
-58
-159
-233
-164
-151
-239
-240
-195
-235
-185
-23
30
-69
-91
-40
-41
9
94
59
70
114
110
112
99
51
32
2
-30
42
130
227
422
610
861
1296
1432
953
320
-34
-159
-311
-481
-288
249
367
60
-43
-104
-683
-1420
-1379
-334
876
1646
1969
1704
978
404
-85
-666
-918
-900
-845
-435
81
77
-578
-1659
-2638
-2514
-1449
-396
474
1185
1257
1004
855
438
-337
-864
-899
-448
312
708
171
-893
-1922
-2588
-2527
-1846
-1173
-458
477
1194
1374
1062
337
-256
-201
466
1349
1951
1798
1234
505
-343
-1003
-1234
-1189
-831
-106
612
919
644
158
-35
-38
407
1243
1817
2676
4718
5295
2655
-15
-470
-684
-1425
-1451
-210
906
386
-476
209
129
-3112
-5918
-4126
-223
2685
4404
4503
2690
726
-140
-225
-373
-956
-1431
-495
1223
1346
-405
-2908
-5688
-6871
-4875
-2033
-489
193
398
522
630
-45
-1120
-1553
-1182
287
2554
3608
2232
-684
-3113
-4001
-3995
-3416
-2481
-1679
-777
277
542
-453
-1909
-2483
-1192
1472
3732
4735
4405
2968
1592
680
53
-35
172
577
1527
2196
1242
-506
-1824
-2100
-920
653
1804
2620
2807
1841
1148
1213
847
519
1855
4709
8759
10508
5633
-452
-1774
-1757
-2743
-1380
838
2095
2104
1642
2013
722
-6180
-11837
-9175
-2550
2645
6180
5625
1257
-2511
-2933
-1364
-47
-473
-459
1259
3370
3507
1053
-3983
-8703
-9226
-5504
-2639
-1475
-1550
-3613
-5182
-4322
-3665
-3537
-2750
-1750
723
3780
3361
592
-879
-2095
-1284
2382
3373
1227
-247
-1795
-3301
-3246
-3550
-4090
-2500
13
1731
2644
1819
-1074
-1868
206
2364
4256
5975
5472
4298
3530
1635
-339
-1175
-1006
701
3014
4243
3631
1334
-750
-1553
-1598
-340
1427
2257
2801
3470
5452
9615
8080
1472
1031
3828
2404
1476
2800
2456
1328
-643
-183
2127
-925
-7889
-8817
-5760
-2815
833
2748
662
-2659
-3352
-1026
988
654
1014
929
-210
656
472
-2287
-5168
-7768
-6582
-690
1708
-394
-1985
-4509
-6777
-5242
-2864
-1837
-986
-394
728
1541
469
-2149
-4713
-4815
-1836
1450
3686
2922
-1491
-3589
-2618
-2521
-925
1674
1405
1265
2129
822
-732
-1465
-2305
-380
3195
3963
3046
2022
-99
-1498
-344
486
526
1707
2897
2684
2157
995
-755
-868
584
1723
2841
2883
458
-1110
812
4830
8471
9717
7456
4464
2974
1500
258
380
978
1608
3208
4619
3872
-416
-6150
-9776
-8684
-3002
3139
4912
2727
-734
-4034
-4537
-2908
-1872
-1108
-363
-129
691
641
-2460
-5865
-7073
-5404
-1051
2707
2804
714
-2378
-5365
-4982
-2532
-1478
-776
656
598
-572
-1605
-3171
-4854
-5082
-3617
-1307
1124
1332
-603
-1631
-2216
-2923
-936
1733
1947
2124
2487
936
-501
-70
225
675
1727
1982
2089
2557
1691
659
1200
1289
851
1257
1191
286
-36
-707
-1098
-10
616
345
136
-342
-584
117
229
-30
2242
6667
9381
8823
6030
2371
-357
-410
1533
4234
6256
5947
3869
2460
1483
-1242
-4601
-5807
-3970
80
3932
4209
855
-3628
-6869
-6568
-3323
-188
1144
678
-1339
-4236
-6356
-6521
-5474
-3572
-986
55
83
576
-214
-1851
-1988
-1486
-392
1913
3547
3512
1612
-1911
-4188
-3842
-2930
-1905
-1055
-2232
-4062
-4279
-3497
-2379
-1397
-1294
-1136
-226
886
1381
1286
1340
1322
1371
1991
2217
1491
523
-620
-792
51
188
85
104
-483
-1160
-483
848
1342
1269
1346
1604
1601
596
849
1769
1284
796
654
146
-488
-1138
-1294
486
2767
2848
2252
1866
190
-1046
77
2381
4467
5741
6257
6438
6097
4442
2507
1127
140
759
2811
4006
2963
72
-3009
-4807
-4523
-2822
-1155
-105
-755
-2314
-3304
-4004
-4289
-3615
-2622
-1807
-1062
-373
-316
-1030
-2160
-2574
-1891
-1411
-1259
-1234
-1957
-2827
-3369
-3555
-3088
-2654
-2106
-1341
-1329
-1873
-1744
-1290
-657
428
1285
1816
1394
387
-173
9
912
1151
1230
1098
109
-1138
-1541
-1676
-1565
-503
1239
2260
2185
1076
-126
-299
-731
-297
1968
3410
3272
2898
2040
682
-261
-423
122
979
1187
843
316
-657
-1946
-2641
-2391
-977
1021
2555
3470
3757
3379
2683
2486
2708
3214
3726
3901
3624
3131
2246
982
-250
-1318
-1276
-280
414
316
-154
-576
-627
-254
27
633
1549
1880
2205
2668
2420
1358
-46
-790
-574
-573
-835
-1324
-2290
-3081
-3553
-3621
-3263
-3018
-3320
-3430
-2817
-2386
-2642
-3075
-2918
-2527
-2133
-1683
-1654
-2125
-2813
-3291
-2962
-2200
-1986
-1621
-946
-1233
-1956
-2078
-1909
-1633
-1040
-536
-154
237
406
522
751
938
1141
1066
874
775
600
459
216
175
433
817
770
601
-89
-949
-1257
-1218
-37
1846
2722
2908
3418
3819
3691
3517
3682
3879
4030
3696
3365
3336
2801
2240
1974
1758
1989
2315
2494
2088
1392
1528
1791
1532
1865
2808
3217
2677
1631
765
580
338
15
266
779
517
-484
-1400
-1987
-2486
-2494
-1430
-368
-445
-1096
-1567
-1875
-2214
-2405
-2137
-1721
-1920
-2309
-2397
-2901
-3779
-4434
-4454
-4106
-4042
-4200
-3915
-3691
-3754
-3324
-2621
-2262
-2276
-2552
-2591
-2338
-2366
-2275
-1779
-1286
-277
530
437
187
-287
-788
-614
15
884
1710
1605
983
352
-345
-356
500
1225
1859
2605
2935
2851
2783
2660
2461
2118
2115
2438
2295
2074
1900
1604
1718
2005
1923
2160
2875
3170
3131
3096
2949
2718
2330
2367
3166
3834
3636
3143
2665
2220
1627
1010
766
519
362
718
933
635
66
-978
-1648
-1382
-1006
-586
-141
-192
-437
-778
-1385
-1786
-1992
-1965
-1523
-953
-809
-941
-1330
-1908
-2466
-2639
-2347
-2246
-2180
-1726
-1601
-2419
-3377
-4313
-5078
-5151
-4694
-4114
-3147
-2377
-2211
-2269
-2822
-3280
-2947
-2399
-1815
-1081
-808
-942
-939
-1187
-1851
-2226
-1954
-1252
42
1721
2695
2703
2387
1927
1655
1817
1958
2173
2853
3317
3210
2940
2209
802
-238
-357
339
1819
2930
3129
2813
2388
2012
2009
2276
2741
3274
3826
4243
4187
3729
2811
1551
1094
1681
1983
1978
2060
1773
1353
1338
1262
1006
576
200
464
1113
1540
1512
930
-31
-1002
-1881
-1861
-1034
-654
-796
-962
-1214
-1306
-1278
-1356
-1317
-1156
-897
-140
387
-110
-992
-1701
-2042
-1787
-1361
-1179
-1183
-1755
-2453
-2946
-3572
-3901
-3945
-4129
-4253
-4116
-4068
-3762
-3629
-4032
-4088
-3678
-3300
-2654
-1639
-657
-96
-561
-1119
-892
-623
-612
-671
-650
-288
335
916
1163
668
-169
-373
-224
199
1105
2110
2774
2729
2432
2240
1782
1429
1693
2482
3251
3807
3792
3238
2432
1706
1694
1975
2280
2628
3108
3540
3558
3140
2428
1510
1204
1977
2651
2786
2878
2660
1970
1408
1021
702
621
999
1635
2007
1749
1147
89
-726
-1157
-906
-54
292
304
173
-493
-1642
-2466
-2649
-2171
-1172
-134
344
527
-284
-1316
-1557
-1638
-1638
-1041
-437
-241
-686
-1764
-2922
-3735
-4269
-3943
-3194
-2519
-1958
-2177
-2793
-3257
-3759
-3852
-3264
-2511
-1583
-793
-910
-1510
-2093
-2825
-3039
-2583
-1985
-1244
-870
-1051
-1132
-1116
-1216
-1144
-1009
-865
-470
-182
-7
157
-49
-438
-603
-292
605
1353
1565
1799
1634
1079
1114
1583
1993
2260
2524
2770
3139
3273
3174
3018
2752
2776
3089
3073
2919
3189
3504
3724
3787
3765
3793
3522
3071
2980
2997
2935
3030
2968
2569
1826
838
93
178
753
1499
2343
2665
2470
1744
802
152
-165
-14
372
733
913
518
-564
-1466
-1962
-2357
-2673
-2639
-2241
-1940
-2047
-2431
-2921
-3498
-3846
-3716
-3319
-2919
-2589
-2583
-2815
-3064
-3599
-4018
-3991
-3778
-3348
-3012
-2882
-2806
-2983
-3405
-3591
-3591
-3563
-3280
-3122
-2932
-2610
-2656
-2962
-3288
-3488
-3034
-2256
-1695
-1103
-788
-1011
-998
-693
-481
-33
641
1249
1714
2197
2488
2382
2115
2342
3094
3707
4125
4406
4554
4617
4366
4144
4073
3964
3978
4375
4608
4081
3448
3090
2880
2667
2560
2598
2696
2827
3178
3775
4067
4010
3622
3028
2513
2289
2047
1775
1754
1640
1283
988
784
203
-317
-624
-788
-772
-723
-581
-482
-745
-1354
-1934
-2173
-2102
-1926
-1724
-1689
-1765
-2022
-2507
-2957
-3083
-3068
-3053
-2860
-2723
-2785
-2745
-2684
-2950
-2897
-2607
-2528
-2373
-2341
-2773
-3261
-3644
-4094
-4124
-3689
-3221
-2983
-2959
-3134
-3380
-3531
-3318
-2894
-2500
-2240
-2242
-2004
-1513
-1436
-1567
-1429
-1099
-582
143
598
696
732
730
1154
1831
2216
2606
3184
3573
3502
3211
2986
2568
2288
2549
3084
3453
3487
3367
3097
3058
3223
3431
3707
3734
3807
4009
3902
3754
3747
3562
3406
3570
3704
3601
3342
2868
2221
1579
1267
1347
1348
1123
917
676
308
29
-133
-32
189
250
347
422
2
-69
-477
-1291
-555
28
-963
-1833
-1924
-2484
-2995
-2454
-2038
-2105
-1856
-2215
-2601
-2430
-2692
-3186
-3539
-3406
-3102
-2946
-2820
-3277
-3860
-4123
-4570
-4574
-3864
-3676
-3740
-3585
-3756
-4059
-3883
-3592
-3104
-2200
-1704
-1404
-821
-589
-364
-269
-211
-174
201
-257
-1155
-571
-62
-1070
-936
279
600
322
-268
448
1077
1226
1658
3063
4054
3803
4149
4410
3413
3312
3602
3321
3988
4481
4492
4177
3420
2950
3248
3415
2967
3521
3567
2893
2885
3262
2316
1753
2292
2151
2238
3009
2541
1563
1460
655
808
1532
1087
915
980
161
-556
-368
-301
30
259
-30
-73
201
-471
-944
-940
-1228
-1289
-989
-685
-868
-1484
-2259
-2927
-3119
-3029
-2504
-2594
-3214
-3938
-3730
-4038
-4130
-4277
-4403
-3715
-2988
-2747
-2991
-2613
-2471
-2964
-3039
-2059
-1902
-2160
-2583
-1983
-2829
-3072
-2565
-3069
-2108
-1999
-2413
-1990
-2004
-1752
-2146
-229
-173
102
2008
758
1410
1807
890
1442
1741
2505
1291
2322
1808
32
2389
2458
1587
2582
3511
3592
3011
4053
3636
2435
3640
2645
3294
4467
3914
3398
3553
3448
2196
2211
3390
1852
2376
2829
2140
2390
1602
489
1914
1454
1632
2322
2301
1928
1579
1758
829
164
1008
-61
537
1337
363
675
-325
-1847
-1164
-1588
-1534
-1486
-1943
-1317
-1963
-2190
-2319
-2298
-2397
-2635
-1832
-710
-1104
-1344
-1986
-1797
-3484
-4208
-3163
-3161
-3636
-3893
-2860
-3145
-5217
-3483
-3546
-4829
-4127
-2910
-1730
-3088
-2394
-1768
-2886
-1480
-3648
-995
-1114
-2932
-1826
-545
-1332
-1835
-1544
-1371
-1367
-87
199
-59
182
988
1740
2696
2468
1682
2674
3399
1990
2324
3867
2673
2399
3238
3319
3598
3128
2833
3257
2313
3932
2348
1382
3680
2372
2779
3670
2438
2169
3076
4717
3199
3339
3492
1651
3617
4438
2366
3757
3293
1646
3582
3304
1090
1892
1908
715
1819
1859
361
-9
-726
-3
-208
-165
-188
-864
-569
-579
-1503
-2639
-2855
-3696
-4218
-2678
-3677
-3747
-3860
-2903
-3124
-4280
-3618
-3110
-3721
-3380
-3600
-2523
-3161
-5523
-3046
-3697
-4261
-3964
-3332
-3798
-4262
-2719
-2814
-5335
-2568
-3357
-3916
-1547
-2702
-2381
-1762
-1408
-2263
-1051
1026
-2044
-379
661
-861
1061
942
-452
1926
1209
222
1824
3379
2077
1992
3221
1916
2364
3406
3110
3157
2732
2718
4385
3009
3383
5887
3558
1413
2998
4766
5053
3441
3792
4644
3911
3861
3366
4774
4371
2665
3009
5084
4991
3794
2993
3105
2742
2416
3369
2432
2132
1757
837
92
-613
-1518
-1376
-2022
-2972
-2439
-2563
-3577
-3613
-3150
-3393
-3694
-3501
-2698
-4037
-2146
-2158
-3664
-3432
-3515
-3084
-5037
-4433
-3022
-3852
-4722
-3312
-3167
-5132
-4837
-3473
-3482
-4070
-3627
-2856
-1054
-3958
-4306
-1577
-475
-3533
-3129
181
-2381
-2398
-2964
399
507
-1662
-1803
1684
904
-230
751
3006
1307
12
2250
3873
1939
581
2921
3343
3493
3177
1855
976
2691
4430
2909
3104
2678
2943
4765
3317
4620
5278
3202
1508
3250
6236
5398
2099
3433
4449
3599
2723
2907
3514
2095
1558
2972
3009
1309
160
525
798
-845
-1524
-871
-1104
-1918
-1959
-880
-1530
-4501
-3583
-2571
-2568
-3250
-2436
-1725
-2406
-3602
-4560
-2920
-2654
-1685
-2715
-2559
-378
-2092
-4448
-1090
-429
-4213
-3114
234
-2035
-3558
-607
-2736
-2243
-987
-2470
-2928
-1120
-195
-3654
-1427
-424
-3206
-1830
-183
-1025
-1138
190
46
-1467
302
-1886
-1769
3205
2673
2457
134
-2573
1989
4855
1978
645
3764
2075
668
3488
4332
3461
1623
-870
2356
5336
2863
1205
1484
1741
1800
3319
2475
916
1018
1418
1421
1452
1507
1114
934
1097
998
128
-771
-901
-799
-63
940
-729
-2570
-1475
-1481
-2281
-2174
-1590
-1108
-1343
-887
-971
-777
-1332
-969
-1208
-1137
-1082
-749
-683
-288
135
-23
-860
-944
-549
-1565
651
980
726
-528
-579
351
-90
1133
650
164
1700
-384
1174
1782
-1116
-1006
-402
-821
-903
2278
4831
-716
-5348
-3128
2952
4607
-1330
-3214
2378
3259
5
725
5621
3457
-2865
-629
4777
5474
1303
-709
-383
141
918
540
-752
-1408
-2103
-1702
-2433
-3433
-2280
-2028
-2843
-2602
-1555
-2274
-4304
-4952
-2448
773
-427
-3410
-2558
-2292
-3836
-2065
294
-893
-2046
-1760
-2287
-1959
-883
-244
232
-1401
-2361
-483
1147
967
-518
1677
-325
-902
-406
3063
2457
-743
1794
2470
866
2168
2644
2619
2727
2477
2123
2525
3088
1271
2012
3883
585
3923
8555
4099
-1632
-959
6459
7986
1946
1322
4663
3820
483
828
6989
4745
-2570
-2728
2016
5470
1513
-1677
-286
-140
-1068
-1067
597
537
-1600
-3289
-2278
-2211
-3152
-3292
-2741
-2654
-3284
-4917
-7262
-6341
-4166
-4530
-4698
-4296
-5469
-6095
-5903
-4556
-4473
-4530
-4442
-4863
-3783
-3063
-3456
-2541
-2017
-3111
-3281
-2199
-1747
-2350
-437
1092
-1845
-1863
866
329
-660
609
1440
333
1795
2186
2042
2243
2010
1907
3845
4398
1971
1733
5433
7840
8107
2729
-389
4305
8526
6678
4967
5387
6719
4528
3585
7140
8839
4006
-809
3520
9374
7020
1819
130
1264
2225
3023
3396
2165
145
-1812
-1943
-1587
-2960
-2398
-1367
-2056
-4641
-5394
-5062
-5563
-5546
-4206
-2910
-4680
-6781
-5895
-3746
-3620
-5135
-5929
-4884
-4719
-5264
-5294
-4283
-3465
-4631
-5039
-4757
-4372
-4496
-4678
-3991
-3199
-3564
-3552
-2673
-2358
-1864
-2319
-1786
-1250
-997
-750
-982
951
1485
1633
391
-773
1411
4103
7197
5699
-398
307
5473
7881
6826
5545
5278
5649
5035
6033
8810
8244
2662
1081
5794
8858
6598
1842
744
2034
2371
2852
2772
1956
-196
-1927
-436
952
416
-1403
-1887
-1274
-1874
-3652
-3564
-2717
-2279
-2435
-2497
-3236
-4901
-5348
-4194
-3272
-2865
-3651
-3897
-3522
-3606
-3663
-3563
-2777
-2622
-3272
-3394
-2725
-2460
-2396
-2544
-2715
-3271
-3504
-3011
-1879
-1158
-1131
-1697
-2303
-2150
-1411
-14
-219
140
-270
520
3428
6232
4716
-504
-454
5153
7381
5468
4490
5152
5585
5289
5910
7608
7616
2527
133
5343
8299
6353
2675
1054
279
927
1905
1917
286
-329
-661
-2520
-3432
-2701
-1935
-2788
-3778
-3748
-4227
-6003
-6668
-4236
-2552
-3493
-5638
-6062
-4742
-4753
-4606
-2723
-2263
-3563
-3702
-3786
-3490
-2344
-1044
-480
-1106
-2969
-2752
-2036
-1468
-130
-65
-1817
-2660
-2120
266
459
-794
-1443
-1310
-1212
-66
1136
708
-94
544
3833
6731
5606
521
23
4778
9364
8885
5945
5185
6508
7142
7873
9543
8863
4541
894
4576
9389
9285
4425
615
789
1436
1922
2129
2454
751
-855
-2118
-2247
-2610
-3277
-3075
-2682
-3294
-5863
-7015
-6805
-6641
-5531
-4231
-5162
-6639
-7404
-6775
-5036
-3869
-5218
-5506
-4062
-5166
-6651
-5133
-1931
-2170
-4970
-6143
-4283
-4132
-4863
-3912
-2427
-3581
-5701
-4585
-1651
-948
-3149
-3767
-2350
-1829
-2348
-432
1322
-128
48
4199
7330
3844
-1211
433
7306
9947
6811
4849
6029
6329
5794
8616
11646
9298
2788
1725
7400
11342
8374
3881
2820
3516
4763
4960
4084
2592
1254
648
732
-333
-1465
-1515
-862
-819
-2359
-4521
-4754
-3146
-2485
-3257
-3144
-3407
-5636
-5230
-2834
-2519
-3662
-4851
-4383
-3511
-3467
-4754
-4894
-3335
-3591
-5011
-4791
-4147
-4508
-4500
-3319
-3257
-5486
-6330
-4920
-3361
-3420
-4060
-4253
-4226
-4994
-4910
-3037
-2714
-3922
-1425
4336
4166
-1951
-4036
1072
5873
5649
4141
4180
4713
4007
5340
8840
9133
4349
558
3325
8850
10367
6434
2026
1361
3756
5751
5002
3109
1019
891
1874
1640
779
-764
-1947
-1508
98
-1506
-4451
-4511
-2960
-1950
-1564
-1677
-3357
-4938
-3853
-1658
-464
-1720
-2489
-1857
-1334
-1410
-1432
-1215
-1163
-1594
-2870
-2667
-1192
-702
-1796
-1977
-2062
-3771
-4084
-1669
-15
-2393
-4201
-3744
-2287
-2229
-2825
-3594
-2836
679
3585
1571
-2684
-2502
1597
5172
4242
3190
3161
3453
3662
6238
9257
6190
996
190
5113
8852
7933
3552
470
667
2973
4326
4276
2179
-1290
-2788
-1526
376
-606
-2876
-3670
-2557
-2962
-4402
-5013
-3912
-2884
-2410
-2168
-2901
-5138
-5210
-2432
369
91
-3068
-4044
-2675
-1724
-1032
-407
-443
-2035
-2469
-1549
-1313
-1804
-1284
-860
-1243
-2646
-2660
-1754
-1437
-1437
-2181
-2619
-2750
-2842
-1495
-453
-2199
-1327
2763
5409
264
-3791
-163
5516
5669
3586
4561
5247
3545
3008
8043
10752
5870
-651
350
6570
10041
7147
2220
390
442
1846
3178
4354
1899
-1485
-2996
-1714
-21
-865
-2491
-2898
-2351
-4198
-5621
-4854
-3220
-2277
-1933
-1804
-3657
-5973
-4807
-438
947
-1874
-4344
-3649
-1710
-1188
-448
214
-752
-2777
-2772
-1218
-846
-1948
-2363
-964
-1079
-3290
-4088
-2331
-822
-1915
-3323
-3261
-3155
-3523
-2182
-28
-1330
-1796
1882
4747
-793
-4974
-73
7022
6451
1725
1897
4920
4580
3252
7201
9878
4174
-2303
510
7965
10172
5800
404
-748
884
2903
4298
4373
1144
-2070
-3092
-1800
-301
-1052
-2379
-2640
-2386
-4727
-6479
-5098
-3195
-2883
-1399
-971
-3930
-6827
-4427
763
2393
-815
-4090
-3084
-828
454
629
557
-578
-1995
-1554
134
1028
-187
-1308
-933
-624
-1628
-1731
-1025
-431
-1498
-2536
-1850
-407
-1578
-2614
-1595
-17
2282
4087
2890
-2143
-3063
2102
6860
6000
3282
2678
3266
3345
5789
9731
7935
794
-2174
2985
9262
9325
4057
-664
-1282
310
3004
4132
2498
-1390
-3587
-3603
-2554
-2164
-2710
-3659
-3284
-3129
-5732
-7718
-6143
-3354
-2185
-2073
-3874
-5694
-5911
-3766
-384
993
-1306
-4930
-5033
-2114
1230
1915
-445
-2918
-3240
-1790
-296
230
-830
-2222
-2936
-2611
-1676
-1301
-2047
-1968
-1692
-2650
-3086
-1516
-4
-71
-1124
-620
2624
6045
3134
-2213
-1258
4906
7681
5422
3544
4419
4543
3326
6416
11121
8139
-110
-1938
4895
10631
8945
2873
-331
-125
1820
4084
5250
2961
-1637
-3263
-1974
-68
-785
-2467
-2738
-1898
-3617
-6400
-5996
-3918
-2852
-2437
-1777
-4365
-7247
-5632
-916
1540
-643
-3927
-4586
-2948
-1617
211
994
-1552
-3838
-2772
-1048
-701
-1767
-2684
-2515
-2404
-2847
-2874
-2980
-3284
-3250
-2664
-2943
-3356
-3144
-2398
-2328
-1923
1350
5048
3184
-3876
-4919
2350
7519
4864
2067
2906
3384
1359
3520
10382
10499
922
-4216
2670
9898
9291
4537
1284
448
1018
3299
5228
4383
279
-2222
-1759
-423
-498
-1867
-3006
-1950
-955
-2955
-6021
-5797
-2656
-582
-627
-2225
-4662
-5296
-2101
2321
2628
-1547
-4479
-2963
388
2627
3103
854
-2643
-3499
-671
1925
1640
-825
-2722
-2684
-1799
-1509
-1026
-1533
-2948
-3668
-3085
-2761
-2326
-2445
-2246
-2702
-2041
1986
5307
893
-5990
-3105
4785
6257
2287
1789
3584
1994
-948
3824
11646
7770
-3852
-5246
4383
9706
6830
1792
-351
-634
50
2932
5786
3280
-3025
-5236
-2431
312
-467
-2738
-4047
-3259
-3265
-4981
-5582
-4864
-3538
-2245
-1857
-3871
-5981
-5046
-863
2894
1673
-2462
-4097
-2246
707
3837
4627
1078
-2644
-2247
1189
3449
2806
354
-1349
-1616
-1420
-274
624
-83
-2141
-2503
-1623
-1504
-1993
-1619
-959
-2103
-870
4137
6213
-1449
-7187
-414
8019
5981
759
2511
4797
1845
237
7325
12081
4183
-5713
-2313
7580
9663
5403
1343
-403
-826
988
3764
5245
1796
-3447
-4580
-2120
-460
-1853
-3567
-3739
-2512
-4093
-6473
-5902
-3986
-3568
-3248
-2698
-5037
-7478
-5819
-366
2724
250
-3692
-4443
-2972
-776
3148
4720
468
-4094
-2876
1193
2938
1939
355
-997
-2230
-2755
-696
1256
-59
-2357
-2563
-2127
-2022
-1684
-1199
-1328
-2756
-365
5134
4953
-3890
-6335
1620
7225
4017
801
2748
3581
510
1074
9453
11397
1107
-6068
660
9282
9427
4851
1047
-131
-67
2298
5572
5871
667
-3779
-3355
-621
636
-1415
-3964
-3754
-2410
-4259
-5846
-4701
-3936
-3666
-2666
-2975
-5935
-7068
-3920
1242
2679
-1097
-4146
-3590
-1608
1071
4879
4205
-1080
-4145
-1104
3363
4026
1665
-406
-1029
-2110
-1589
928
2002
-314
-2643
-2360
-1600
-1582
-1373
-172
-963
-3268
-353
5294
3464
-5273
-5509
2487
6116
2350
544
3224
2876
-1107
1204
10177
9526
-1772
-6193
1887
8916
7792
3260
-43
-1081
-738
2217
5689
4652
-1591
-5270
-3670
-569
-356
-2996
-4446
-3412
-3633
-5593
-5079
-3865
-4434
-4275
-2432
-2885
-5997
-6609
-2774
2274
2160
-2013
-4299
-3485
-1816
1866
5179
2653
-2207
-3204
49
3075
3379
1467
-192
-808
-1402
-146
2161
2132
-230
-1262
-768
-341
-194
-71
573
-739
-354
4213
6349
-901
-6066
-74
6885
5485
1201
2480
4289
1430
-142
7002
12027
3569
-5943
-2040
7440
9217
5338
1178
-740
-1291
465
4583
6769
2275
-4355
-5127
-1695
688
-1004
-3844
-4422
-3487
-4953
-6677
-5216
-3874
-4481
-4512
-4178
-5679
-7732
-6712
-1798
1769
-1000
-5503
-6812
-5167
-1649
2763
2935
-1731
-5227
-3890
206
2892
2466
483
-1151
-2111
-1309
1199
2512
1607
138
-682
-937
-687
103
1230
869
-1350
470
5396
5029
-2397
-4522
1501
6304
4012
1795
3919
4199
167
1083
9374
10933
1218
-5207
359
8343
9299
5193
1291
-461
-1000
1474
6096
7390
1707
-4003
-4061
-299
1689
-452
-2963
-2904
-2822
-4472
-4576
-3957
-4307
-4522
-3471
-3289
-5342
-7534
-5853
-885
1050
-1378
-4159
-6026
-5810
-1425
3501
2721
-2068
-5015
-3534
346
2447
1894
364
-1525
-2812
-1879
537
1204
381
-897
-1570
-1985
-1421
-666
714
-220
-1480
1654
5450
2173
-4439
-2632
3897
6087
2988
2130
3622
2153
-746
3696
11775
8486
-2787
-5363
2432
8341
8178
4339
343
-1981
-2127
2033
7383
6312
-1315
-5094
-3445
-72
870
-1278
-3005
-2622
-3429
-5000
-3729
-3518
-4474
-3338
-1669
-3155
-6233
-6905
-3572
1308
1676
-1329
-4195
-6166
-5041
1099
5293
2357
-2344
-4504
-3188
302
3017
2905
1034
-1954
-3341
-1092
1325
1703
1257
104
-1929
-2390
-855
1043
2075
227
664
4053
4573
-1160
-3199
1796
6384
5035
2237
3115
3778
1163
800
7661
11035
3241
-4496
-1701
5382
7767
5550
1756
-715
-2373
-1213
3353
6486
2011
-4104
-5198
-3012
-875
-1405
-3139
-3970
-3659
-5384
-5612
-4648
-5010
-5229
-3786
-2872
-4858
-6950
-6551
-2392
650
-74
-2535
-5029
-6198
-3083
2566
3534
-45
-3434
-3630
-1502
1102
2508
2313
286
-2534
-2196
879
2217
1267
528
119
-867
-845
292
2047
1743
622
3106
6216
2983
-2898
-1160
4868
7028
4297
3115
4139
3099
787
4630
11347
8531
-1063
-3379
2621
7685
8209
4939
935
-1733
-2271
1775
6565
5340
-1479
-5110
-4424
-1490
-41
-1845
-3691
-3911
-4386
-5262
-4184
-4771
-5769
-4305
-3073
-3986
-6192
-7202
-5537
-1594
-376
-1619
-4120
-7079
-6482
-1081
2486
628
-2196
-4222
-3992
-1433
1020
1788
1166
-1233
-2840
-1477
-221
480
1410
1257
-269
-1358
-1285
-68
1987
1494
1379
4085
5308
1011
-2539
856
6160
6802
3440
3249
4688
2952
1198
6296
11535
6283
-2140
-2003
4146
7418
6891
4409
1802
-1531
-2289
2469
7088
4251
-2025
-4011
-3335
-1349
-587
-1563
-2710
-3347
-5191
-5098
-3433
-4785
-5621
-3756
-3016
-4290
-5930
-6657
-5068
-2043
-1338
-1279
-3467
-7044
-6142
-719
1442
-267
-1835
-3567
-3278
-1433
296
1321
1001
-1171
-2144
-804
-527
189
1220
1283
246
-543
-766
384
1740
405
2276
5621
5412
3
-2063
1814
6189
6007
4046
4945
4585
1089
1321
8561
11409
4303
-2581
-1205
4142
7091
6976
4349
1008
-2974
-2126
3742
7442
2995
-2809
-4683
-3503
-724
-643
-2083
-3325
-4356
-5976
-4602
-3471
-5714
-6515
-5081
-3128
-3495
-5672
-7413
-5304
-2673
-1759
-1052
-3422
-6924
-6043
-1151
905
204
-2154
-4062
-3557
-1905
151
1616
753
-1903
-2194
-1172
-331
621
1196
721
457
80
326
1410
1689
771
2352
5105
5524
2190
-309
2179
5378
5551
4782
5912
4970
1831
2197
7628
10432
5205
-720
-338
3731
6112
7360
6162
2228
-2242
-1828
3474
7202
4254
-1287
-3420
-3022
-989
-179
-771
-2130
-3962
-5903
-4783
-2561
-4179
-5907
-5484
-3822
-3723
-4801
-5855
-4978
-3562
-3205
-2487
-3428
-5230
-5422
-2543
-1172
-1824
-2971
-3447
-2978
-2283
-1091
-507
-962
-2430
-2193
-1076
-461
-218
186
-52
-99
1097
1454
900
262
828
1390
2547
3429
3633
2489
1512
1697
2869
3681
4423
4229
3677
3182
3940
5429
4892
2624
1706
2149
3826
5579
6125
4134
1272
-177
1540
4253
4608
2303
-15
-1422
-1773
-1158
-57
769
-438
-3613
-4859
-3594
-2430
-2587
-3091
-3607
-4078
-4076
-3484
-1948
-1817
-3242
-3982
-3332
-2497
-1520
-1232
-2482
-3103
-2983
-1666
-499
-617
-1557
-1907
-1744
-1539
-696
-194
-80
353
140
-218
728
1515
1816
1442
1065
1651
1104
422
6
582
1305
1475
2032
2267
1474
357
-832
75
2270
3529
2543
116
-303
499
1997
3673
3676
2068
-69
157
2440
4634
4053
1535
-541
-921
281
1637
2041
1500
848
-885
-1785
-1593
-973
-748
-945
-1438
-1782
-2121
-2856
-2362
-1065
-803
-1726
-2371
-2373
-2284
-1800
-1208
-1144
-1577
-1628
-1196
-384
-410
-508
-412
-182
-269
-602
-271
391
886
532
361
1101
1696
989
655
977
1328
785
-292
-114
259
749
240
-163
25
-81
-464
-1078
-968
293
987
-334
-1877
-1735
-864
-327
599
1537
941
-537
-1168
77
1641
1839
1298
870
593
362
93
95
985
2154
1824
663
-71
-584
-798
-550
448
1015
298
-1152
-1232
-214
-63
-323
-762
-970
-1168
-659
-298
7
-407
-566
72
725
453
172
517
635
589
682
1127
1437
1056
486
928
2095
2091
1062
289
554
677
49
-341
-204
-158
-800
-1190
-1179
-1069
-1246
-1803
-2214
-1872
-859
-1066
-2503
-3246
-2562
-1962
-1261
-439
-366
-896
-1228
-806
19
491
103
-333
289
1030
921
-150
-777
318
1573
1526
792
243
-943
-1388
-666
694
789
199
-280
302
613
260
371
401
87
448
1704
1455
532
226
1192
2137
2318
1711
1470
1605
1222
1460
2443
2785
2409
1655
1206
1897
3231
2899
1967
1404
1178
999
768
797
628
398
-839
-1287
-1072
-684
-938
-2110
-2891
-2299
-1321
-2004
-3317
-3743
-3474
-3463
-2820
-1896
-1938
-2694
-2664
-2257
-1883
-1847
-1880
-1923
-1540
-1032
-933
-1653
-2051
-797
252
-80
-756
-1096
-1650
-1778
-1084
88
387
-91
-522
-292
-470
-521
261
850
511
382
771
715
165
397
2109
3214
2355
1278
1820
2588
2339
2716
3886
4196
3222
2445
2982
4175
4647
4105
3611
2942
2396
2380
2768
2756
2328
1663
657
119
423
1065
537
-1171
-2124
-1124
-606
-1293
-1842
-1939
-2650
-3239
-2537
-1427
-1473
-2208
-2111
-2037
-2376
-2752
-2481
-2165
-1994
-2155
-2330
-2795
-3065
-2628
-1838
-1606
-1922
-2614
-3296
-3608
-3067
-2055
-1325
-1360
-1536
-1864
-2376
-2127
-1158
-528
-221
49
-172
-624
-969
10
1976
2915
2018
1226
1676
2438
2714
3199
3871
3991
3048
2485
3359
4701
4729
3931
3482
3196
2707
2589
3122
3416
2904
1647
1025
1095
1499
2135
1522
-9
-652
347
452
-251
-667
-573
-1129
-1739
-1268
-491
-673
-1277
-957
-673
-1338
-2104
-2022
-1360
-916
-1151
-1724
-2183
-2561
-2461
-1600
-963
-1407
-2585
-3315
-3346
-2851
-2580
-1990
-1724
-2028
-2774
-2854
-2547
-2240
-1943
-1086
-278
-774
-1925
-2205
-529
1191
1583
954
707
718
674
937
2039
3098
2817
1518
1158
2078
3219
3286
2968
2630
2090
1475
1958
3112
3292
2354
1176
738
1018
2002
2601
1656
-238
-589
624
980
515
159
-282
-929
-813
73
599
-49
-630
-458
-3
-402
-910
-877
-446
-196
-659
-1155
-1446
-1659
-1842
-1343
-816
-1159
-2172
-2903
-2720
-2349
-2029
-1638
-1245
-2004
-2924
-2716
-2181
-1853
-1590
-900
-755
-1355
-2239
-1785
47
1269
940
59
55
465
883
1253
1944
2310
1973
1369
1498
2249
2804
2779
2732
2575
1710
1175
1817
2912
3051
2277
1473
857
736
1876
2781
1817
237
32
582
848
534
485
387
-129
-556
-23
568
448
194
-11
-125
-515
-580
-299
331
284
-734
-1669
-1619
-866
-686
-881
-1195
-1587
-2276
-2660
-2334
-2301
-2438
-2260
-1862
-2420
-3023
-3022
-2778
-2631
-2257
-1559
-1539
-2429
-3105
-2199
-482
222
-385
-915
-875
-427
82
703
1180
1235
959
687
1195
1887
2194
2273
2212
1843
1260
1151
2006
2887
2687
1822
1308
1134
1541
2467
2836
2009
750
739
1412
1819
1330
1057
1087
1005
610
838
1396
1420
1025
866
928
525
197
487
1350
1310
172
-831
-666
-46
30
-4
-177
-830
-1761
-2088
-1818
-1519
-1453
-1782
-2109
-2698
-3016
-2828
-2552
-2568
-2471
-2491
-2696
-3050
-3213
-2237
-891
-719
-1628
-1966
-1565
-1211
-933
-132
724
479
-611
-856
219
1055
1138
1543
1677
913
163
652
1940
2473
1727
885
722
756
1311
2300
2511
1310
178
258
1223
1632
1214
855
905
991
732
1002
1358
1398
993
1240
1612
1384
563
441
1413
1820
1219
268
203
331
462
719
757
240
-773
-1266
-1247
-698
-311
-488
-1416
-2303
-2506
-2290
-1863
-1532
-1361
-1957
-2524
-2993
-2724
-1675
-570
-649
-1471
-1568
-1324
-1248
-1052
-127
645
453
-544
-771
8
597
1043
1489
1524
753
114
641
1757
2185
1397
809
552
509
930
1751
1698
566
-70
146
835
689
211
165
492
324
173
492
418
118
-68
451
795
604
-92
-139
487
630
365
2
-188
-360
-162
8
191
101
-633
-1331
-1445
-793
-206
-318
-968
-1416
-1691
-1889
-1618
-1080
-813
-1247
-1905
-2315
-1812
-712
-215
-676
-1103
-813
-519
-659
-327
722
1041
353
-250
164
848
925
1429
2038
1789
805
727
1775
2529
2403
1656
1311
1118
980
1451
2183
1765
580
128
562
1030
419
-75
237
576
165
45
351
125
-414
-435
296
660
57
-668
-346
98
18
-38
-39
-389
-762
-598
-259
-188
-482
-864
-1425
-1642
-1106
-522
-767
-1524
-1906
-2024
-2063
-1809
-1252
-1229
-1841
-2527
-2420
-1481
-692
-750
-1226
-1231
-1044
-969
-819
-192
460
583
239
161
533
840
999
1621
2139
1876
1178
1275
2045
2456
2297
2009
1825
1399
1167
1785
2209
1478
485
602
1117
862
60
-100
336
192
-272
140
545
-48
-767
-547
144
328
-179
-481
-147
-30
-395
-328
144
2
-478
-528
-162
-31
-443
-717
-796
-784
-751
-536
-592
-1015
-1308
-1287
-1212
-1213
-986
-1067
-1556
-2008
-1560
-696
-381
-828
-946
-605
-648
-707
-341
203
391
272
174
324
471
711
1087
1570
1529
1170
1138
1566
2001
2063
1885
1502
1352
1326
1558
2000
1928
971
186
508
1095
893
58
-277
-221
-441
-439
96
136
-635
-1255
-1092
-640
-583
-904
-987
-837
-981
-1232
-1111
-929
-880
-972
-937
-791
-805
-1296
-1473
-1096
-624
-561
-825
-1055
-1228
-1118
-916
-688
-637
-654
-788
-1142
-1255
-727
-99
-209
-541
-323
-22
-235
-453
47
753
830
462
436
601
725
973
1493
1759
1593
1508
1828
2234
2403
2386
2186
1992
1892
1914
2200
2508
2168
1237
854
1339
1745
1222
594
371
358
215
264
460
110
-656
-961
-479
-236
-673
-1273
-1406
-1206
-1154
-1132
-1042
-1263
-1461
-1463
-1340
-1071
-1065
-1714
-2105
-1786
-1133
-849
-1338
-1870
-1806
-1521
-1377
-1229
-1118
-1216
-1438
-1683
-1367
-583
-425
-870
-899
-448
-343
-711
-810
-298
243
299
248
324
206
195
647
1181
1254
1083
1167
1481
1782
1921
1927
1959
1899
1792
1890
2421
2659
2162
1442
1474
1868
1833
1448
1346
1206
713
451
835
1004
463
-138
-209
-28
-142
-458
-503
-530
-822
-1017
-821
-772
-1027
-1073
-1008
-805
-746
-1012
-1473
-1487
-996
-554
-546
-981
-1385
-1516
-1138
-664
-604
-908
-1059
-1236
-1268
-874
-342
-469
-1006
-1030
-712
-721
-1042
-901
-448
-360
-643
-691
-472
-427
-358
-17
223
166
121
321
646
873
905
937
1051
1067
898
999
1437
1662
1236
764
1021
1398
1275
912
925
858
609
723
1144
1062
434
-18
270
586
387
139
125
-52
-280
-197
165
111
-304
-400
-147
160
66
-322
-486
-275
55
326
293
1
-290
-306
0
372
304
15
-155
-398
-402
105
479
160
-201
-137
-96
-469
-660
-305
59
-112
-571
-756
-857
-818
-558
-255
-273
-465
-530
-485
-272
-67
63
-39
-183
-331
-298
36
457
580
-32
-435
-225
137
75
-71
-148
-408
-614
-382
58
-20
-511
-695
-351
-223
-400
-530
-516
-481
-498
-380
-273
-307
-359
-320
-34
210
72
-378
-420
115
663
761
499
245
53
177
605
1135
1176
838
437
278
526
953
1175
878
624
628
561
263
135
483
735
606
260
11
-292
-283
27
344
420
69
-226
-314
-76
121
237
94
-169
-408
-380
82
458
218
-476
-527
-189
50
-87
-256
-380
-606
-733
-453
-191
-462
-786
-669
-297
-304
-509
-539
-474
-465
-352
-113
-177
-399
-439
-234
122
252
-127
-653
-633
-128
418
593
308
-146
-326
-50
437
818
714
455
173
186
548
923
779
408
508
780
571
82
-42
367
631
479
339
260
-78
-245
30
420
406
168
-95
-108
15
70
179
194
-19
-430
-268
232
566
164
-438
-573
-333
-130
-204
-266
-549
-705
-715
-425
-328
-533
-673
-559
-379
-390
-420
-498
-596
-599
-342
-123
-185
-373
-503
-272
91
180
-337
-790
-635
-151
282
443
309
-27
-274
-152
388
782
640
294
170
265
563
746
640
457
494
569
462
198
152
389
461
287
165
179
30
-108
-28
272
433
222
-76
-30
37
-29
78
300
85
-385
-251
241
477
126
-78
-36
5
37
128
120
-249
-424
-278
-5
-169
-370
-255
-70
-80
-155
-27
-100
-362
-407
-58
201
84
-188
-304
-118
100
75
-238
-420
-380
-228
28
202
76
-189
-328
-98
348
480
300
38
-81
-15
238
289
131
27
53
2
-45
-132
-89
-19
-78
-189
-245
-236
-226
-257
-262
-77
35
-113
-312
-255
-199
-110
-53
-98
-287
-405
-142
286
374
-66
-312
-117
180
366
405
220
-81
-206
0
230
276
260
315
237
138
245
426
359
237
288
410
387
302
318
393
480
471
271
31
-51
-38
131
352
448
254
-57
-246
-59
255
361
240
1
-172
-214
72
197
99
-41
-91
-200
-193
-123
-73
-202
-466
-574
-514
-469
-534
-642
-670
-554
-502
-654
-828
-818
-738
-487
-324
-437
-814
-912
-567
-16
-12
-421
-565
-404
-113
98
214
69
-116
-263
-17
293
382
288
296
334
361
487
583
625
570
594
658
699
638
585
733
831
701
457
362
335
395
477
529
541
392
159
175
527
680
518
255
222
305
371
407
425
380
196
123
195
226
196
124
-24
-211
-327
-342
-333
-412
-579
-667
-575
-603
-787
-916
-1007
-965
-828
-752
-936
-1168
-1170
-879
-539
-707
-1089
-1166
-883
-551
-327
-291
-452
-598
-537
-202
62
93
11
-3
35
177
379
499
470
436
483
529
536
536
585
727
775
577
403
395
408
430
586
804
808
470
129
220
561
776
704
629
539
458
408
503
684
711
551
375
361
361
421
397
293
65
-78
-50
-23
-74
-167
-215
-264
-278
-401
-525
-644
-549
-364
-409
-674
-931
-857
-500
-249
-486
-838
-1018
-832
-575
-403
-327
-410
-659
-749
-570
-269
-45
0
-50
-95
-103
-38
102
230
258
192
96
-12
-13
133
263
259
177
46
-66
-81
11
216
384
362
118
-133
-15
288
437
379
373
417
377
309
363
457
444
385
294
309
279
256
200
142
39
18
57
35
-127
-312
-192
-116
-93
-190
-395
-608
-561
-306
-140
-329
-652
-582
-260
-129
-333
-507
-570
-534
-350
-203
-161
-264
-345
-279
-130
5
171
305
222
183
297
411
413
512
598
480
298
235
425
508
433
325
313
252
134
66
87
257
347
295
24
-65
141
407
398
286
246
224
216
313
513
471
265
146
176
238
234
220
199
77
-159
-137
9
-48
-290
-371
-257
-292
-321
-431
-505
-537
-482
-394
-429
-617
-786
-625
-258
-175
-462
-684
-673
-471
-326
-200
-99
-106
-248
-250
-63
99
253
280
172
118
113
157
297
443
385
128
-98
-124
119
246
86
-65
-138
-214
-252
-251
-161
10
64
-99
-289
-272
-81
157
211
187
104
-14
-21
186
485
462
268
117
166
252
361
465
391
149
-14
23
43
-6
5
75
51
-91
-228
-313
-305
-147
61
85
-174
-453
-417
-111
194
193
-54
-229
-259
-135
-10
101
179
225
128
-41
-9
166
470
568
429
255
106
85
227
431
484
208
-150
-151
75
72
-107
-180
-123
-211
-333
-384
-276
-120
-91
-283
-438
-420
-302
-94
81
87
-133
-298
-228
31
183
149
77
92
124
141
194
212
164
96
129
94
-88
-257
-239
13
51
-66
-224
-345
-364
-159
148
147
-134
-420
-323
12
166
141
14
-100
-65
103
219
318
319
250
179
99
99
257
420
483
415
242
142
157
251
330
298
101
-109
-83
33
-6
-164
-179
-90
-120
-274
-366
-225
-34
-63
-244
-301
-281
-237
-100
59
147
22
-185
-153
113
206
115
-12
-32
36
77
152
126
16
-128
-97
-60
-134
-256
-228
-86
-194
-299
-348
-365
-293
-111
38
-24
-327
-554
-296
79
106
-29
-91
-156
-211
-126
57
213
206
48
-35
-30
58
272
479
447
294
124
69
213
416
446
296
60
-45
57
154
152
66
59
14
-54
-134
-163
7
218
208
-4
-98
-78
28
152
297
281
91
-36
63
285
351
315
223
151
88
93
227
276
166
0
-41
-111
-252
-262
-122
-89
-214
-365
-414
-458
-436
-272
-98
-150
-422
-568
-369
-152
-122
-182
-184
-193
-326
-339
-159
80
161
51
-137
-248
-181
76
339
326
85
-165
-227
-45
174
220
83
-117
-176
-124
-44
-54
-23
28
-15
-43
-95
-83
32
238
236
137
90
84
163
333
515
473
272
231
331
419
450
501
517
413
280
286
406
431
362
337
308
125
-64
1
141
133
-15
-174
-261
-301
-306
-253
-177
-300
-500
-509
-317
-303
-455
-466
-345
-290
-387
-489
-405
-236
-153
-119
-176
-315
-355
-138
67
52
-116
-296
-313
-192
-47
-4
-125
-343
-375
-269
-180
-216
-209
-176
-155
-120
-148
-90
32
103
65
53
67
110
199
387
558
555
480
486
587
614
635
740
778
724
592
566
600
648
634
583
468
214
53
130
221
218
92
-70
-189
-153
-78
-19
-91
-286
-408
-316
-89
-143
-386
-521
-415
-319
-329
-381
-339
-289
-315
-323
-317
-377
-401
-275
-131
-110
-261
-375
-365
-284
-122
-153
-384
-508
-458
-352
-345
-325
-304
-343
-402
-384
-255
-126
-74
-86
-46
-56
-48
72
239
348
434
418
358
409
542
569
618
745
753
664
585
611
640
692
756
701
407
176
225
371
365
290
179
-11
-152
-65
110
84
-108
-324
-333
-181
-79
-135
-322
-465
-381
-245
-219
-250
-287
-271
-245
-181
-206
-257
-273
-168
-87
-153
-231
-297
-298
-225
-107
-166
-328
-443
-421
-301
-276
-288
-318
-439
-529
-443
-251
-95
-60
-91
-106
-125
-75
86
229
300
293
263
251
268
314
421
512
556
591
484
394
400
436
492
622
546
243
38
111
258
250
206
114
-59
-192
-88
116
97
-167
-344
-317
-180
-106
-95
-197
-304
-282
-186
-91
-65
-81
-74
-28
-69
-106
-115
-25
158
222
153
12
-87
-73
83
194
97
-124
-284
-267
-162
-122
-113
-199
-324
-328
-282
-146
-58
-41
-81
-187
-273
-175
-11
62
69
85
108
32
38
127
249
248
260
242
135
94
126
170
274
349
184
-17
-70
69
173
188
105
-31
-143
-181
-81
70
35
-183
-291
-231
-73
-12
-46
-105
-129
-101
-35
10
-7
38
73
75
27
-44
-72
47
182
221
132
-37
-118
-63
105
184
89
-105
-189
-215
-127
-34
-8
-118
-277
-269
-177
-113
-69
23
2
-57
-61
15
123
151
189
223
243
208
229
255
308
346
377
391
296
205
179
264
337
381
221
66
78
76
109
141
72
-125
-246
-207
-45
-12
-145
-292
-354
-285
-155
-74
-171
-329
-365
-279
-223
-212
-179
-115
-98
-148
-171
-192
-214
-135
-36
57
-29
-202
-358
-256
-81
-15
-80
-185
-251
-314
-311
-176
-135
-295
-429
-400
-289
-256
-208
-165
-173
-224
-179
-33
53
33
113
183
188
183
207
226
271
325
389
423
370
326
316
381
486
484
370
313
308
308
296
339
306
158
91
161
261
198
43
-43
-29
38
99
148
34
-70
-55
-15
-1
-9
16
23
8
-6
-8
-67
-72
15
88
108
-18
-101
-131
-92
-6
-11
-91
-160
-244
-259
-200
-165
-252
-401
-401
-311
-247
-212
-153
-151
-233
-273
-152
-14
-40
-61
62
98
-3
6
96
161
142
168
274
283
217
175
206
244
251
190
67
79
93
149
136
145
32
-126
-118
-31
72
17
-120
-213
-197
-110
32
68
-35
-128
-162
-138
-109
-43
41
53
23
-4
10
11
7
100
168
88
-29
-117
-76
11
59
55
6
-116
-231
-139
-37
-33
-181
-297
-301
-258
-210
-163
-31
-46
-140
-163
-37
41
-10
16
128
151
19
7
82
136
127
190
290
239
112
41
152
284
283
127
20
-29
-41
-9
19
3
-120
-248
-210
-87
-57
-84
-159
-219
-224
-155
-98
-140
-145
-151
-153
-176
-195
-111
-51
-40
-17
-39
-82
-136
-42
154
224
139
4
-71
-34
61
126
165
103
-38
-116
3
146
167
16
-7
39
14
33
105
174
161
124
188
321
277
221
285
350
296
258
265
298
310
312
403
411
294
195
203
241
327
324
210
134
50
45
87
143
103
-85
-214
-218
-144
-126
-193
-273
-311
-309
-276
-215
-227
-260
-240
-223
-263
-274
-250
-251
-241
-216
-244
-382
-442
-407
-290
-198
-254
-327
-371
-373
-320
-212
-172
-215
-296
-290
-133
-20
-53
-190
-149
-115
-118
-1
106
108
61
34
133
191
91
82
176
194
181
233
263
217
196
262
353
384
310
195
218
289
334
322
282
205
126
110
160
274
239
108
-2
-2
49
87
54
-35
-82
-47
60
65
22
-17
-40
-69
-84
-49
-43
-103
-104
-106
-101
-139
-222
-190
-103
-66
-116
-171
-232
-247
-237
-165
-116
-151
-228
-219
-151
-59
-72
-107
-84
-76
-88
-69
31
37
-31
19
159
165
78
74
104
56
36
143
239
187
154
198
303
318
287
234
214
250
257
244
208
185
132
95
112
159
125
23
-31
-7
38
39
2
-82
-147
-137
-97
-74
-70
-40
-65
-107
-153
-106
-108
-109
-84
-71
-128
-222
-241
-151
-88
-91
-87
-117
-159
-189
-119
-42
-23
-79
-103
-158
-167
-144
-179
-164
-98
-129
-52
-2
-38
-77
-102
-43
-30
10
-1
25
105
55
-1
78
77
-30
2
109
132
106
44
27
46
91
98
83
96
93
66
45
77
100
83
33
54
56
67
98
71
50
63
51
54
65
104
147
110
67
14
39
29
43
99
105
27
-47
-53
-6
49
49
41
39
11
-74
-65
-22
-41
-61
-38
-8
-30
-90
-83
-36
-62
-68
-64
-36
-40
-85
-87
-48
-32
-112
-149
-146
-124
-135
-178
-122
-95
-148
-138
-49
-7
-58
-96
-119
-79
-18
-17
-36
-54
-73
-130
-89
-23
19
22
-12
-13
31
57
75
82
75
59
48
44
42
122
210
197
150
143
157
133
166
191
196
144
55
79
144
168
108
97
116
131
113
124
101
53
68
92
104
43
-3
43
26
28
17
65
42
-40
-23
-25
27
31
-31
-30
-14
-34
-79
-83
-90
-119
-94
-68
-39
-21
-94
-127
-109
-140
-125
-115
-135
-138
-180
-192
-163
-148
-103
-81
-99
-113
-91
-78
-37
-23
-53
-8
-30
-86
-28
37
83
23
3
21
11
6
41
62
13
-10
3
34
75
72
63
50
118
122
73
88
107
64
45
167
201
133
61
101
125
62
76
150
125
29
16
101
148
85
-49
-60
9
-12
-69
-34
-53
-159
-183
-139
-74
-87
-141
-150
-94
-94
-110
-121
-119
-124
-141
-144
-118
-118
-159
-103
-81
-68
-123
-120
-84
-79
-91
-68
-39
-132
-85
-79
-85
-71
-90
-80
-123
-118
-99
-114
-179
-127
-94
-97
-64
-56
-73
-67
-45
-18
34
63
74
42
64
125
153
172
216
217
168
164
219
278
281
233
246
266
299
268
209
236
239
240
217
231
193
136
141
172
199
182
113
75
89
91
112
114
116
108
100
133
103
91
76
55
88
44
-24
-22
1
10
0
23
24
-22
-23
-5
-61
-135
-152
-136
-169
-167
-162
-199
-268
-289
-275
-283
-280
-277
-269
-292
-281
-306
-296
-232
-196
-174
-132
-123
-142
-95
-38
-42
-77
-73
-3
22
-45
-80
-35
-6
40
40
40
61
75
77
125
98
66
2
19
68
75
21
-33
-6
-6
79
83
62
66
52
37
69
150
117
87
99
120
97
62
52
70
38
36
78
29
29
60
73
50
18
6
-39
-54
-42
-43
-54
-102
-153
-145
-119
-118
-95
-58
-58
-117
-125
-137
-103
-79
-85
-65
-72
-63
-7
21
-2
10
36
56
59
40
44
45
83
130
74
24
29
89
79
60
24
-28
-59
-19
29
54
54
3
-16
29
103
101
107
73
25
-3
11
53
40
42
56
93
80
67
70
88
108
117
161
147
120
117
147
104
72
71
46
20
-18
-25
-17
-46
-93
-118
-105
-70
-50
-44
-52
-82
-148
-152
-119
-99
-74
-47
-51
-65
-3
9
-16
-4
63
75
14
-12
-28
-6
37
29
-20
-63
-90
-65
-43
-28
-47
-143
-105
-109
-66
-32
-69
-112
-131
-140
-119
-94
-115
-114
-125
-108
-77
-51
-13
45
41
62
77
54
41
52
124
158
155
100
112
94
109
65
44
101
80
54
45
87
32
10
23
15
19
22
40
26
41
3
33
51
49
55
60
29
31
92
96
111
67
62
123
155
73
48
47
34
-5
-27
-38
-84
-153
-108
-62
-58
-57
-132
-127
-153
-156
-141
-159
-216
-222
-210
-215
-194
-195
-183
-138
-133
-161
-108
-83
-37
-3
24
42
-1
18
29
79
149
109
71
94
108
73
63
109
146
131
87
116
114
111
58
79
136
106
56
92
133
58
67
116
112
125
121
114
74
114
158
115
97
64
64
86
67
48
-10
14
30
-7
-12
-59
-89
-134
-107
-63
-73
-128
-160
-163
-138
-109
-137
-189
-225
-207
-190
-133
-136
-145
-163
-152
-84
-66
-52
-21
3
16
17
40
3
-19
-24
-5
44
30
10
56
55
36
60
70
69
21
13
13
47
42
7
17
45
45
52
36
20
-1
-15
33
48
63
77
37
33
36
95
108
72
69
121
151
85
59
73
86
71
47
83
53
3
-3
71
71
48
4
-64
-42
-77
-61
-60
-67
-137
-143
-94
-80
-113
-124
-112
-100
-33
-59
-104
-127
-111
-135
-100
-53
-97
-128
-112
-54
-27
-57
-55
-25
-27
-29
-2
35
4
-75
-75
-44
-4
-14
-41
-30
-18
-15
20
80
81
14
130
381
-133
-155
18
-77
-22
-20
151
176
137
181
-9
295
38
-333
175
27
181
443
138
15
-18
113
48
133
172
-24
57
15
-6
218
81
4
-68
821
385
-109
32
-246
34
-114
140
73
-5
278
-267
195
249
-489
-33
39
-308
355
519
-40
-277
81
226
-67
-393
365
-262
-38
-254
-110
658
-517
-84
-644
-738
-194
-1210
392
-157
-265
461
-684
205
-616
-224
-146
-1073
760
570
921
158
-1076
-332
-1090
-534
-169
-239
584
-426
-162
280
-258
120
-449
-249
373
233
1149
649
156
380
-349
44
-171
-315
464
129
406
151
127
397
-199
483
324
170
447
170
560
655
423
482
116
145
-91
25
317
-269
138
174
7
321
-273
-24
-408
-323
-151
-160
3
-111
-143
165
-266
-175
-147
-681
-299
-336
-70
118
-8
-297
-379
-192
-408
-367
-41
-120
-267
29
9
31
9
-227
-173
-115
-54
-32
-10
15
-253
-256
210
-163
-152
178
-94
-39
80
90
95
-10
23
76
489
358
-40
254
-27
-294
102
134
288
363
299
293
402
175
0
223
244
123
348
446
122
196
244
58
77
-222
-252
79
73
166
271
132
-77
-293
-101
45
-103
-12
52
100
102
70
104
-236
-327
-201
-28
41
45
219
12
-23
-84
-90
-96
-399
-264
-13
104
83
-85
-198
-376
-411
-311
-264
-199
-192
-65
76
-22
-232
-366
-478
-409
-33
-64
263
137
-86
143
-59
-71
-135
-79
53
82
476
251
33
65
-344
-162
21
-140
107
228
158
272
317
228
19
-214
-1
-11
24
256
138
177
118
-119
-19
-128
-337
17
179
223
266
228
100
29
17
-28
41
126
47
212
274
120
50
-34
-135
-261
-114
-23
-59
48
32
70
7
-141
-164
-205
-231
-201
17
74
-11
-54
-72
-59
-123
-186
-211
-67
-16
103
227
130
-16
-63
-69
-89
-60
31
112
106
139
93
87
-32
-129
-108
-3
76
69
159
37
-103
-138
-131
-237
-127
-18
-13
98
106
54
46
6
-17
73
122
100
68
52
57
43
19
29
35
-1
14
85
178
115
106
102
64
-25
-20
36
33
71
79
111
26
-83
-98
-90
-89
-61
39
28
-65
-42
78
2
-137
-120
-64
21
15
91
160
72
-10
32
88
-46
-16
85
78
70
28
38
33
-111
-60
-63
-13
-7
-52
2
16
-28
-79
-68
-152
-147
-16
6
8
21
0
-52
-86
-77
-24
5
-70
-75
-5
-53
-55
-73
-53
-23
-73
-35
71
-7
-14
-12
-86
-79
-123
-63
-69
-61
-31
16
1
-107
-141
-99
-67
-119
-44
-14
18
-14
16
63
-74
-45
1
43
162
119
198
156
94
93
119
102
-36
20
116
105
63
100
116
-4
-39
-11
45
-1
-27
48
86
121
-19
59
19
-64
-34
5
60
-5
-49
7
-63
-104
-91
-46
-84
-172
16
60
36
28
19
1
-132
18
150
60
102
150
-2
15
-142
-218
-37
69
10
61
378
42
-192
-95
-195
-186
-30
59
130
380
293
54
70
-77
-301
-131
91
59
158
367
183
13
-8
-216
-276
-90
36
153
391
291
147
67
-173
-225
-234
-29
39
56
244
122
-43
-124
-224
-269
-175
-46
21
120
49
-89
-56
-206
-274
-151
-74
0
58
139
152
-1
-75
-164
-169
-116
-43
57
68
63
19
7
-41
-141
-125
-61
11
65
76
59
-22
-95
-89
-145
-143
-68
7
123
88
96
29
-22
-109
-94
20
42
47
86
50
78
23
-54
34
-214
224
-135
194
126
62
15
-83
37
-148
-74
23
-7
42
230
-82
9
-15
-133
-67
-10
-3
-11
91
3
84
0
107
-44
-15
48
4
74
139
108
-21
84
-89
-23
24
-1
105
44
53
104
-15
39
-38
-11
-42
91
-27
48
24
-10
18
-45
-69
-48
-41
-36
7
16
-3
15
-93
-19
-109
-29
-65
-39
32
26
71
51
0
11
-8
6
39
55
-12
-27
-18
-19
-76
-76
-57
-7
11
72
41
42
26
17
-19
20
50
24
82
40
64
60
28
-10
-35
41
4
77
57
111
73
31
20
-43
19
-29
34
42
85
32
43
-36
-52
-53
-28
-18
-43
17
-41
-25
-74
-76
-93
-99
-82
-136
-79
-98
-70
-34
-29
8
-27
-67
-66
-73
-57
-46
-52
-45
-3
-35
-62
-21
-76
-45
-61
-41
-25
12
17
-11
-23
-14
-56
-61
-26
9
50
24
59
19
-23
-13
-58
8
0
44
48
49
66
24
53
50
13
60
102
125
130
143
127
52
13
20
-12
35
52
48
70
21
51
-1
3
-9
16
61
35
1
-5
-10
-30
-27
-19
-55
-81
-68
-9
-22
24
-8
-8
-4
-8
18
-38
26
-16
23
65
-10
11
-7
36
-11
10
41
-18
16
7
-10
16
-53
-15
-28
15
57
29
37
10
-14
-21
17
-6
3
63
29
49
30
22
17
20
38
-34
82
-236
100
161
52
3
9
47
-190
-96
-61
-122
4
-11
-125
195
134
-110
-189
-176
-271
-177
21
45
49
7
47
-68
-74
-125
-179
-137
-49
11
141
263
67
-27
-72
-69
-57
-38
125
143
71
197
143
109
-22
-79
-76
-10
66
83
104
43
28
-11
-53
-17
-88
-94
2
49
71
76
58
6
-69
-36
29
23
6
49
42
76
34
-5
-30
-72
-74
-27
12
29
-26
-4
-17
-37
-80
-45
-52
-79
-48
11
-27
-41
-90
-76
-109
-144
-72
-68
-54
-35
-10
21
-30
-24
-24
-23
10
30
54
31
27
-2
21
-3
-10
30
33
75
88
102
79
61
17
19
18
40
14
40
69
46
44
47
44
-35
6
26
26
63
66
39
26
25
21
63
44
45
53
63
64
40
26
40
-12
10
26
20
7
23
2
-24
-22
-36
-26
-47
-35
1
-24
-16
-13
-55
-23
-49
-41
-38
-31
-46
-52
-9
-24
-49
-57
-17
-52
-54
-49
-2
-18
18
31
54
26
-12
3
-33
5
-3
-15
-1
-2
-12
11
5
-32
-37
-27
-33
-12
-2
25
-13
-1
-25
-17
-2
-20
-14
-20
16
-4
6
2
-19
14
-1
18
13
33
1
7
1
25
29
15
-4
-24
17
-9
3
-2
-20
-34
-32
-25
-11
-13
-26
9
7
-17
-18
2
-37
-5
16
38
5
14
34
-2
57
5
30
-7
-14
5
-2
16
14
-6
-1
21
22
37
37
42
-5
28
17
18
-5
5
3
-13
-18
-33
-47
-62
-29
-50
-14
-19
-14
-23
-10
4
-31
-34
-18
-22
-36
-3
3
-24
6
-7
-10
-22
3
2
-1
7
4
16
19
26
5
-13
-15
-2
-16
15
20
27
23
19
17
7
5
24
28
33
41
46
47
44
28
33
45
34
42
32
39
48
31
31
32
16
14
25
52
39
23
30
10
14
-36
-1
-9
1
-13
-4
-2
-38
-14
7
-15
-20
10
8
-19
-17
-32
-17
-24
-24
-11
-26
10
6
-3
-7
-11
-24
-14
6
-6
-14
-19
-12
-33
-32
-25
-18
-27
-20
-4
-14
-9
-38
-23
-42
-43
-53
-26
-21
-28
-30
-53
-34
-77
-58
-38
3
-10
1
6
-4
15
-9
15
15
4
13
21
17
7
11
13
-7
16
0
18
11
21
2
14
-6
5
-26
-20
-7
-20
9
-7
30
-16
-9
-31
-2
-14
-2
21
12
31
4
21
8
14
16
-3
13
31
17
32
19
23
24
16
22
17
8
32
9
16
18
13
25
21
47
24
44
13
1
19
26
5
6
34
11
25
33
33
22
21
16
21
29
53
56
37
47
12
-1
1
-19
-36
-12
-26
-22
-11
-34
-13
-43
-50
-36
-23
-17
-29
-12
-25
-33
-57
-41
-52
-47
-46
-37
-20
-30
-35
-52
-52
-40
-24
-7
2
-20
-9
-12
-2
-10
9
-3
0
-35
-23
-5
-22
-27
-24
-20
-29
12
-12
1
20
6
1
10
20
4
18
24
21
19
13
20
-1
5
2
10
8
39
30
38
45
34
33
36
40
31
25
37
20
39
27
-10
4
-21
-12
-8
33
22
3
0
4
-20
-17
7
10
7
25
19
13
5
-2
-5
-7
-1
-16
-1
-10
1
-15
-14
-16
-35
-22
-10
-1
4
-5
-4
-8
-2
-9
-16
-3
-3
7
-12
3
-31
-26
-21
-21
-13
-15
12
-1
16
14
15
9
6
-5
1
15
2
10
18
13
-3
11
8
4
-7
-1
1
-11
11
-7
-10
-24
-22
-35
-17
-24
-31
-14
-30
-1
-7
-2
-1
-11
-18
-16
-12
-18
2
6
9
4
13
1
-8
5
8
13
18
13
4
12
12
-5
15
16
8
15
22
25
16
13
11
23
5
15
12
23
14
19
26
14
19
2
15
7
14
15
18
18
15
17
7
7
-2
8
1
2
3
14
8
-14
-17
-13
-11
-12
-14
-2
-15
-12
-26
-9
-9
-21
-10
-11
-4
0
-7
-10
-1
-23
-13
-20
-13
-8
-13
-1
0
5
0
-7
-4
-4
-7
-7
-10
-18
-12
-19
-22
-6
-14
-26
-26
-17
-22
-10
-13
-10
-13
-5
-12
-8
-12
-10
-7
-8
1
-5
-2
1
5
-8
20
5
8
3
10
8
-4
3
7
16
12
10
8
0
-1
-1
15
11
23
26
11
10
5
-12
-13
-24
-13
-6
0
3
5
0
2
-8
-9
10
17
19
29
32
25
17
5
10
4
16
25
15
14
21
3
5
12
12
16
12
4
10
6
15
17
21
22
6
13
12
10
6
1
4
7
4
15
13
2
0
0
-8
-18
-11
-1
6
0
-11
-5
-15
-18
-20
-22
-13
-24
-8
-3
-20
-18
-24
-27
-25
-16
-14
-21
-19
-26
-29
-23
-17
-27
-29
-24
-20
-16
-10
-8
-13
-4
-9
-3
-5
-10
-8
0
1
13
12
6
13
15
18
12
15
13
16
6
11
8
-7
10
2
7
14
11
14
13
12
8
5
0
13
11
11
20
15
7
3
16
8
12
17
10
1
17
-3
5
6
-1
6
-1
1
-1
11
-2
-4
-6
0
-4
3
4
-3
1
-4
-6
-10
-15
-14
-16
-16
-17
-15
-15
-13
-11
-10
-11
-20
-16
-26
-16
-11
-3
-6
-13
-7
-7
-5
-1
1
-6
-11
-11
-19
-13
-13
-5
2
-8
-3
-9
5
0
7
-2
-1
8
9
6
22
28
25
37
30
24
30
25
22
16
17
19
20
17
26
19
26
25
26
20
16
15
0
6
-2
8
-8
-1
-6
-15
-8
-10
-5
-12
-9
-6
-4
-8
6
0
6
2
-6
-4
-4
-3
-13
-8
-11
-14
-9
-7
-10
-2
-2
-3
-4
-7
-8
-8
-12
-12
-3
-15
-14
-28
-16
-18
-21
-13
-13
-12
-9
-14
-16
-15
-14
-8
-5
1
0
1
-7
-3
2
0
5
7
8
11
6
4
1
-4
-4
4
11
9
18
23
28
13
9
11
9
8
13
19
19
18
14
16
7
0
1
-4
3
1
2
6
-4
1
1
-4
-2
-12
-11
-19
-19
-16
-16
-10
-13
-20
-14
-7
-11
-15
-18
-20
-20
-17
-17
-8
-11
-11
-15
-5
-8
-3
5
5
4
3
6
1
1
0
3
9
16
19
14
15
17
14
8
16
12
9
14
15
14
11
19
3
6
15
10
13
10
13
6
0
4
6
3
13
10
10
6
7
13
9
20
6
7
1
1
1
10
5
2
-2
-10
-10
-8
0
-3
1
-1
-3
-11
-5
-12
-17
-14
-16
-24
-20
-19
-28
-26
-21
-13
-15
-10
-8
-11
-8
-6
-11
-11
-7
-8
-6
8
7
5
9
8
7
8
12
14
9
13
11
6
-1
4
4
7
9
15
13
11
10
2
-2
-8
1
-4
0
3
3
8
8
-2
-1
-11
-9
-11
-6
-4
-4
5
0
-5
-6
-5
-8
-10
-12
-6
-13
-9
-10
-8
-21
-19
-19
-17
-12
-7
-2
-5
-1
-8
-4
-9
0
-1
6
7
6
10
5
1
3
0
-2
4
5
11
14
12
9
9
2
3
8
8
13
4
8
11
6
1
2
0
-1
0
2
0
-8
-5
-7
-6
-7
-4
-1
3
3
8
6
6
4
1
1
3
11
7
9
10
6
1
-1
0
2
4
9
10
11
13
10
6
4
6
7
8
4
10
9
2
0
-1
-3
-3
-2
4
6
8
10
7
13
9
4
4
7
2
8
9
8
4
2
-6
-7
-2
0
6
5
4
1
-6
-11
-7
-15
-10
-8
-4
-8
-8
-10
-18
-21
-17
-17
-25
-14
-19
-18
-22
-18
-20
-19
-16
-16
-10
-15
-10
-10
-14
-14
-11
-18
-13
-12
-10
-11
-4
-2
-4
-3
-1
-5
-2
-2
-1
5
11
14
12
11
9
14
10
15
20
22
17
19
19
12
12
16
16
17
23
20
23
30
22
24
18
14
16
13
8
14
12
6
8
2
-2
-5
-6
-4
3
0
1
0
-5
-8
-11
-15
-15
-12
-8
-7
-6
-7
-10
-11
-13
-10
-15
-15
-13
-12
-14
-11
-10
-12
-11
-13
-8
-6
-12
-12
-9
-11
-14
-17
-15
-18
-15
-10
-8
-4
-2
-5
-7
-9
-4
-5
-4
-3
-2
4
5
6
10
10
10
5
10
11
13
17
14
15
12
9
13
10
15
15
9
13
6
8
7
8
11
4
6
8
7
9
8
11
10
5
8
7
4
7
8
10
7
7
8
2
6
2
4
-1
1
0
-2
0
-2
-4
-7
-10
-14
-11
-8
-2
-2
-1
-4
-8
-4
-4
-5
-6
-7
-5
-3
-4
-3
-3
-6
-9
-4
-6
-7
-11
-7
-11
-13
-9
-9
-8
-11
-1
-3
-2
0
1
2
-1
6
1
5
1
1
3
-3
1
2
5
6
6
8
5
2
3
-1
-1
0
2
6
6
7
8
4
5
4
4
3
3
3
7
5
4
7
4
-3
-5
-5
-5
-1
-1
0
0
-3
-7
-4
-4
-2
-5
-4
2
-1
-1
-2
-1
-1
-1
1
1
-4
-5
-4
-3
-1
-3
-3
-2
-6
-8
-6
-9
-12
-11
-10
-8
-7
-4
-5
-7
-8
-8
-3
-7
-2
-2
-1
2
1
3
5
0
4
9
9
14
9
11
8
6
8
8
10
7
11
9
6
7
6
1
5
6
2
4
1
0
1
0
0
-3
-6
-7
-9
-4
-3
-1
2
3
2
2
1
1
3
-1
3
0
2
1
-1
2
0
2
2
4
4
3
4
5
0
1
4
4
4
6
6
3
3
3
2
2
3
2
1
0
2
-2
4
2
3
8
5
4
7
5
1
-2
3
-1
-3
-1
0
-4
-9
-7
-11
-9
-6
-5
-6
-7
-6
-8
-7
-13
-7
-9
-11
-6
-9
-12
-13
-15
-19
-14
-12
-12
-8
-9
-5
-7
-5
-10
-5
-6
-13
-8
-5
-2
-6
-2
-3
-7
-9
-8
-4
-1
-3
-2
2
3
4
7
8
9
9
10
13
8
11
9
11
12
15
16
16
16
17
16
16
16
14
15
10
10
5
11
11
9
7
5
3
-1
1
-1
1
2
-2
-3
-3
-3
-7
-6
-7
-7
-2
-3
-4
-6
-4
-6
-2
0
1
-1
0
-3
0
2
3
4
4
6
4
5
4
5
7
7
9
8
6
5
0
0
-3
-8
-6
-6
-6
-2
1
-2
-4
-8
-9
-8
-9
-5
-8
-8
-3
-4
-6
-3
-5
-9
-7
-4
-2
-3
0
0
-3
-1
-3
-2
-2
-1
-2
-1
0
-3
-5
-7
-5
-1
-2
2
6
2
3
2
-2
-5
-5
-6
-5
-3
2
3
1
1
-2
-4
-5
1
3
2
3
3
0
4
2
-1
-2
-3
-4
1
-1
6
5
1
1
0
1
-1
-1
-2
-2
-2
1
1
7
7
4
7
5
6
8
5
5
4
4
4
4
3
5
7
3
4
-2
0
-4
-8
-7
-6
-4
-4
-3
-1
-4
-2
0
-3
1
2
0
1
2
2
0
1
4
3
3
3
3
5
2
4
6
5
7
6
1
3
4
3
5
6
4
6
6
4
4
1
-3
-2
-2
-2
-8
-5
-5
-6
-2
-3
-2
-5
-4
-3
-6
-5
-5
-8
-9
-8
-6
-5
-5
-3
-3
-1
0
-1
-2
3
-3
-6
-5
-5
-6
-4
-2
0
-1
-2
0
-2
-3
-4
0
-3
-2
2
-1
1
0
-1
-2
-3
-2
-2
1
2
3
3
4
4
0
3
3
0
2
4
7
5
5
8
3
1
3
-1
-1
0
-1
-1
-2
0
-1
-2
1
-1
-1
2
0
1
5
5
3
4
3
3
0
-1
-3
0
0
0
-1
-3
-6
-6
-4
-1
-2
1
-2
-2
-1
-2
-2
-2
0
-2
-3
0
0
-1
3
5
4
5
6
4
3
4
5
7
7
9
8
7
5
8
7
5
7
6
2
2
5
3
-2
2
0
-1
2
1
-1
0
-2
-4
-1
1
1
0
1
-3
-2
0
0
-2
-4
-3
-3
-3
0
0
-2
-1
-2
-3
-1
1
2
2
2
0
-1
-2
-1
0
1
0
1
0
-1
0
1
-1
-1
1
2
0
1
-1
-3
-5
-5
-6
-7
-5
-4
-3
-3
-2
-8
-7
-8
-6
-6
-4
-4
-6
-4
-7
-10
-8
-10
-8
-7
-5
-2
-2
1
0
1
0
-2
-2
-1
-2
-1
-2
-2
-2
-3
0
1
1
1
3
2
1
3
2
3
4
4
6
5
5
8
8
4
3
2
4
0
2
3
2
1
1
-1
-1
-2
-2
-2
1
0
3
2
-1
-2
3
-1
0
1
-2
-1
-4
-1
-3
-2
-1
-5
-3
1
-1
1
1
-2
-1
0
0
0
1
0
2
-1
1
2
6
7
10
8
10
8
5
4
6
7
6
8
5
6
9
10
8
9
6
4
1
1
3
1
2
2
1
3
4
1
1
-1
-2
-2
-1
0
1
-1
0
-1
-2
-1
1
-1
0
-5
-6
-5
-5
-6
-4
-2
-3
-4
-3
-2
-2
-3
0
0
-2
0
-2
-3
-3
-5
-4
-2
-3
-4
-4
-4
-5
-5
-2
-2
-1
-1
-2
-1
-2
-5
-5
-4
-6
-6
-4
-2
-3
-3
-1
-3
-4
-3
-4
-4
-2
-4
-6
-5
-7
-6
-6
-8
-8
-6
-6
-2
-1
0
0
1
0
-3
-1
-5
-2
-2
-1
2
2
0
1
4
4
6
5
6
5
6
6
8
7
9
11
7
6
7
6
8
11
12
9
11
12
9
6
5
5
4
2
2
6
4
5
6
6
6
3
2
3
1
-1
1
-2
-1
-3
-5
-7
-9
-10
-10
-9
-7
-5
-6
-8
-5
-8
-8
-6
-6
-9
-9
-7
-7
-9
-6
-8
-10
-8
-5
-7
-7
-3
-6
-5
-4
-3
-3
-4
-4
-4
-3
-1
-1
-1
3
3
4
5
4
5
7
7
7
6
4
3
3
2
4
2
3
4
5
6
6
7
7
4
4
4
4
5
3
5
5
7
4
3
5
6
6
5
5
8
5
5
7
5
5
5
3
3
3
3
4
3
1
0
0
-4
-2
1
0
1
0
-2
-1
0
2
1
2
-1
1
2
4
3
3
3
-1
-1
-1
-1
-2
-1
-1
-3
-3
-4
-5
-1
-2
-2
-2
-4
-4
-3
-6
-3
-5
-8
-7
-9
-7
-8
-8
-9
-9
-9
-8
-8
-9
-10
-13
-13
-15
-13
-11
-11
-10
-11
-9
-11
-12
-10
-8
-7
-9
-9
-7
-7
-7
-5
-2
-3
-1
-1
0
0
0
1
4
5
6
7
7
7
6
9
9
8
9
7
7
8
8
7
7
6
7
8
8
10
11
9
10
12
11
9
10
12
9
10
10
10
10
12
10
11
10
11
9
9
8
7
4
5
5
3
2
0
0
2
1
0
-1
-1
-3
-3
-3
-3
-5
-4
-6
-8
-5
-6
-6
-4
-3
-5
-3
-4
-5
-5
-1
-1
-2
-4
-5
-4
-5
-3
-6
-4
-1
-2
-1
0
-1
0
-1
-1
0
3
1
2
0
-3
-1
-2
-1
-1
-1
0
-1
-2
0
-1
1
-1
-1
1
1
0
0
-1
-1
-1
-3
-2
-3
-2
-2
-3
-5
-2
-5
-4
-5
-8
-7
-7
-8
-5
-3
-3
-3
-2
-2
-2
1
-4
-4
-2
-4
-5
-3
-4
-5
-5
-2
-5
-3
-3
-3
-3
-2
-4
-1
-2
-3
-3
-3
-3
-2
-1
-2
0
1
1
1
3
4
5
6
6
5
4
6
5
6
6
5
4
3
2
3
2
2
2
3
4
5
6
7
6
4
4
4
3
2
2
2
2
2
4
5
5
7
8
10
8
7
5
5
5
3
6
7
5
5
5
5
6
4
2
2
0
-1
1
4
3
3
2
2
3
4
3
3
1
3
2
0
1
2
-1
-3
-1
-1
-5
-2
-1
-2
-2
-3
-3
-1
-5
-5
-4
-7
-6
-7
-6
-6
-6
-7
-9
-6
-8
-7
-7
-7
-7
-9
-7
-10
-8
-7
-5
-4
-3
-5
-4
-8
-10
-7
-7
-8
-7
-8
-9
-9
-8
-8
-7
-8
-7
-7
-7
-8
-6
-7
-7
-4
-5
-4
-4
-2
-1
-1
0
-1
3
3
4
5
5
4
4
4
4
5
8
8
9
10
11
10
10
9
9
10
11
9
10
11
10
9
11
11
11
12
10
10
10
9
9
10
8
8
4
5
6
4
5
3
4
4
1
2
3
0
1
-1
0
0
-1
-2
-2
-2
-4
-3
-5
-7
-6
-7
-6
-7
-7
-7
-8
-7
-8
-7
-7
-7
-5
-4
-2
-1
2
-2
-5
-4
-4
-4
-3
-4
-2
-1
-3
0
1
1
1
1
-2
0
1
-2
-1
0
-3
-2
-1
-2
-1
1
1
0
3
1
0
0
0
0
-1
0
-1
0
-1
-3
-4
-3
-4
-4
-3
-4
-4
-4
-4
-2
-2
-2
0
-1
1
1
1
4
4
5
4
4
3
1
2
3
2
2
1
1
3
2
2
1
1
3
1
2
3
3
5
5
7
7
6
4
3
1
0
-1
-1
0
1
2
2
2
2
1
0
-2
0
-1
-2
-3
-1
-2
-1
-2
-5
-3
-6
-5
-7
-7
-7
-7
-7
-7
-7
-9
-6
-7
-4
-3
-3
-2
-1
-1
-3
-3
-2
-3
-2
-3
-4
-1
-1
-1
1
1
1
2
2
2
1
2
1
1
-2
0
1
1
1
1
2
3
1
4
4
2
2
1
-1
-2
1
2
4
4
2
4
6
5
6
7
5
3
5
3
5
7
7
7
5
4
3
3
6
3
3
3
7
5
7
9
9
7
7
6
7
6
5
5
3
1
-1
2
1
1
0
-3
-3
-2
-3
-3
-3
-5
-5
-3
-5
-5
-7
-6
-5
-4
-5
-5
-6
-8
-9
-8
-6
-9
-8
-6
-6
-5
-4
-3
-1
-1
-1
0
1
-1
0
0
-1
-1
3
4
0
-1
-2
0
3
2
2
3
2
1
2
3
3
1
2
2
-2
1
-2
-1
-1
1
-1
0
1
-1
-2
0
0
0
0
-2
-1
-2
-1
-1
-2
0
1
1
0
1
2
1
1
3
1
2
1
0
-2
-1
-4
-5
-3
-4
-4
-3
-4
-5
-7
-8
-8
-9
-10
-8
-9
-9
-7
-7
-6
-6
-5
-7
-6
-3
-1
-2
1
-2
-1
1
1
2
3
4
3
4
4
6
7
8
8
8
9
9
9
9
8
8
8
10
10
11
10
9
8
7
8
9
10
10
7
6
5
5
3
3
4
4
0
2
1
0
1
-1
1
0
0
-2
-2
-2
-4
-5
-6
-6
-7
-5
-5
-6
-3
-4
-7
-4
-3
-4
-2
-4
-2
-1
-5
-1
-2
1
1
3
3
2
2
2
2
-1
1
-1
-1
3
3
4
3
1
3
3
3
3
4
2
3
2
0
-1
-2
-2
-1
0
-1
-2
-2
-2
-1
-3
-5
-7
-6
-6
-7
-5
-5
-4
-3
-5
-5
-3
-5
-6
-4
-6
-6
-9
-7
-9
-5
-5
-4
-2
-4
-3
-4
-2
-6
-3
-3
-6
-4
-4
-4
-6
-4
-3
-3
0
2
2
4
4
4
3
3
3
4
2
4
7
7
6
7
9
10
8
9
9
8
6
6
5
6
7
5
7
7
7
6
9
6
7
9
9
9
7
6
5
7
6
5
5
6
3
3
6
5
4
5
3
2
1
2
3
1
1
1
1
-1
-1
-1
0
-3
-1
-4
-5
-3
-5
-8
-8
-7
-7
-8
-9
-9
-9
-8
-8
-7
-6
-6
-6
-6
-8
-6
-5
-8
-5
-3
-2
-2
-1
-3
-2
-4
-4
-3
-5
-3
-3
-5
-4
-4
-5
-4
-6
-5
-3
-1
-1
1
0
0
0
-2
0
-1
0
1
0
0
2
0
0
1
1
2
2
3
3
1
1
0
0
0
0
0
-1
-1
1
1
0
3
4
3
2
2
2
1
2
4
3
4
7
8
6
7
6
5
7
5
4
4
2
3
1
0
1
0
1
0
0
1
0
1
1
2
-2
-2
-2
-3
-4
-1
-1
-4
-3
-3
-3
-3
-4
-5
-4
-4
-4
-6
-5
-3
-5
-5
-3
-1
-1
0
1
0
-1
0
-2
0
-1
-2
-1
-3
-3
-1
-1
2
4
4
5
5
4
5
5
4
5
4
6
6
5
5
4
5
5
6
6
5
5
4
4
4
6
6
5
4
6
4
6
6
6
5
3
2
1
0
-2
-2
-2
-1
0
0
-1
1
-2
-2
-3
-4
-3
-2
-3
-4
-4
-5
-3
-5
-5
-5
-4
-6
-7
-7
-8
-9
-7
-9
-8
-5
-9
-9
-8
-8
-7
-6
-5
-3
-4
-5
-3
-3
-3
-2
-2
-1
0
-1
1
1
1
0
-1
0
0
-1
1
-1
0
1
1
-1
1
0
-1
0
0
-1
0
1
-1
1
1
3
0
-1
0
0
0
0
-1
-3
-3
-3
-5
0
-1
0
1
1
2
0
0
1
0
1
1
1
1
3
5
4
6
7
7
7
8
7
10
11
10
11
14
11
13
12
11
10
10
10
10
9
9
8
6
6
6
6
4
4
3
2
2
-1
2
0
-1
-3
-1
-3
-6
-4
-6
-7
-6
-8
-6
-5
-5
-5
-6
-8
-7
-7
-10
-10
-11
-10
-12
-11
-10
-7
-8
-7
-7
-6
-4
-5
-3
-3
-3
-2
-1
-2
-1
-3
-2
-1
0
-2
-1
-2
-2
-3
-2
-2
-2
-1
-1
-2
-1
0
0
0
0
2
2
2
4
1
2
2
0
0
1
1
1
1
1
3
3
2
2
4
5
1
3
2
2
2
2
2
0
-1
-1
1
0
3
1
1
1
3
2
3
3
1
2
4
3
2
2
2
1
1
4
5
6
6
7
5
4
5
4
4
4
4
5
3
4
4
3
3
4
3
3
3
2
2
1
0
1
2
1
0
2
2
-1
-1
0
-3
-2
-3
-5
-4
-5
-7
-7
-7
-7
-9
-8
-8
-9
-9
-9
-10
-9
-7
-8
-6
-7
-6
-8
-7
-8
-8
-9
-8
-8
-6
-5
-5
-3
-3
-4
-2
0
-1
2
-1
0
2
3
4
5
4
3
2
6
5
7
5
6
7
6
5
6
5
7
5
6
6
7
6
6
6
6
2
1
4
1
2
2
1
2
-2
-1
-1
-1
0
-1
-2
-2
-2
-1
1
0
-1
-2
-2
-3
-4
-5
-3
-3
-2
-3
-2
-2
-1
1
0
0
0
1
0
0
1
1
0
1
1
0
2
3
2
4
4
3
3
4
3
4
5
4
6
4
5
4
5
5
5
5
5
5
4
6
4
2
3
4
2
3
2
1
4
1
1
1
-1
-3
-2
-4
-3
-5
-5
-6
-7
-6
-6
-5
-7
-7
-8
-7
-9
-9
-7
-9
-8
-7
-7
-9
-7
-7
-8
-9
-6
-8
-7
-6
-6
-6
-6
-5
-4
-4
-4
-2
-2
0
1
0
1
1
2
4
3
3
2
3
4
4
5
7
6
6
7
6
8
10
9
9
7
8
7
6
8
6
4
4
3
4
4
6
6
6
4
4
4
3
5
5
4
5
6
6
3
3
3
1
2
4
2
0
3
2
2
3
4
3
2
1
-2
0
-1
-1
-4
-3
-4
-3
-3
-1
-5
-5
-7
-8
-9
-7
-7
-10
-6
-7
-6
-6
-7
-7
-8
-7
-5
-5
-5
-3
-4
-6
-6
-6
-6
-6
-7
-4
-4
-3
-2
-2
-2
-1
-3
-2
-2
-3
-2
-3
-4
-2
-1
-2
-1
0
0
1
1
2
0
0
0
0
0
1
3
4
3
3
4
3
3
4
4
2
2
1
2
0
0
1
-1
0
1
0
1
0
1
1
1
1
1
0
-2
-2
-1
-2
0
-1
0
1
2
4
3
5
6
3
4
6
6
7
8
7
9
9
7
8
7
7
5
5
4
6
6
4
5
4
4
6
7
6
7
6
6
7
6
5
5
4
4
4
4
5
3
3
4
3
1
3
2
0
-2
-1
-2
-4
-2
-2
-3
-2
0
-2
-3
-3
-5
-5
-5
-6
-6
-7
-8
-9
-11
-10
-9
-9
-10
-9
-10
-11
-11
-9
-9
-7
-10
-8
-7
-9
-8
-8
-8
-8
-8
-6
-7
-7
-4
-6
-6
-6
-5
-6
-4
-6
-7
-3
-4
-3
-3
-1
-1
0
2
4
3
5
3
4
5
3
2
3
0
1
2
3
5
3
3
4
3
2
3
2
4
3
2
2
2
0
0
0
2
4
5
5
5
7
6
7
6
5
6
5
7
7
7
9
9
7
10
9
9
9
7
8
7
6
7
7
8
7
8
8
8
7
8
5
5
5
3
4
3
1
1
1
1
1
0
-1
-2
-2
-3
-2
1
0
0
-2
-2
-2
-3
-5
-4
-3
-7
-8
-8
-10
-7
-7
-9
-8
-6
-7
-7
-8
-8
-9
-9
-9
-8
-10
-11
-9
-10
-9
-10
-11
-11
-11
-10
-7
-6
-6
-6
-8
-6
-5
-7
-5
-5
-6
-3
-4
-4
-2
-4
0
1
1
2
3
2
3
6
5
7
6
6
9
8
8
10
9
8
7
9
7
7
9
9
10
8
8
8
7
6
4
6
6
7
7
6
6
6
5
3
3
3
3
4
6
4
4
3
2
4
3
3
2
1
2
0
-1
-1
-1
-1
-2
-3
-3
-2
-3
-3
-3
-6
-8
-8
-8
-7
-7
-6
-5
-7
-5
-6
-5
-5
-4
-6
-3
-5
-5
-3
-3
-2
-3
-3
-4
-4
-2
-2
-2
-3
-1
-1
1
0
0
2
1
2
1
3
2
2
0
2
2
-2
1
0
-1
1
1
1
0
0
0
0
-2
-2
-1
-3
-3
-1
-3
-1
0
-2
-2
-2
-2
-1
-2
0
0
-1
0
0
0
0
-1
-1
2
1
2
2
0
1
3
2
-1
0
-1
2
1
2
3
3
2
1
3
2
0
0
0
0
1
2
2
2
2
3
4
3
4
4
5
4
2
4
4
2
4
5
5
4
6
4
3
4
3
1
2
3
2
3
3
2
3
3
2
3
2
1
0
0
-2
-3
-2
-2
-3
-3
-3
-4
-4
-5
-2
-4
-6
-7
-7
-7
-9
-8
-8
-8
-8
-6
-4
-3
-2
-1
-2
-3
-3
-5
-5
-4
-3
-1
-2
0
-3
-2
1
1
0
-1
0
1
0
0
1
-2
-2
-1
-1
2
2
0
3
2
2
2
2
1
1
-1
0
1
1
1
1
2
2
0
0
1
0
1
-3
0
0
-1
0
1
-1
0
0
2
2
2
3
3
4
3
3
2
3
1
0
1
0
-1
2
2
1
4
3
4
3
5
3
2
4
1
3
3
2
2
3
4
4
5
5
1
3
2
1
0
2
2
1
3
2
1
2
3
2
2
1
-1
0
-1
-2
-1
-2
-3
-2
-3
-3
-4
-3
-1
-2
0
-2
-3
0
-3
-2
-1
-3
-2
-5
-6
-6
-5
-4
-5
-5
-5
-5
-6
-5
-5
-5
-6
-7
-5
-6
-6
-6
-6
-8
-6
-5
-6
-4
-4
-6
-5
-3
-6
-3
-2
-2
-1
1
0
1
1
0
2
0
3
3
3
4
3
2
3
4
6
4
5
5
5
2
5
3
3
3
1
1
2
2
3
6
5
6
5
5
3
4
4
4
4
5
4
5
4
3
5
5
4
3
2
3
1
3
1
2
3
2
4
3
1
1
0
0
1
0
-1
1
1
0
0
0
-2
2
0
0
0
0
-3
-4
-3
-2
-2
-2
-2
-1
-1
-2
0
-1
-1
-2
-2
-1
-2
-2
1
1
1
1
1
0
-1
-1
-2
-1
-1
-1
-3
-2
-1
-1
1
0
0
2
-1
0
0
-2
1
-1
-2
-1
-2
-2
-2
-1
0
-1
-1
-1
-1
0
-2
-1
-1
-3
-2
-1
-4
-4
-2
-2
-1
-1
-1
0
-1
0
0
1
0
1
0
-1
2
1
1
1
1
3
3
2
3
3
0
1
0
1
1
2
1
1
1
0
-2
0
-1
-3
-2
-3
-3
-3
-4
-3
-4
-2
-2
-2
-2
-2
0
-2
-1
-1
-3
-1
-3
-5
-3
-2
-4
-3
-1
-2
-1
0
0
-1
-2
-2
-1
-3
-2
-2
-4
-2
-3
-3
-4
-4
-2
-3
-1
-1
-1
-1
-1
0
0
0
1
1
1
2
-1
0
2
1
3
2
4
5
6
7
8
8
8
6
6
7
6
6
5
4
6
7
6
6
6
6
4
6
6
5
2
3
5
4
4
6
5
6
5
3
4
3
2
2
1
1
0
1
0
2
2
2
3
2
2
2
1
1
2
2
2
-1
0
-2
-2
-2
-3
-3
-2
-2
-3
-2
-1
-3
-2
-1
-3
-3
-4
-4
-3
-3
-3
-5
-4
-4
-6
-5
-5
-5
-5
-7
-7
-6
-6
-7
-5
-6
-6
-7
-8
-7
-9
-7
-6
-7
-5
-6
-6
-6
-5
-6
-6
-5
-4
-6
-6
-5
-5
-6
-6
-4
-4
-1
-1
-1
-1
1
0
-1
-1
0
-1
-1
1
-2
1
-1
1
3
1
1
0
2
2
2
2
2
1
3
3
3
5
4
4
6
5
6
8
7
6
4
4
5
4
2
6
6
5
6
7
8
7
9
10
9
9
10
7
6
8
6
6
7
5
6
7
5
8
7
5
5
6
4
3
4
2
2
3
4
4
4
2
3
4
3
4
3
2
0
2
1
0
0
-1
-2
-2
-2
-2
-4
-4
-3
-3
-2
-3
-4
-5
-6
-7
-8
-8
-7
-7
-8
-7
-8
-9
-8
-9
-8
-10
-9
-8
-8
-10
-9
-10
-10
-7
-7
-7
-6
-6
-7
-6
-6
-6
-8
-7
-5
-7
-7
-6
-7
-6
-7
-7
-6
-7
-5
-2
-2
-2
-1
-1
0
1
0
1
1
1
2
2
2
3
3
4
4
5
4
3
4
5
5
5
5
6
6
5
6
5
7
8
9
10
10
9
10
10
9
9
9
8
10
8
9
8
10
11
10
9
10
9
6
7
5
5
7
5
4
5
3
4
3
3
3
3
1
1
0
0
-1
0
-1
-2
-2
-3
-3
-3
-4
-5
-5
-7
-8
-7
-8
-9
-7
-7
-8
-8
-7
-8
-8
-6
-7
-7
-9
-9
-11
-11
-10
-8
-7
-6
-5
-4
-2
-2
-2
-1
-1
-3
-2
0
0
-1
1
2
2
3
2
2
-1
0
0
0
0
-1
-1
-1
-1
0
-1
-1
-3
-3
-2
-3
-1
-2
-1
-1
-3
-3
0
1
-1
0
1
0
1
1
2
1
2
2
2
1
0
0
2
1
0
-1
1
1
2
3
4
5
6
6
6
5
4
5
5
6
5
6
7
5
6
5
5
7
6
6
5
4
3
3
3
2
2
2
2
2
2
0
1
0
-1
0
0
-1
-1
0
-1
-1
-1
-2
-2
-2
-3
-2
-3
-3
-3
-3
-5
-5
-5
-5
-5
-4
-3
-3
-4
-7
-6
-5
-5
-4
-5
-5
-5
-6
-6
-3
-3
-5
-5
-3
-3
-5
-3
-2
-2
-2
0
0
-1
0
-1
-2
0
0
1
0
1
2
4
3
4
3
6
4
5
6
5
5
5
4
3
4
5
5
5
6
6
5
4
3
2
2
2
0
0
1
0
-1
1
0
-1
-1
-1
0
0
0
-1
-1
-3
-2
-2
-1
-1
0
0
3
2
1
3
1
1
1
1
1
0
1
-2
-1
2
2
-1
1
1
-1
0
-1
0
0
-1
-1
1
0
0
2
1
0
1
-2
-1
-1
-1
-2
-2
-4
-5
-5
-4
-2
-4
-2
-2
-3
-3
-4
-4
-4
-4
-3
-4
-4
-3
-4
-3
-2
-2
-2
-2
-2
-2
0
-1
0
1
1
0
2
2
2
2
3
4
3
5
3
2
3
3
1
2
0
-1
-1
-2
0
3
2
4
4
4
3
2
2
3
2
1
1
1
1
2
1
1
2
1
1
1
1
1
1
0
1
1
1
1
0
-1
-1
0
1
2
0
0
0
2
0
-1
-1
-1
-1
-2
-2
-2
-1
-2
-1
-1
-1
-2
-3
-1
-1
-2
0
-1
-2
-1
-1
-1
-1
-1
0
1
1
2
1
1
-1
-1
-3
-1
0
-1
1
2
1
1
2
2
3
1
2
1
3
0
1
1
-1
-1
-1
-1
0
1
-1
1
0
0
1
-1
0
0
-1
-1
1
1
0
0
1
-1
0
-1
1
2
2
1
2
0
-1
0
-2
-2
-2
0
-2
0
1
0
1
1
2
4
4
2
3
1
0
2
1
0
1
0
0
0
1
-1
0
0
-1
-1
-2
-3
-3
-3
-1
-2
-2
-2
-1
-3
-2
-1
-2
-2
-3
-2
-3
-2
-3
-1
-1
-4
-2
-2
-3
-1
-1
1
0
1
-1
-1
-1
-2
-2
-2
-1
-1
1
2
1
1
1
2
1
-1
0
0
-2
-2
-3
-2
-2
-1
-1
-1
0
-1
-2
-2
-2
-2
-2
-2
-3
-2
-2
-2
-1
-1
-1
1
-1
-3
0
0
-1
0
1
2
2
2
2
3
4
3
6
6
9
9
7
8
8
6
6
5
6
6
8
7
8
7
6
7
5
5
5
4
5
5
5
5
5
5
4
1
3
2
2
1
1
1
1
1
1
0
-2
-1
-1
-2
-1
-1
-2
-2
-3
-4
-3
-3
-2
-2
-2
-2
-1
-1
-3
-4
-2
-2
-3
-1
-2
-3
-4
-2
-4
-4
-4
-5
-5
-3
-5
-3
-3
-4
-3
-2
-2
-2
-3
-4
-5
-5
-5
-6
-7
-6
-6
-5
-4
-4
-5
-3
-3
-3
-4
-4
-3
-5
-4
-4
-4
-5
-5
-5
-5
-6
-4
-3
-1
-2
-2
-1
-2
-2
-4
-3
-2
-3
-4
-4
-3
-3
-3
-2
-1
0
2
2
3
4
3
3
3
3
2
4
4
2
4
5
4
4
7
8
8
6
7
8
7
7
8
7
8
9
7
8
8
7
9
9
7
7
6
6
5
6
7
7
4
4
2
1
1
2
3
0
-1
-1
1
0
0
0
-1
-2
-4
-3
-3
-2
0
-1
-1
0
0
-1
-1
-1
0
-2
-2
-1
-2
-4
-3
-5
-4
-4
-3
-2
1
-2
-2
-1
-2
-2
-1
-1
-2
-3
-3
-2
-2
-3
-1
0
-4
-4
-3
-5
-3
-3
-4
-6
-4
-5
-5
-4
-4
-4
-4
-5
-4
-3
-5
-4
-3
-3
-3
-4
-3
-4
-3
-2
-2
-2
-2
-1
-3
-2
-1
0
-1
0
-1
-1
-1
0
1
2
0
-1
0
0
-1
0
-1
1
1
1
1
3
4
4
5
7
5
5
6
4
6
6
6
7
6
7
8
7
6
7
7
6
5
4
5
5
5
3
5
5
4
5
3
3
2
0
0
1
0
0
-1
-1
1
1
0
-1
0
-1
-1
-1
-2
-4
-4
-5
-6
-6
-7
-6
-8
-6
-4
-3
-4
-1
-3
-3
-2
-1
-2
-1
-2
-3
-3
-5
-2
-2
-3
-2
0
-1
-2
-2
-3
-1
-2
-1
0
1
1
1
0
2
2
1
-1
1
-1
-1
0
1
0
3
2
-1
0
0
0
-2
0
-2
-2
-3
-2
0
-2
0
0
-1
-1
-2
-2
-1
-1
-1
0
0
1
1
3
4
2
4
2
0
0
0
-1
4
4
3
3
4
3
3
3
3
1
3
2
1
3
2
2
1
0
-2
-1
-2
-3
-3
-1
-2
-3
-3
-3
-5
-4
-3
-3
-3
-2
-3
-3
-4
-4
-2
-5
-3
-4
-4
-4
-3
-2
-1
-2
0
0
-1
-2
1
0
1
1
1
0
0
2
2
4
3
4
3
3
2
2
1
3
2
1
3
2
2
2
2
2
0
2
2
3
1
2
0
-2
-3
-3
-4
-2
-4
-3
-2
-2
-3
-3
-4
-4
-3
-4
-3
-2
-1
1
2
3
2
2
3
5
4
4
4
4
2
2
3
1
2
2
2
3
6
4
4
5
4
4
3
4
3
2
1
3
3
3
4
3
3
1
-1
0
0
1
2
3
3
2
2
4
3
2
2
2
2
2
1
1
0
1
0
1
1
2
0
1
-1
1
-1
-2
-1
-3
-2
-4
-4
-5
-6
-4
-5
-5
-3
-3
-7
-5
-5
-7
-6
-5
-6
-8
-8
-8
-7
-6
-8
-6
-5
-4
-4
-2
-2
-2
-4
-4
-1
-2
0
0
-1
-1
-2
0
-1
-1
0
1
1
0
4
3
2
2
3
2
2
4
4
1
2
2
2
1
1
0
0
1
1
1
-1
-1
-1
-1
-3
-2
-3
-5
-5
-5
-5
-4
-4
-3
-4
-3
-3
-5
-4
-4
-3
-2
0
-3
-3
-2
-2
0
0
0
3
3
3
3
3
4
5
6
6
6
9
8
9
9
9
9
10
11
11
11
12
11
10
11
11
10
9
10
8
6
8
8
7
7
6
6
5
4
5
3
2
2
3
2
2
1
2
0
-2
1
0
-1
-3
-2
-3
-4
-4
-5
-4
-6
-7
-7
-6
-9
-9
-8
-11
-10
-9
-9
-7
-10
-10
-9
-9
-9
-9
-7
-7
-8
-7
-7
-8
-6
-5
-7
-6
-6
-6
-5
-4
-3
-1
-1
-1
-1
0
-2
-2
-2
-2
-2
0
0
0
2
0
0
2
1
0
1
1
1
2
3
1
1
0
1
1
1
3
2
3
3
2
2
3
2
0
1
0
-1
0
2
3
2
3
3
1
1
2
1
1
-1
-1
1
-2
-1
1
1
-1
2
1
1
2
2
2
2
3
3
2
3
4
3
4
3
3
4
4
4
5
4
6
8
6
7
5
3
5
3
3
3
4
4
2
3
2
2
2
2
1
2
0
-2
-2
-3
-4
-3
-4
-4
-5
-6
-6
-5
-5
-5
-5
-5
-5
-5
-5
-5
-4
-4
-3
-1
-1
-2
-1
-2
-3
-1
-3
-3
-3
-3
-1
0
0
2
2
1
1
0
1
2
2
3
4
3
3
4
3
1
1
0
0
0
0
2
1
3
1
2
3
2
3
1
2
1
0
1
1
0
-1
-3
-4
-2
-4
-4
-2
-5
-4
-5
-5
-4
-3
-3
-3
-2
-1
-4
-4
-2
-2
-1
-1
-2
-3
-2
-2
1
0
-1
1
0
0
1
2
1
4
3
3
4
2
3
1
2
1
3
1
0
0
2
1
0
0
2
2
1
2
2
2
0
1
1
2
1
0
1
1
1
2
1
1
2
0
0
0
-1
-1
0
-1
1
1
1
-1
-1
-2
-2
-1
-2
1
0
0
0
1
-1
-1
-1
0
0
2
1
1
3
2
3
1
2
1
2
1
1
1
0
-1
-2
-1
0
0
-1
-1
-1
-1
-3
-1
-1
-2
-1
-1
-2
-2
0
-1
0
0
-1
-2
-2
-1
-1
-1
-2
-2
-1
-1
-1
0
0
1
0
1
1
3
0
0
3
2
4
3
3
4
4
2
2
1
0
0
1
0
1
-1
1
0
1
1
0
0
0
0
1
2
0
1
2
1
0
0
1
1
0
0
-1
0
0
1
0
0
1
2
3
3
1
1
0
-2
-2
-4
-4
-5
-5
-5
-4
-4
-5
-4
-3
-3
-5
-3
-3
-4
-3
-4
-5
-5
-4
-5
-6
-6
-4
-4
-4
-5
-5
-3
-4
-3
-3
-3
0
1
-1
1
0
0
1
0
2
2
2
5
3
4
5
4
5
5
4
4
4
5
4
4
5
4
5
5
4
5
2
4
5
3
3
4
2
2
2
2
0
1
3
1
2
2
2
0
1
2
0
1
3
2
2
3
3
3
1
0
1
1
1
2
1
0
0
1
1
0
0
0
1
1
1
3
1
1
0
-1
-1
-1
1
-1
-3
-1
-1
-2
-1
-1
-2
-2
-3
-4
-3
-2
-3
-1
-1
-1
-1
0
0
-1
-2
-2
-2
0
-1
-1
0
0
0
2
1
2
1
0
-1
0
0
0
1
-1
-1
-1
-3
-3
-2
-4
-3
-2
-3
-2
-4
-2
-3
-3
-3
-3
-4
-4
-5
-7
-7
-6
-6
-5
-4
-4
-3
-4
-3
-4
-4
-2
-2
-2
0
1
-1
-1
0
0
0
1
3
1
3
3
4
2
4
3
2
3
2
0
0
