5
4
4
3
-2
-4
-5
-6
-4
-6
-6
-4
-5
-8
-9
-12
-17
-15
-11
-9
-8
-10
-11
-5
-1
1
-1
-3
-2
-4
-2
-1
0
0
-5
-7
-6
-7
-10
-8
-9
-7
-6
-4
0
3
7
9
4
3
1
2
1
-5
-4
2
2
2
5
7
12
13
9
11
10
8
9
12
16
14
7
8
10
8
9
9
10
15
15
14
19
17
11
6
0
-6
-8
-3
-1
-3
-2
-1
1
3
-2
-6
-8
-9
-6
-7
-6
-2
1
-1
-6
-8
-10
-11
-7
-7
-7
-5
-9
-11
-12
-14
-15
-10
-7
-4
-2
-3
-3
-4
-10
-10
-9
-9
-12
-13
-10
-8
-5
-6
-7
-6
-6
-6
-5
-2
0
-2
-3
-5
-5
-2
-3
-2
1
2
4
4
3
5
7
7
3
5
7
6
4
6
10
10
10
8
10
12
11
10
8
6
7
10
10
5
4
8
10
8
6
3
4
4
7
8
5
4
4
2
-2
-6
-3
0
2
2
1
-1
-2
1
3
2
-1
-1
2
3
-3
-4
-3
0
1
-2
-1
-6
-3
0
-3
-6
-7
-7
-10
-9
-10
-10
-9
-14
-17
-16
-14
-12
-7
-5
-8
-9
-5
-4
-6
-7
-5
-3
3
0
-3
-4
-4
-3
-1
-3
-1
3
3
4
6
6
10
10
5
7
8
9
9
6
7
5
2
3
4
7
6
4
5
7
10
9
8
9
9
6
6
7
8
7
2
4
11
10
12
10
5
5
2
1
0
-3
-1
2
0
0
2
7
9
8
3
3
1
-5
-7
-5
-3
-1
0
2
6
3
2
0
-3
-1
-1
-2
2
3
5
7
4
5
2
-2
-4
-4
-8
-9
-8
-11
-11
-9
-8
-11
-12
-12
-10
-8
-4
-1
-7
-15
-15
-9
-5
-2
-1
4
5
2
3
5
4
2
0
1
2
1
-2
-3
-2
0
3
6
8
10
10
7
4
3
2
3
8
9
8
8
7
5
9
8
5
4
5
4
2
6
5
1
3
5
5
4
3
2
3
3
1
3
3
4
0
-2
4
4
4
2
-3
-3
-3
-4
2
3
-1
-4
-6
-7
-5
-7
-5
-4
-3
-1
-2
-4
-2
-4
-3
0
-1
-4
-7
-6
-8
-9
-7
-7
-7
-8
-11
-12
-9
-9
-7
-6
-7
-8
-9
-12
-7
-2
-3
-1
-2
-3
2
1
-1
0
0
1
1
-4
-7
-4
-3
-3
-5
-3
2
6
3
2
5
8
6
3
2
5
5
5
8
12
12
9
9
6
3
5
9
8
7
7
9
12
10
7
9
12
8
4
5
8
12
13
9
6
4
5
3
2
2
1
2
0
-5
-3
-5
-7
-4
-6
-6
-2
-2
-6
-11
-10
-10
-11
-8
-5
-6
-8
-7
-7
-8
-10
-11
-10
-12
-10
-10
-15
-16
-14
-13
-9
-10
-9
-3
-2
-3
-4
-7
-6
-7
-8
-10
-7
-7
-9
-6
0
5
5
4
2
1
2
1
-3
-1
2
5
3
5
8
12
11
8
9
11
12
10
7
4
3
4
4
5
5
6
7
8
11
13
15
11
10
12
12
7
6
7
11
11
11
12
13
10
9
9
6
5
4
1
2
2
1
1
1
2
5
8
9
7
7
6
7
4
0
1
-2
-5
-5
-2
1
-4
-10
-11
-12
-17
-13
-9
-7
-5
-6
-10
-16
-20
-21
-22
-19
-17
-11
-6
-7
-10
-8
-10
-9
-13
-11
-13
-17
-18
-18
-14
-13
-14
-15
-8
-4
-3
2
1
0
3
2
1
2
4
6
7
6
1
1
8
13
12
15
15
11
10
11
10
12
12
13
13
11
12
14
13
11
10
12
12
5
3
6
10
12
10
10
12
14
17
15
12
10
5
4
0
-3
4
3
1
1
2
1
1
-4
-6
-4
-2
-3
-6
-8
-9
-8
-7
-5
-6
-9
-6
-2
-7
-7
-6
-3
-6
-10
-12
-13
-13
-15
-14
-13
-17
-20
-17
-15
-13
-12
-12
-12
-11
-13
-15
-14
-19
-18
-13
-9
-6
-5
-6
-6
-6
-4
-1
0
-2
-5
-6
-3
-3
-3
0
0
2
4
5
5
6
10
16
14
14
16
16
15
15
15
13
9
3
8
10
10
11
11
9
9
9
11
11
12
11
11
10
11
12
8
2
0
2
4
2
5
5
2
3
5
5
1
-1
-1
-3
-9
-6
-1
-1
-1
-6
-9
-11
-12
-12
-11
-8
-7
-9
-9
-8
-8
-12
-15
-15
-10
-6
-9
-13
-11
-9
-11
-10
-9
-8
-5
-8
-9
-6
-5
-5
-6
-6
-2
-1
-1
-4
-8
-7
-3
-6
-4
1
3
6
7
7
5
4
5
8
7
10
11
12
10
9
7
8
7
5
7
5
7
8
7
7
7
8
7
4
3
0
2
7
4
2
7
9
10
13
8
10
13
7
5
4
1
0
-1
-1
3
4
5
2
-1
-2
0
1
0
-3
-5
-2
-2
-4
-3
-1
-1
-2
-2
0
3
3
4
-2
-7
-10
-14
-10
-8
-7
-3
-2
0
-3
-8
-9
-12
-11
-9
-10
-12
-11
-9
-8
-7
-7
-7
-7
-5
-4
-3
-1
-1
1
3
1
-3
-9
-9
-5
-3
-1
4
6
8
6
2
4
8
6
4
0
3
4
3
3
7
8
7
10
10
13
15
16
14
12
10
8
8
9
9
8
8
4
2
6
10
6
3
4
2
0
-1
-2
0
3
2
1
-3
-6
-5
-3
-4
-6
-10
-15
-15
-14
-14
-13
-11
-9
-7
-5
-5
-5
-4
-1
-2
-5
-4
-5
-3
-6
-9
-7
-5
-3
-3
-4
-6
-3
-1
-4
-5
-6
-5
-1
1
2
-2
-5
-3
-1
-2
-8
-12
-11
-7
-6
-8
-8
-5
-6
-4
-2
1
4
1
-1
-2
-1
0
1
1
2
1
5
10
10
8
6
7
8
7
9
11
14
13
12
13
13
13
11
6
8
8
6
7
6
7
5
6
10
10
11
13
10
6
5
7
7
4
-2
-3
0
-3
-3
-1
-1
0
-3
-6
-5
-5
-5
-6
-8
-8
-5
-4
-5
-7
-6
-5
-9
-13
-13
-12
-12
-10
-10
-7
-6
-7
-8
-9
-8
-10
-11
-8
-8
-7
-4
-6
-5
0
2
-1
-4
-10
-11
-8
-6
-4
-5
-3
4
6
1
1
1
1
1
1
4
6
1
2
5
8
8
9
11
10
11
12
10
9
6
3
6
8
7
9
10
12
14
16
16
17
17
13
8
4
1
3
6
5
3
6
7
7
5
3
4
5
5
5
4
2
-2
-1
2
2
2
1
2
3
5
3
2
0
-4
-3
-2
-1
6
5
1
0
-1
-2
-6
-11
-11
-7
-6
-5
-5
-5
-6
-4
-7
-12
-17
-19
-16
-12
-4
-4
-7
-9
-11
-9
-7
-9
-5
-1
-4
-3
-4
-7
-5
-4
-7
-6
-4
-3
-3
-5
-4
-1
0
-2
-5
-6
-4
0
5
3
3
5
3
3
2
2
6
8
6
6
11
14
14
15
14
11
11
12
15
20
21
15
17
18
12
11
11
11
12
10
6
4
1
4
7
4
3
3
3
0
1
6
10
10
6
3
-1
-1
-4
-6
-4
-8
-14
-16
-12
-11
-9
-7
-3
0
-3
-9
-12
-16
-17
-19
-16
-13
-15
-15
-13
-10
-11
-13
-14
-15
-13
-13
-11
-7
-11
-12
-8
-6
-5
-6
-6
-8
-8
-4
-1
2
-2
-5
-5
-4
-5
-3
-4
-4
-2
2
6
0
-4
0
3
2
2
5
11
11
12
15
18
19
14
14
11
10
8
6
8
8
6
8
13
12
8
7
5
4
5
3
3
4
6
9
7
3
1
0
2
0
2
6
3
-6
-8
-8
-6
-3
-2
0
-1
-1
-3
-8
-11
-11
-10
-5
0
0
-1
-4
-6
-6
-5
-4
-1
-5
-8
-7
-8
-9
-11
-11
-6
-6
-8
-9
-8
-9
-10
-5
-4
-4
-4
-4
-4
-4
-6
-8
-8
-5
-4
-2
3
6
9
8
5
1
0
0
0
1
6
11
11
8
9
8
5
6
8
8
6
2
-1
3
4
5
6
4
1
0
3
6
6
8
3
2
4
4
7
10
9
10
12
8
6
6
5
6
4
2
5
6
3
-1
-1
0
-1
-5
-7
-5
-6
-4
-2
-1
-2
0
1
0
-1
-1
-3
-1
4
3
-2
-6
-5
-4
-6
-8
-7
0
1
-3
-4
-7
-4
-1
-1
-4
-6
-5
-7
-9
-8
-8
-6
-2
-3
-6
-9
-10
-7
-9
-9
-5
-4
-4
-6
-5
-5
-7
-8
-3
-2
-1
0
2
8
10
8
4
0
0
-1
1
2
2
8
9
7
9
10
9
10
9
8
8
7
10
13
12
8
9
9
7
8
8
6
7
7
5
5
7
4
2
3
2
0
2
0
0
3
1
3
7
3
3
3
-2
-2
-2
-4
-2
-5
-10
-9
-8
-8
-5
-6
-3
2
1
-2
-3
-6
-7
-10
-10
-4
-5
-10
-9
-8
-9
-9
-12
-14
-11
-12
-11
-6
-5
-8
-10
-10
-9
-11
-9
-7
-5
-4
-10
-9
-11
-14
-17
-15
-5
-1
-2
0
2
2
1
-2
-6
-8
-5
1
6
6
4
5
7
8
10
12
9
10
12
12
16
16
18
19
16
16
15
10
10
11
12
17
13
11
12
12
13
15
15
16
12
5
3
5
3
5
4
1
2
2
1
-1
-1
-6
-7
-6
-9
-10
-5
-5
-9
-8
-5
-8
-7
-8
-9
-8
-9
-13
-14
-11
-10
-8
-8
-12
-12
-14
-14
-10
-9
-7
-5
-5
-8
-6
-5
-9
-8
-7
-7
-2
-4
-9
-6
-3
-2
-5
-3
-1
-1
-2
-2
2
1
-2
0
1
1
1
1
2
0
-2
1
4
5
5
8
8
6
8
5
3
2
5
10
9
9
10
9
10
8
2
4
10
8
10
13
7
9
7
7
6
1
7
9
10
12
9
6
3
3
9
10
5
4
3
5
1
0
1
2
2
3
3
4
4
-3
-4
-1
-2
-3
-6
-3
2
-2
-6
-7
-8
-8
-9
-13
-10
-6
-8
-10
-9
-9
-7
-4
-2
-4
-4
-5
-6
-5
-7
-6
-4
-2
-4
-3
-4
-6
-3
-3
-3
-3
-5
-6
-7
-6
-8
-6
-5
-5
-4
-4
-7
-7
-7
-6
0
2
-2
-2
0
0
0
3
3
6
7
7
9
9
10
11
11
11
10
7
6
10
11
12
13
9
5
1
1
3
2
0
2
3
1
1
1
2
2
2
2
-2
-4
-3
-1
0
1
3
3
0
0
0
-1
1
2
1
1
0
-2
-8
-8
-9
-7
-5
-8
-10
-11
-9
-7
-5
-4
-2
-5
-8
-8
-3
-1
-1
0
1
0
1
0
2
1
-2
-3
-5
-7
-8
-10
-6
-4
-5
-6
-5
-2
-5
-7
-7
-7
-4
-7
-11
-5
-1
-3
-4
-2
-2
1
6
8
7
9
15
17
17
15
10
8
10
9
10
12
9
9
6
5
6
7
5
7
9
3
2
0
-4
-2
-3
-4
-2
-2
-4
-6
-5
-3
-1
0
-1
-6
-12
-13
-17
-15
-10
-12
-9
-2
5
8
5
-2
-3
-5
-9
-10
-5
-1
-1
0
4
8
6
0
-2
-5
-8
-2
0
-2
-5
-5
-2
-3
-5
-7
-9
-4
1
0
4
10
6
5
3
4
9
5
4
5
2
3
3
2
2
2
4
4
7
9
7
4
2
0
5
7
4
8
7
4
4
7
7
2
1
3
7
9
8
12
14
12
12
6
5
3
-4
-4
0
2
1
3
1
1
3
7
6
2
0
-1
0
3
-1
-5
-6
-3
-2
-2
1
0
0
0
1
-1
-6
-8
-5
-5
-9
-7
-1
-2
-7
-10
-7
-7
-6
-6
-12
-12
-11
-16
-16
-13
-15
-15
-16
-17
-16
-16
-9
-5
-4
1
-1
-5
-3
-2
2
5
3
5
6
7
4
7
10
3
-1
1
2
4
5
6
9
11
11
11
12
11
4
5
9
8
10
8
7
11
12
11
11
11
12
13
10
11
15
13
10
12
16
13
7
7
2
1
9
10
5
1
3
-1
-3
-10
-12
-11
-11
-7
-3
5
3
-8
-13
-13
-14
-12
-10
-13
-11
-7
-2
0
0
-2
-10
-12
-7
-3
-1
-5
-9
-9
-7
-8
-13
-15
-14
-18
-17
-11
-7
-4
-8
-14
-12
-11
-12
-8
-4
-2
2
-3
-11
-10
-14
-13
-10
-6
-3
0
5
6
6
4
3
-1
2
3
-1
3
-1
2
2
1
6
6
7
5
6
7
9
15
16
16
13
13
13
15
20
21
17
16
16
18
23
19
13
10
9
4
7
9
9
8
6
3
4
4
1
2
3
7
4
2
2
1
2
-7
-8
-9
-12
-8
-6
-5
-4
-1
-6
-15
-18
-23
-21
-13
-11
-11
-7
-6
-8
-13
-14
-15
-16
-17
-15
-5
-5
-7
-2
-4
-4
-3
-8
-9
-8
-9
-10
-10
-3
-3
-2
-2
-4
-4
-2
1
3
6
9
9
8
6
0
-3
0
6
5
6
10
9
11
13
12
11
5
3
-2
-4
5
6
6
16
20
12
10
8
6
5
5
7
6
9
13
15
17
14
13
10
8
6
6
2
4
8
9
13
19
15
12
12
8
4
1
-4
-5
-7
-7
-7
-2
5
2
-1
-4
-7
-8
-9
-10
-5
-9
-13
-7
-7
-6
-5
-9
-7
-6
-9
-10
-12
-11
-13
-9
-8
-11
-12
-10
-9
-12
-12
-15
-13
-8
-7
-6
-5
-4
-3
-9
-6
-4
-9
-4
2
1
0
2
4
1
-3
-4
1
3
6
6
1
11
13
6
10
7
3
6
8
11
10
11
16
19
18
16
12
7
3
3
12
19
13
8
7
7
8
7
4
1
-2
-1
-2
6
9
3
1
8
5
-6
-6
-3
-2
-8
-4
3
3
1
-8
-9
-11
-12
-11
-8
4
4
-2
4
9
2
-3
-3
-4
-3
-6
-7
-7
-3
-6
-12
-13
-17
-20
-20
-12
-13
-17
-7
-10
-8
-10
-15
-16
-17
-13
-18
-24
-25
-18
-10
1
5
1
-2
-4
-9
-10
-4
-7
-6
-2
2
11
10
9
3
-1
-5
-9
-7
-1
8
12
18
22
17
20
22
15
9
3
3
10
17
22
22
21
17
11
5
5
8
6
8
9
11
12
9
7
3
-2
-2
1
1
3
8
0
-5
-1
-2
0
2
-1
-4
-4
-3
-1
-3
-9
-12
-12
-12
-8
-3
-2
-7
-11
-9
-8
-6
-12
-11
-7
-9
-2
-1
-6
-9
-12
-8
-2
-3
-9
-13
-13
-17
-16
-11
-5
-9
-8
-3
-5
-11
-11
-3
1
1
2
6
5
2
2
-3
-9
-10
-8
-3
0
4
5
6
7
5
3
7
8
7
4
5
11
5
3
8
5
4
2
8
17
12
15
9
6
10
9
9
11
14
10
9
10
18
9
11
19
6
9
6
6
13
5
5
3
10
11
6
16
9
-2
-1
5
6
6
4
2
7
2
-1
-7
-11
-7
-7
-1
6
10
7
6
0
-15
-26
-26
-15
-9
-3
1
4
-1
-10
-18
-24
-31
-37
-20
-7
-13
-18
-14
-14
-23
-16
-14
-14
-12
-3
4
8
15
0
-13
-11
-9
-5
1
4
6
11
14
17
7
4
4
-2
2
-8
-1
7
9
10
6
12
9
13
20
20
14
2
11
11
8
16
16
12
9
10
12
12
7
-4
-4
8
15
18
12
11
5
-8
-6
1
6
0
5
19
16
8
4
-1
-3
-10
-10
0
4
3
-2
-4
-6
-11
-14
-11
-12
-15
-6
5
2
11
9
0
-11
-23
-18
-17
-13
-12
-9
-7
-3
2
-3
2
-5
-7
-1
-3
-3
-9
-10
-5
-6
-8
-5
-7
-21
-11
14
12
5
2
-9
-19
-28
-23
-16
-14
-12
-15
-4
4
3
-1
-7
-17
-24
-23
-15
-6
7
19
14
15
14
6
-7
-11
-2
-6
5
21
28
30
24
13
-3
-7
-6
-11
-1
10
11
12
19
20
18
9
3
-4
-14
-6
2
8
13
7
9
4
1
3
-1
-7
1
18
24
36
57
72
79
99
160
210
192
144
72
-15
-96
-111
-90
-75
-6
41
38
16
-28
-72
-146
-180
-161
-108
-20
65
139
139
91
0
-103
-164
-214
-233
-226
-194
-153
-134
-143
-180
-237
-313
-359
-348
-301
-231
-150
-108
-132
-227
-361
-465
-529
-555
-510
-446
-382
-292
-178
-62
65
191
268
262
235
217
177
121
76
61
19
-9
7
14
-5
-60
-92
-80
8
170
329
462
546
578
594
586
561
489
398
357
352
445
549
692
840
931
1016
1038
1075
876
552
344
384
549
518
510
395
197
-199
-437
-409
-464
-453
-584
-445
-501
-532
-423
-596
-443
-372
-222
-395
-18
1412
1609
136
-1531
-1507
-1177
-2071
-2476
-1657
-834
-1227
-1227
118
700
-534
-1898
-1617
-680
-536
-518
437
1496
1297
390
296
683
34
-1214
-1371
-410
71
-84
315
1006
726
-312
-696
-385
-412
-745
-434
468
975
953
1060
1289
960
276
57
273
334
327
658
987
936
660
401
197
-44
-252
-212
188
730
1009
1214
1438
1578
1598
1220
643
496
606
363
494
1127
1268
563
344
395
142
77
-308
-382
-573
-563
-385
-318
-410
-1163
-1388
-1272
-1197
-1092
-790
-137
182
-159
554
1857
1305
-1395
-3595
-3064
-2597
-2790
-1989
-305
377
-594
-496
499
202
-1749
-3091
-2059
-481
115
713
2057
2745
1430
-229
-271
-125
-1194
-2086
-1015
801
1013
829
1500
1540
-87
-1714
-1457
-743
-836
-568
734
1843
1676
1061
850
463
-501
-1012
-479
397
1018
1826
2434
1486
-432
-2088
-2676
-2321
-1557
-546
554
1790
2466
2574
2308
1315
-49
-900
-619
283
1226
2059
2622
2435
1449
220
-323
-333
-425
81
952
1808
2061
2134
1872
733
-458
-1218
-1235
-976
-212
690
956
506
95
-419
-1201
-2069
-2734
-2393
-1681
-499
812
1412
1535
1224
277
-1778
-4845
-6099
-4673
-2437
-638
381
1257
1435
680
-353
-1060
-2054
-3461
-3377
-1175
1675
2980
2750
2387
1476
-493
-2350
-2852
-2173
-1743
-1290
787
2890
3094
1836
587
-303
-1900
-2843
-1754
180
1312
1914
2900
3539
2239
1420
1335
-2644
-5008
-1819
105
-755
91
1201
349
126
380
149
-559
-1320
-943
1401
3352
2832
2494
2197
431
-256
40
-1262
-1682
-58
328
363
2297
3309
1783
1252
1617
484
-281
439
1034
1567
2127
1819
1876
1393
-587
-952
206
-695
-1224
593
950
404
652
598
-700
-2220
-2553
-2672
-2484
-1938
-907
145
1028
1982
808
-951
-3094
-5251
-5256
-4246
-1512
670
691
829
1678
1285
-1167
-2685
-2813
-3101
-2981
-699
2557
3417
2236
1141
324
-901
-2808
-3462
-2026
-745
227
1569
3143
3595
1360
-990
-1535
-1606
-1917
-1519
842
2715
3147
2968
2611
1949
-689
-3746
-5393
-4071
-1988
-113
2731
3882
3144
1587
807
135
-974
-1477
-1098
908
2862
3673
3624
2557
162
-2049
-2364
-2073
-1631
-263
1518
2865
3626
3541
2379
968
88
-375
-198
316
1157
2240
2702
2687
1916
484
-928
-1415
-1048
-367
507
928
983
556
288
-31
-1538
-3141
-3406
-2893
-2444
-1263
42
664
1647
1381
-962
-2831
-4250
-5400
-4990
-2907
-7
1258
683
865
1525
85
-2600
-3484
-2779
-2284
-1458
1267
3597
3086
1504
139
-855
-1939
-3133
-2982
-1396
483
1612
2111
2716
2247
-174
-2126
-2133
-1019
-340
-256
1628
3615
2780
822
-436
-1564
-3141
-4034
-2220
779
1772
2261
3265
3175
1609
-82
-723
-839
-813
145
1862
2836
2718
1659
554
-422
-1406
-1386
-925
-64
1417
2479
2860
2960
2184
926
633
550
574
265
73
1787
2367
1552
1624
1567
189
-613
-86
134
390
146
723
651
50
-78
-605
-1226
-2849
-3133
-2825
-2331
-1413
-469
456
1819
1021
-2158
-3238
-5049
-5711
-4337
-2193
772
1084
270
1059
1418
-1093
-3228
-3607
-2771
-1696
-348
2876
3912
2439
696
-841
-1476
-2498
-3362
-2497
-605
1014
2163
2563
2717
1199
-1775
-2878
-1628
-5
-50
1050
2684
2054
564
-436
-403
-1259
-3046
-2621
569
2345
2472
3108
2656
1039
-354
-233
352
113
112
766
1809
2418
1764
700
-226
-1129
-901
112
1067
1825
1976
1827
1775
1837
1697
1256
803
788
811
744
1436
2128
1359
509
843
777
401
541
336
578
770
438
748
202
-1025
-1372
-1120
-1225
-1338
-1663
-2303
-2578
-2032
-808
-25
1723
935
-2630
-3863
-4740
-4962
-3718
-2198
-492
36
-180
869
1273
-964
-2881
-3501
-2650
-964
565
2794
3085
1624
698
-572
-1504
-1895
-2528
-2313
-843
1283
2524
2025
1489
462
-1832
-2618
-1334
855
3071
826
-2298
-1199
-811
-757
513
800
-231
-447
1529
3613
3546
1269
-637
-657
938
1877
2001
1704
-418
-1075
431
1053
539
-73
-208
-129
1147
3026
2648
959
185
21
587
1976
2673
2176
928
249
1057
1384
974
569
361
899
1519
1660
1971
1569
-165
-762
-141
-68
-297
-73
-479
-1097
-959
-819
-1091
-2035
-2689
-2770
-2435
-1684
-237
2010
1863
-1745
-3729
-3875
-5028
-4783
-2477
-232
-3
-721
395
1494
-404
-2867
-3253
-2426
-1172
233
2368
3224
1566
81
-834
-1372
-1515
-2043
-2076
-491
1569
2328
1827
1350
559
-1687
-2507
-236
1262
82
-1656
-1284
506
380
-576
105
364
-298
533
2738
3479
1472
130
1120
1953
1900
1601
1032
244
-261
196
973
740
78
-88
519
1453
1762
1467
700
-11
251
1159
1847
1913
1648
1072
601
1484
1557
238
326
1154
1121
1061
1932
1592
104
-51
-487
-191
1055
-201
-839
-8
-1593
-2212
-286
-535
-2069
-2740
-3172
-2454
-1559
-927
2045
1907
-3340
-5453
-5025
-4281
-3635
-2727
-372
60
-1191
12
1733
-467
-3230
-4124
-2379
531
1923
3347
2693
877
-103
-897
-714
-413
-816
-1358
-500
1966
3476
1514
-409
-496
-1455
-1137
-84
620
548
-1204
-765
798
1041
483
-922
-1402
-555
738
2686
3544
1909
730
773
1386
2163
1635
697
-246
10
1294
1566
1324
189
-1120
-452
1054
1474
1269
662
132
550
1084
1643
1541
426
471
1051
1372
1481
908
613
565
1137
1620
1131
864
781
168
259
670
585
612
-581
-606
-696
-1308
-303
-1320
-1698
-1828
-2762
-2091
-1311
-2092
-838
1671
-1467
-3826
-5227
-5966
-3863
-3071
-1011
-3
-784
-1351
-509
0
-1253
-2705
-3116
-701
980
2923
3129
1071
165
-1185
-833
3
318
247
-346
128
1745
1953
59
-1057
-1505
-713
-871
-167
1776
-910
-2530
-272
547
153
555
-208
-1163
-307
1284
3004
2696
1133
332
1286
2318
1759
1930
1237
-613
191
2483
2214
795
158
-278
1
1108
2129
1277
-122
131
893
1591
2200
1276
444
515
412
1592
2417
1252
135
216
1238
1660
1200
1449
462
-215
1278
1217
774
582
-555
-809
-705
-485
52
-710
-1760
-1984
-2276
-2175
-2341
-1937
1643
1284
-4330
-5663
-4972
-4411
-3576
-3028
-519
-295
-2823
-1533
1305
-486
-3584
-4006
-1201
1158
1425
2699
1899
-106
-804
-709
464
792
109
-272
-65
1300
2754
734
-1711
-1223
57
-417
-917
1174
66
-2972
-1915
979
1278
-904
-2112
-1213
126
522
2284
3038
610
-862
1148
3383
2040
916
1052
517
790
2498
3077
989
-754
-348
1244
1759
1518
1186
180
-191
1017
2582
1875
239
-252
500
1217
1284
1729
1237
-391
-441
1892
2705
1259
62
388
1158
760
1871
2121
-303
-946
-633
637
1256
-1071
-1278
-733
-2166
-1356
-744
-1600
-2601
-2296
2355
271
-5725
-5220
-5296
-4888
-2920
-1242
349
-2116
-4460
-601
591
-2692
-2896
-2269
-910
291
2072
3582
163
-1891
-214
407
523
1620
1735
648
-409
1458
3507
205
-1907
490
1542
-981
-1369
1060
610
-1569
-1429
353
-1139
-2506
-228
1273
284
-901
565
1680
464
367
1731
1027
-182
1513
3192
2170
356
1143
1928
852
1111
2041
1544
161
490
2097
1923
333
331
1188
340
300
1484
1159
-363
-539
1112
1353
304
301
790
11
-460
1308
1720
-98
-226
889
487
240
369
27
331
-896
-1011
868
-440
-1671
-608
-623
-1790
-1936
-1819
403
1953
-2484
-4603
-4707
-4772
-2329
-1443
-1138
-1339
-2765
-2550
-340
-198
-2070
-3729
-3184
-238
1357
2225
1083
-1174
-1264
-454
661
1422
1426
705
-91
896
3315
2631
58
-411
-306
-276
368
2240
2213
-395
-1230
137
390
-1350
-1264
-244
-491
-222
1410
2131
-236
-1797
-468
627
378
1046
2150
1099
-114
1123
2384
856
37
1350
1702
1021
1408
2661
1594
-120
845
2261
1474
453
725
331
-290
476
1186
-148
-800
666
364
-1194
630
2374
-1991
-2913
2130
1903
-1907
-2008
2044
2160
-2825
-2131
2515
-29
-4248
-565
2843
-1051
-3127
-120
608
-1324
-2442
-1196
887
671
-1608
-1608
-723
-3817
-4280
-507
224
-1217
-1647
-856
-451
-1383
-1557
-1016
-1978
-1978
172
1260
795
-277
-736
-826
-1239
-143
1273
544
-387
378
1422
1664
1062
244
-764
-905
859
2032
1635
141
-642
31
724
1276
1304
143
-871
83
1432
1563
567
-286
-154
178
1130
1790
732
-660
-304
1000
1532
1356
1280
550
-609
-63
2568
3172
-1029
-3011
2304
4793
-3161
-73
5439
-2722
-3281
1794
3225
-1026
-3777
1621
3691
-2247
-3397
2487
1765
-3024
-1931
2643
1401
-2726
-534
1658
-1483
-3106
582
1438
-1719
-1659
668
890
-930
-1480
-130
-51
-1839
-910
1111
-102
-1688
-459
1368
-4
-1534
-1194
-690
-1284
-2089
-446
467
-556
-926
-264
5
-894
-1302
-504
-236
-864
-220
694
-91
-741
-141
120
-453
-320
693
593
-421
113
1457
1093
-607
-707
703
558
-24
1005
1478
148
-221
1196
1715
748
296
973
895
332
850
1190
-9
-498
791
1384
759
-231
-12
1117
294
-1058
1442
2649
-1754
-1551
4257
1058
-3789
1797
2546
-2422
-980
2116
460
-925
-447
-211
960
-325
-2089
814
1200
-2189
89
1456
-1372
-448
-93
-912
-59
-420
-778
-275
38
-531
-628
174
-504
-664
-209
-481
-39
-138
-533
-397
-260
-134
-302
-221
-12
-530
-515
404
774
-200
-1141
-600
-494
-840
-343
80
-11
-594
-704
119
-6
-909
-588
-90
-74
282
567
404
-297
-534
89
110
-222
223
510
-17
-61
712
682
-267
-386
1067
501
-1187
672
1498
182
360
1063
910
-57
349
1388
488
-279
122
679
686
-200
310
975
-484
-577
1300
1048
-545
51
796
-300
-188
1165
715
-999
-682
1288
561
-1036
286
705
-897
-1065
482
742
-913
-842
282
106
-421
-462
144
-209
-1121
-167
501
-346
-338
-79
-460
-240
-133
-395
-32
-468
-938
187
377
-495
-240
-48
-619
-303
158
-310
-537
-256
-193
-183
229
317
59
83
-288
-688
-499
-436
-359
-315
-269
404
357
-348
-214
-129
-501
-467
157
658
375
30
403
410
-135
-37
101
-154
-44
399
520
182
163
255
-170
-115
683
689
58
1
298
425
360
445
374
-169
-183
631
711
224
194
128
207
308
483
513
-353
-695
210
672
163
-226
8
173
-249
-149
505
107
-808
-390
509
265
-115
109
-123
-441
-148
35
-127
-267
-328
-211
-62
-63
-63
-267
-420
-217
-4
-55
-213
-218
-288
-335
-57
5
-140
-87
-249
-332
-67
-122
-359
-313
-140
-9
36
-36
-181
-358
-499
-388
-109
-12
-99
26
361
39
-584
-342
-110
-420
-407
11
449
278
-35
273
152
-338
-139
234
348
295
239
433
255
-119
144
169
-161
147
549
441
167
212
433
191
66
561
698
105
-100
533
407
-302
208
748
367
104
204
491
218
-329
331
549
-688
-346
1018
337
-736
-405
114
-73
-529
-72
506
-177
-562
269
621
-142
-528
-62
-92
-353
99
204
-308
-392
-125
35
-86
-316
-183
-157
-387
-134
264
72
-426
-364
103
-85
-396
-104
-116
-448
-283
114
156
-176
-358
-219
-272
-304
-2
33
-209
-227
-76
-44
-248
-310
-167
-239
-227
73
268
259
80
137
171
-396
-306
295
8
-193
97
338
325
-117
32
385
-86
-241
320
645
262
82
394
-116
161
806
-438
-265
1005
444
90
533
404
437
307
-200
393
568
-174
64
139
-111
318
462
154
101
267
121
-87
150
-17
-291
115
4
-128
394
-88
-850
-380
102
-85
-437
-247
373
-126
-497
287
215
-425
-419
9
163
-326
-300
318
-128
-633
213
325
-573
-424
65
-276
-489
-68
230
-152
-432
-21
85
-396
-553
-24
250
-284
-431
138
172
-423
-510
-9
43
-333
-136
263
-10
-389
-210
5
-136
-156
42
-72
-202
90
119
-137
-58
106
157
-75
-294
47
129
-73
56
60
190
317
-20
17
154
-87
50
279
323
409
247
191
334
285
388
420
222
287
428
362
182
166
366
339
66
-56
146
343
52
-130
398
389
-88
69
284
94
-205
-55
9
-5
98
50
45
-253
-146
410
-108
-709
247
341
-823
-331
637
86
-769
155
364
-675
76
-111
-577
-107
-27
-341
-313
119
-391
-528
-3
-351
-507
355
-341
-368
131
-24
-102
-545
-297
81
-28
-695
26
158
-358
-192
-117
84
-206
-309
-120
180
-246
-367
275
-120
-226
171
-66
-107
40
-72
-85
83
92
151
36
-50
327
336
-333
-543
133
419
12
-32
408
206
-158
255
630
246
-274
35
530
487
394
531
320
-91
133
547
442
69
48
268
263
167
468
693
-576
-1051
415
520
-112
416
711
-332
-817
416
1496
93
-1304
-4
1234
222
-746
906
318
-1717
-297
1574
77
-937
323
-561
-306
862
-165
-568
190
-391
-790
392
573
-484
-665
-406
-88
601
-296
-923
705
-489
-1514
1042
608
-978
-244
-271
-453
632
-85
-574
-71
-216
-822
-92
906
-804
-875
381
-355
-38
262
-443
-292
-145
-3
-259
393
-67
-688
130
-325
-147
56
-133
-181
-317
240
163
-301
429
669
-285
-319
31
188
333
108
-6
263
52
-361
471
827
-180
-376
436
604
214
462
640
-191
-355
721
759
233
-52
110
930
-495
99
1795
-267
-753
739
455
-951
1587
529
-1523
223
1377
924
-2195
175
1950
-454
-1370
-311
1625
1623
-3287
-1077
3934
-1156
-2246
1729
412
-2407
1227
1212
-2624
775
1518
-1606
-1301
2211
273
-2232
371
235
382
-1072
-227
1758
-2146
-1459
3007
-1470
-3297
4088
603
-6316
1828
4454
-2132
-3005
643
2051
-1142
-1631
1053
472
-1556
-31
460
-96
-343
-597
-906
754
837
-1679
155
731
-675
-502
761
438
-1448
355
1678
-947
-1710
1923
1297
-2495
398
2469
-1243
-2038
1700
1494
-1598
370
1369
-1132
-399
1166
279
-301
255
188
278
369
270
693
-83
-393
399
814
1015
-425
-799
513
526
493
111
8
872
-1132
-95
1749
-59
-733
40
615
-648
1902
1112
-3259
-201
1752
704
-463
-1874
1538
668
-1662
-333
1684
200
-2039
414
-122
871
-454
-1795
2642
-22
-3945
1028
3594
-1155
-3670
240
4199
-2506
-4177
5584
1518
-6665
351
3712
-573
-1022
-1584
147
1756
92
-3471
660
4761
-4422
-3229
3771
2031
-2075
-2417
433
1693
60
-1915
388
1900
-977
-1938
207
1404
111
-895
-475
-1199
1187
2928
-2736
-2323
3066
480
-2641
1128
2546
-1215
-1974
-526
1449
1653
-1389
-996
1843
-99
-1815
1347
1754
-1377
-1213
693
1496
210
-1412
475
1696
-1460
-1099
2702
828
-933
-865
249
317
506
2201
-1553
-1009
1690
10
313
-123
-529
856
329
457
1013
-2049
1194
-26
-2007
5855
-2642
-4577
6574
15
-4486
-1236
4005
4434
-7870
-1185
5973
-703
-2737
-2851
4137
2194
-6592
601
7090
-4206
-6971
4577
3893
-3211
-3006
3144
1148
-4755
-1084
4537
425
-4102
807
-517
-592
3136
-1195
-4621
198
5196
-1644
-3807
1969
1304
-2503
-1499
1659
2486
-2247
-4920
4699
3024
-6340
693
4713
-4245
-1740
4314
-631
-1918
271
-338
874
766
-1749
2089
1758
-5105
-6
4230
-477
-1502
578
579
-725
288
230
111
1418
-916
-1892
2611
2423
-3405
-536
3017
-1481
-880
2597
1133
-1477
-1927
984
2596
169
-2609
1619
3043
-4804
2026
4214
-6385
1496
6061
-4985
-160
4990
-2553
-3198
2539
2929
-3119
2477
361
-4739
5248
-606
-5806
7323
3712
-13488
1405
16111
-10642
-9294
9706
4541
-5508
-8739
7222
10179
-10914
-12343
13002
9823
-14129
-4881
8198
4788
-6370
-11165
11137
9615
-14078
-8014
14412
5243
-16081
-1112
12330
-827
-10553
2362
8153
-4708
-5171
3426
3485
-1589
-2981
-754
2254
2268
-2032
-2948
3644
17
-4391
4275
1323
-3606
269
567
330
1110
901
-1281
-1654
-751
980
2471
-607
-947
-112
-867
-374
2064
1354
-2496
-752
913
330
195
444
326
-1544
-412
1555
1065
-25
-876
-379
1037
1139
-1070
412
2357
1692
-4335
-443
8966
-4052
-2969
5440
795
-1287
-2715
5719
1812
-7275
4219
5685
-5798
-128
4377
-1637
725
-160
-3667
5530
2487
-6446
1500
769
1697
-364
-3654
4941
168
-6984
2255
6808
-3099
-4235
3042
719
-1660
-750
1321
3634
-3800
-5464
6166
2244
-4613
1676
159
-1846
365
-226
1038
1811
-2504
-4249
2213
4776
-2297
-2692
1722
301
-3173
-1665
5589
1177
-6791
-173
4368
-1399
-2128
1519
1108
-987
-1695
283
802
-999
-1079
257
311
-69
-302
-248
158
-94
-473
-256
581
763
83
-393
182
89
-378
874
1486
23
-620
288
496
251
1202
1043
-1387
1150
1491
-1169
2546
1183
-2142
-305
1165
713
1873
1739
-695
-658
-898
1530
6000
19
-7121
1399
7087
-1671
-3716
5815
-701
-7251
1264
7458
4442
-9930
-5356
9106
732
-3961
4288
-1978
-4112
2519
-2697
3843
5909
-8732
-5697
5506
1692
80
282
-4261
-703
-1444
-6
5929
1228
-9401
-3715
7574
812
-2718
2120
909
-6533
-2427
7843
5818
-6516
-7394
5070
3380
-3081
2216
3842
-3138
-4704
1897
7030
2409
-4186
-2168
1044
1002
1292
2085
400
-1476
-1271
318
3656
1745
-1895
-891
126
948
2085
1697
-351
-1339
-682
1326
3221
1051
-1238
-90
682
-201
1379
3128
555
-1951
-1304
1025
1166
237
666
2590
-219
-4972
1747
5696
-2360
-2819
6385
2052
-8379
832
9667
-1919
-6949
3267
5196
-2470
-2246
2407
1595
-408
-2138
963
856
3224
4165
-8853
-3765
11454
-3542
-7243
11238
1053
-12330
761
9588
-4449
-1148
4293
-9474
-1090
12461
-3061
-12327
5547
8029
-8405
-6564
9591
6479
-14523
-6764
14343
2543
-11970
-2854
8426
-1140
-8943
1328
5764
-1136
-6094
-3741
3757
3358
-4368
-3498
4250
1546
-7332
-1993
5205
-521
-5598
-464
5444
29
-5067
-399
2975
-449
-2353
2052
3752
-1078
-3219
1823
3313
-593
387
3173
1372
-1106
572
2842
1315
13
2344
3395
1667
787
6
-888
-853
3114
5418
1855
-1396
-1455
187
950
3231
4274
168
-2746
-312
3168
84
-40
2358
-590
-1563
1285
2288
-1004
1787
-1719
-7339
4806
10897
-699
-11770
-2282
7354
-3820
-84
7369
-3470
-7241
-5019
2442
12143
-1966
-17427
-777
10771
-3794
-6664
3377
-2655
-6868
-2785
1176
6158
-6448
-11675
1661
1225
-5802
-394
3749
-3556
-10821
-5450
6517
3816
-6996
-8081
-330
2231
-2952
-722
1312
-4909
-7318
-1550
4801
758
-4201
-598
-1812
-4598
930
5116
1466
-4231
-4233
2256
5168
804
-710
1013
55
272
3928
5285
1454
-1567
89
3676
5073
4267
3285
775
161
3409
4602
1867
47
2451
4242
2745
2464
2210
-762
-735
3785
4380
1682
1062
-805
-2036
1290
4639
1196
-1813
761
736
-1417
-973
1783
780
-479
-1404
1562
2244
-7564
1214
5948
-6400
-2679
1256
2174
1400
-9425
-4476
7497
-2542
-9274
-9
5059
-4463
-11322
-2261
4843
-1310
-7780
-3389
-2305
-6417
-1110
1461
-5949
-7285
-2058
33
-4184
-6313
-1246
968
-6009
-8021
1177
5762
-2114
-10501
-5848
1143
-585
-1933
1217
720
-5684
-6602
1173
4308
386
-1952
-1985
-1354
861
3164
2411
-1743
-2730
2332
5330
2884
360
153
697
1315
3378
6515
5768
1183
-919
643
3979
5419
5051
4442
1449
734
2920
4601
5142
3868
2279
1918
2883
4419
4734
1620
144
1668
4463
6795
2157
-2263
-567
3451
4996
3203
1353
1131
385
-4378
2355
6635
-94
1346
-5874
-5006
4961
7147
-4086
-13141
579
392
3600
-990
-14718
-3052
3590
-4869
-8856
1168
1416
-9032
-10887
-4293
3164
-776
-8171
-9644
-5788
-81
-2138
-7816
-7145
-2935
-4025
-7753
-3295
1322
-4838
-12939
-12526
-1527
5303
-1716
-9969
-9407
-4665
-2205
-1835
-2154
-1173
-3567
-7163
-3301
2255
2532
-1555
-5226
-2597
4550
5944
387
-3136
-408
3771
4408
5174
6024
4454
57
-2320
4739
11604
9262
3110
70
2301
6891
8985
7928
4867
2018
4037
6525
7077
7709
4680
1129
3044
7634
9041
4934
1383
2160
3166
6862
9165
4704
1057
1154
3665
6367
5441
3510
3470
2035
-804
1608
8837
5683
-2174
-4677
-1860
8953
5826
-6261
-5335
352
1888
-1782
-5511
-1752
2895
-6141
-13548
-3071
4497
-3969
-12142
-9611
-3013
-1982
-9810
-11550
-3856
-3596
-8564
-9988
-7378
-7135
-11211
-9800
-4105
-2937
-7147
-11214
-10608
-5371
-2921
-5037
-6241
-6111
-4810
-4430
-4549
-2791
-2241
-3187
-2237
333
389
-1576
-2007
101
2128
2620
4420
4019
490
-900
2390
7617
7581
3361
1469
2787
5143
6834
6307
5166
3440
2566
5254
7134
6373
4294
1511
1930
5780
7892
5206
1223
52
2541
5521
5643
5122
1425
-1349
2481
4453
4009
4964
306
-1690
2156
2982
3570
3764
-179
-6336
-752
9919
4159
-6587
-2625
875
129
1618
704
1247
-3216
-8306
-1459
6788
3604
-5649
-7545
-1549
2551
-114
-3517
-581
-1218
-4304
-545
2008
-2471
-8928
-5699
3137
4234
-1085
-5673
-6550
-3560
-237
1097
1568
-1040
-5709
-5937
-760
3896
1016
-3715
-2607
497
1353
-361
-1101
-276
-296
-468
2808
4171
341
-4406
-4543
4133
7227
1485
-2132
-2843
-343
1863
2427
2924
430
-2923
-1619
1220
2001
1365
-1817
-2688
-43
1632
812
-1896
-3276
-2044
836
1543
-488
-900
-1929
-3393
-360
2292
1443
-844
-3196
-2252
598
1558
359
-1435
-1155
-2544
-50
2472
-3338
158
2521
-3808
-2644
1017
2100
2063
-1630
-4647
103
3990
1223
-734
-22
-655
-686
2209
2942
3506
3238
-2145
-3844
-195
4487
8326
4621
-2144
-2466
1815
5352
5248
4137
3586
1013
-129
4537
7611
5322
1725
168
4113
8065
6538
2033
-227
2218
5951
6559
6467
3775
-216
-871
947
7367
9308
2948
-3385
-3213
2667
5641
3257
483
-803
-1717
-532
1740
1595
-792
-3396
-2940
-323
1193
-993
-4589
-4978
-2937
-420
-145
-1936
-4819
-5574
-3519
-1321
-37
-1550
-3804
-5115
-4034
-835
550
-858
-2916
-5485
-4144
1944
1127
-1720
-1978
-4089
-1500
2103
-241
-2828
135
1044
-1510
-1383
-211
1088
-501
-2656
-995
1621
909
-2908
-1168
2313
-2185
-8021
-6103
2756
6332
-1141
-7774
-6671
-3015
13
1009
983
-483
-5259
-6727
-913
4623
3679
-1894
-4263
55
4324
3405
499
179
2022
3993
5246
6566
5660
880
-1576
2951
10766
11522
4820
608
740
4097
8467
9482
7352
3426
517
2716
7031
8058
5889
2563
1516
3803
5892
5166
2692
1463
2392
4160
4856
4224
2326
-179
-338
3192
5793
3511
565
-1015
-1026
783
3029
3236
232
-1524
-2830
-2592
-7
2272
2737
-2019
-7307
-4245
1178
656
-2405
-5041
-1911
-1460
-6831
-4312
1288
-1679
-9503
-7910
171
2403
-3761
-10249
-9710
-6220
-1369
1757
-521
-6785
-11800
-9906
-2003
3331
804
-5084
-9375
-8850
-3314
1749
561
-5121
-7181
-4694
-1679
-1019
-3062
-5021
-5725
-3830
-163
387
-3541
-7359
-7983
-3898
2355
1843
-4642
-8295
-6235
-1213
1609
742
-1002
-2527
-3160
-210
3846
4630
2882
1256
2726
6401
7734
6740
5940
6471
8459
10424
10311
9081
8633
8613
9255
11212
12469
10572
7936
7070
9761
12664
9780
7558
7925
7088
7454
7851
8447
7312
4338
5129
6318
6010
5123
2113
1817
4578
3306
1889
1534
-1758
-754
-454
-2922
-1309
409
-3051
-9826
-11710
-7346
-2320
-2544
-7477
-11742
-13337
-12462
-9177
-5505
-5975
-10666
-14102
-13010
-8937
-6541
-7765
-10225
-10504
-8202
-6107
-6695
-9003
-8697
-6347
-4638
-2357
-3027
-6349
-7484
-6497
-2088
1371
-157
-2736
-4500
-4062
-312
1986
1523
337
-1884
-1873
839
2661
2863
1435
218
386
2406
3989
2961
1352
1240
2503
3768
4659
3892
2344
1791
3409
5874
5392
4144
3805
3171
4096
5823
6735
7060
4817
2559
5147
6980
6489
6469
5082
5925
4912
2484
6821
9441
5564
2137
3350
5774
4875
4155
4131
2884
1704
1246
2412
5198
4049
-3335
-7320
-3729
2859
5626
639
-6460
-9120
-7143
-1942
1757
-468
-5239
-9825
-9978
-4568
-371
-1597
-6623
-9290
-6583
-2879
-2726
-4924
-6922
-5482
-2700
-1513
-307
-2459
-6112
-6855
-2783
3874
5219
-1648
-7836
-6050
-227
5260
4509
-303
-3799
-5085
-1176
3749
4473
1023
-3556
-4116
76
3300
2165
-1102
-3172
-1430
1200
2370
1070
-1812
-1897
-171
1755
2950
1479
-1363
-1785
-499
2177
4559
1932
-886
-1403
-874
2041
4161
1960
-1275
-1772
7
2428
2568
567
-1225
-902
365
1073
928
107
445
-1462
-3161
505
3599
2892
-1798
-6409
-5750
-444
5506
4865
-1115
-5701
-5701
-1843
3250
5451
2515
-3483
-5941
-1374
3694
4467
1781
-1702
-1702
1496
3612
2318
10
1
1632
3125
4488
2856
-480
-1191
373
4378
5572
2413
-662
-2295
10
3679
3826
1805
-418
-2222
-1579
726
2355
1758
-1142
-3051
-2143
132
432
-1046
-1610
-1841
-1940
-1168
-341
-962
-2439
-2360
-492
-17
-1664
-1906
-1103
-1889
-1322
1045
234
-2723
-3615
-1240
676
133
-913
-1862
-2566
-1619
665
-171
-2554
-2025
-576
-1341
-1552
345
-146
-3774
-3635
-351
744
-1185
-1851
567
-1732
-6794
-5833
800
5030
1070
-5477
-6207
-2950
-584
1598
2507
49
-3755
-4598
-927
2455
2957
863
-1578
-860
2132
3125
551
-732
1971
4893
2950
1386
3260
2269
-732
492
6104
8819
3542
-2807
-1046
3309
5497
6482
3806
-672
-2515
289
4781
5221
2271
-608
-2181
-1028
2644
4146
804
-3108
-1756
1645
1773
268
-866
-1262
-1303
-403
1542
1449
-1517
-2861
-1247
571
1370
644
-1436
-3372
-2793
393
2901
556
-2997
-2776
-1447
-435
436
-297
-1122
-1654
-2198
-547
199
-1065
-2050
-2242
-1462
-1258
909
2045
-3754
-8695
-6192
1612
5611
884
-5617
-7582
-6055
-1602
3431
3692
-1548
-7557
-7202
-1277
3147
2722
-1119
-4011
-3410
-259
1914
696
-1213
-1093
869
1678
2020
951
-1522
-1077
1599
4802
4025
398
-1339
-726
1609
3987
4296
1743
-702
-711
969
2420
2520
2430
1106
-776
-1010
1090
2540
1475
472
-16
-114
335
1030
1090
921
974
650
403
399
676
1884
1821
87
831
1824
706
570
1244
1723
1225
788
1479
1078
546
1030
2011
1362
-335
562
1896
659
34
956
867
-369
-1031
247
1429
989
-1646
-3818
-4334
-1266
3411
2656
-2859
-6419
-5068
-1347
1260
1445
-391
-4072
-6857
-4009
1503
2447
-1600
-4204
-3036
-1474
-603
-601
-949
-1523
-1406
373
644
-1698
-1765
162
152
717
1061
-411
-1624
-1430
1310
2947
1086
-1040
-1534
-736
527
1729
1816
-141
-2105
-1421
264
1162
782
-317
-932
-1500
-837
1087
1209
-654
-880
459
438
-388
-330
723
824
373
1407
880
-907
-344
1061
1728
1710
655
36
207
-86
1045
2723
1894
122
-821
-440
1413
2237
1372
-13
-229
-402
-475
986
2950
2156
-3111
-5935
-3591
2488
5585
1110
-4524
-5744
-3404
-391
2505
2828
-1269
-6320
-5555
633
3345
963
-2377
-3009
-1616
-11
966
183
-1235
-1441
152
1849
2548
-344
-3519
-1302
3666
4971
828
-2537
-1811
489
2807
4676
3096
-1939
-3910
-365
3996
3989
1061
-1148
-2149
-1404
1098
3106
1424
-1775
-2186
-179
586
258
445
-399
-1154
-194
985
25
-1764
-827
1262
916
-180
166
-18
-1779
-1135
2259
2282
-862
-1445
-79
-53
-451
966
2107
-426
-2557
-996
1272
911
-578
370
658
-1686
-2227
89
1318
1364
-455
-4069
-5609
-2729
3399
4473
-1607
-6094
-5008
-2284
434
2636
1827
-3089
-7359
-3962
2647
3383
-826
-3489
-2157
-342
79
72
420
-154
-1109
-129
2359
2694
-1502
-3021
1246
4541
3291
-309
-1209
-61
742
2959
5022
2504
-2125
-2360
1522
4282
3363
1567
-405
-1705
-234
2384
3641
1462
-1194
-556
402
234
1435
2118
385
-829
347
1858
517
-1035
1124
2387
840
-238
462
1615
-48
-235
2519
2221
64
-976
234
1671
788
854
1456
-49
-1173
675
1791
311
-626
131
-639
-1199
769
2218
1648
-2970
-5944
-3290
804
3482
2424
-2865
-7080
-5065
-252
2196
1841
-769
-4776
-6604
-3410
1963
3396
-1486
-5144
-2936
-377
-637
-1422
-587
-343
-1331
-1233
919
1158
-2875
-3325
1381
3430
1460
-1530
-2390
-1188
522
2728
2886
-125
-2640
-1911
872
2728
2085
379
-1426
-1600
-42
1256
1677
561
-647
-431
-190
48
1005
1094
210
394
1071
739
-289
49
1954
2410
1078
423
641
63
734
3323
2726
-327
-357
1033
861
1061
1922
1353
-241
-736
570
968
71
630
843
-1150
-1571
-55
60
-643
1665
1394
-4594
-6899
-2541
3222
3283
-1108
-4647
-5128
-3619
-911
2193
1969
-2090
-6174
-5208
-54
2518
573
-2430
-2765
-1357
-532
-792
-558
192
-105
-573
349
1408
22
-2394
-496
3661
4307
1138
-2881
-2328
800
3447
5272
3303
-1357
-3809
-1321
3978
6262
3148
-1086
-2967
-1320
2387
4442
3399
-379
-2234
-544
1471
2649
2075
372
-113
762
1658
1529
227
508
2253
2082
1433
979
384
-104
1582
4192
3265
148
-1558
-17
2937
3927
1592
56
-143
49
1309
2049
1753
1017
-639
-1259
-71
670
442
1040
1337
-1731
-5054
-4641
40
3871
1233
-4127
-5920
-4561
-1897
1034
1248
-1562
-5152
-6596
-3160
1205
1065
-2599
-4501
-3224
-1361
-924
-1739
-1795
-1386
-1519
-794
696
-663
-2274
-2325
-564
2564
2492
-234
-2360
-2092
239
2327
3446
2357
-895
-2718
-1065
2754
4795
2489
-566
-1729
-1033
1601
3537
3088
520
-1658
-1146
1475
3005
2059
860
165
-195
754
2565
2340
761
732
1377
1621
2006
1677
862
1302
1360
2148
2761
722
31
1525
2351
1873
1510
1318
816
510
1267
2087
1650
1013
117
-717
200
1679
2947
1945
-2194
-4052
-3141
748
5276
2742
-3815
-6241
-3612
861
3033
1956
-1007
-5263
-6032
-1010
3646
2665
-2350
-4556
-2473
-120
949
85
-1293
-1497
-1299
48
1531
-4
-1322
-1379
-998
1745
2633
328
-2206
-3053
-11
3251
3036
717
-2066
-3283
-1340
2288
4261
1665
-2913
-3966
-1556
1831
3288
1502
-1722
-3959
-2389
1758
2978
561
-1389
-1760
-948
444
1508
1520
-276
-1492
-222
1243
938
374
1009
428
-514
433
1347
925
-10
608
1738
648
-652
341
779
477
917
1410
593
-805
-1017
-250
1302
1413
1655
751
-3526
-5103
-1725
3737
4552
-430
-4506
-4692
-2554
813
3215
2474
-1593
-5940
-4292
865
3213
1809
-1451
-2456
-1539
-223
845
787
300
229
-168
290
1930
1036
-1237
-336
2957
3378
1311
-724
-633
882
941
3187
4233
225
-2627
-1355
1805
3419
2489
723
-1393
-2713
-671
2594
3043
267
-2120
-1899
-1439
330
2271
995
-1488
-2187
-828
407
265
5
203
-467
-1001
-210
214
-64
-113
435
120
-910
-784
137
812
463
-456
-663
-330
-611
366
806
-619
-1154
-471
216
-341
-1529
-945
147
-824
698
432
-3536
-5351
-3308
2768
3867
-1821
-5382
-5017
-2893
53
2029
1800
-2360
-7377
-5304
578
3350
1129
-2932
-3374
-2544
-1305
769
1272
-91
-1396
-1995
-6
1847
222
-908
-378
1202
2070
948
-714
-1145
85
1554
2681
2247
-113
-2068
-1273
1515
3401
2455
-526
-1957
-1552
81
2556
2736
28
-2034
-1959
-409
1899
2278
348
-1244
-1156
32
955
1529
1102
-213
-322
668
1205
419
186
1323
1379
454
246
377
411
1087
1572
1122
364
-307
40
954
1445
1262
321
-515
-327
348
141
553
464
640
1168
-1527
-3881
-3115
1123
4184
1054
-3521
-4573
-3026
-644
1747
2638
340
-4901
-6255
-1335
3000
2582
-990
-2825
-2461
-1731
-160
1282
1025
-383
-1530
-1191
584
1468
340
-1222
188
2845
1668
-1378
-1118
672
1388
1743
1787
1090
-1640
-2369
1326
3386
1713
-365
-1256
-1109
-265
1276
2265
518
-1732
-1605
-241
646
610
886
42
-1620
-921
759
888
255
6
499
498
-397
299
731
336
691
1227
876
-939
-723
1365
1872
679
39
231
-316
-142
1007
1662
467
-1112
-246
496
-195
-512
64
341
-1015
199
1509
-2253
-4937
-2807
2319
3191
-1592
-3764
-3034
-3363
-1251
2831
2812
-2069
-6236
-3980
907
2591
1684
-409
-2153
-2752
-743
2351
2281
603
-75
-622
-25
2606
3091
583
-471
1335
3903
2936
-25
-90
1194
1765
2888
3822
1658
-1753
-1586
1875
3893
2786
349
-1433
-1703
-639
2131
3100
78
-2271
-2019
-1026
425
1505
577
-1519
-2493
-1093
570
377
-454
-847
-877
-825
-290
399
-291
-1043
-382
48
139
-102
-1135
-423
241
40
377
10
-617
-1282
-273
984
418
-484
-933
-874
-792
-692
608
200
-609
353
-1714
-4148
-3414
752
3659
143
-3692
-3717
-2816
-1259
1253
2760
245
-5071
-5477
-533
2542
2104
-364
-1935
-2237
-1715
484
1724
884
-31
-605
-516
988
1729
990
117
661
2256
1994
571
1519
1463
-209
708
2522
3505
1589
-821
64
984
1485
3089
2794
-71
-2156
-655
2518
2795
1416
116
-1374
-1275
306
2556
2248
-832
-1613
-415
104
1108
1449
459
-838
-1588
265
1480
776
-24
-873
-903
-571
499
1308
-124
-1557
-1256
-507
149
641
-133
-1519
-2238
-621
1209
343
-1268
-2054
-1720
-624
242
181
1024
-1215
-4473
-4034
-771
3510
2209
-2333
-3893
-3224
-1621
989
3016
1869
-2616
-5226
-2151
1817
3316
1585
-1253
-1880
-1434
548
1984
1636
913
-156
-943
857
2649
1441
-385
-313
2261
2872
848
-490
-56
1133
1034
1516
1788
14
-1200
-192
1493
1410
-8
-550
-6
-500
-476
503
243
-730
-641
-14
-468
-817
-473
-51
121
-6
-327
-737
-546
150
742
924
79
-1208
-283
677
968
1710
85
-1377
-500
846
2107
1258
-632
-765
-306
775
1735
931
-195
-879
-569
997
862
-122
-798
-299
-178
272
2078
-347
-4211
-4337
194
4184
1631
-2299
-3365
-3448
-2224
1484
4069
1645
-4183
-5960
-1724
2314
3285
1280
-1218
-2943
-2588
496
2544
2310
677
-1290
-1566
609
2807
2508
41
-847
1038
2091
1984
1249
-16
-298
283
2165
3448
1444
-1174
-1597
-35
2303
2944
1427
-704
-2458
-1465
1521
2725
1531
-685
-2181
-1778
165
2090
1605
-426
-1415
-1208
78
1239
1150
189
-852
-671
349
1141
1021
175
-393
-287
-297
339
1455
320
-930
-854
-208
588
434
135
-658
-1608
-722
388
-49
-752
-1402
-1747
-1268
-521
19
-1402
-751
-868
-3782
-3561
-2279
531
1290
-1971
-3432
-3483
-3358
-951
1340
1151
-1472
-4945
-3957
-365
1550
1556
-426
-1629
-2479
-1657
969
1845
1409
252
-1231
-338
1901
1996
888
197
977
2457
1524
1161
1451
117
322
2164
3259
1919
-116
-147
587
1267
2394
2340
887
-821
-1140
992
2039
1452
1100
-65
-971
-640
1030
2366
1077
-241
-64
30
210
1081
1845
1297
-412
-612
1160
1101
1121
1270
213
-377
-809
1154
1845
114
73
-521
-679
250
357
798
-113
-1504
-726
-342
-161
-548
-1225
-472
-673
-2101
66
1171
-3183
-4389
-3578
-606
1675
-1090
-1998
-3310
-5173
-2835
616
1913
-495
-4518
-4888
-2705
-563
1613
696
-1558
-3529
-3295
-288
454
813
861
-1738
-2199
-86
1290
1099
-232
-129
388
-539
489
2281
1110
-296
-906
-473
945
987
1538
1176
-1129
-1545
-290
1628
1730
235
-200
-1220
-1592
488
2196
1475
-562
-1240
-526
-268
1023
2128
890
-483
-685
701
1575
931
1300
866
-16
1319
1845
1383
402
-685
833
2138
1928
1773
279
-1362
-512
1550
2847
1963
-427
-1203
-664
64
1370
1676
382
-1782
-1660
4
-380
1322
1246
-2728
-3456
-3603
-499
2702
-164
-1554
-2613
-4448
-2373
374
1894
714
-3385
-4364
-2053
-355
900
812
-365
-2270
-2990
-825
559
1022
782
-1015
-867
-152
488
1603
249
-571
489
412
1399
2086
-509
-1050
-205
480
2308
1513
-67
-777
-1510
97
1501
1477
464
-1243
-1191
-447
261
1176
571
-540
-1243
-863
690
578
278
558
-611
-555
746
1073
825
139
-32
419
925
1503
1731
605
-953
-247
1119
1827
1965
696
-278
-729
-253
1620
1910
763
-164
-633
-177
-167
368
776
-281
-641
-239
-665
-469
1191
-727
-2280
-2108
-2617
618
734
-1114
-157
-2770
-3438
-1062
-58
1232
-376
-2481
-1895
-1565
-797
496
625
-303
-1376
-1237
-628
149
802
243
-252
235
353
779
858
245
1426
280
-916
1770
1617
1023
1229
72
112
-332
390
2328
1670
115
-678
-231
319
451
1257
955
-499
-937
28
1071
717
74
228
-150
-377
1036
1932
901
-260
-264
473
1005
1322
1853
1282
-543
-349
890
1273
899
25
682
-35
-552
786
-135
363
577
-1869
-101
1119
-1493
-264
1009
-1010
-634
82
-928
-433
-237
-854
-97
-200
-1116
-635
622
105
-1389
-558
-939
-1747
-1
-280
-233
400
-1487
-715
230
-1001
-180
-201
-716
194
-204
-166
203
-610
-291
270
-306
74
747
-71
-51
556
135
430
523
280
668
205
25
652
795
73
-254
634
387
37
756
428
406
266
-419
608
707
-167
597
541
-165
192
284
407
537
-33
-116
194
-95
177
711
-98
-382
119
-116
125
281
-172
-55
-255
-368
184
55
-355
-261
-281
-409
-171
-48
-39
77
-180
-109
150
-227
-191
98
-44
117
256
67
16
-20
-17
259
331
0
19
115
-125
132
490
415
172
-250
-317
-78
14
45
-5
-58
-187
-134
167
201
115
-103
-402
-300
-173
-53
201
140
20
-94
-260
-97
50
-11
-35
-19
125
273
311
167
33
121
71
15
74
31
54
49
208
328
24
-19
-3
-84
238
312
232
297
-10
-48
179
73
117
88
-115
-35
-53
-81
76
16
-49
36
-223
-326
-59
-112
22
200
-84
-83
-139
-261
85
106
-24
71
-85
-183
-82
83
252
98
-178
-166
33
80
92
264
218
5
-69
30
158
110
137
149
8
69
139
190
278
165
139
148
35
166
333
304
252
159
69
108
161
266
425
380
238
292
324
334
443
414
349
333
268
315
440
484
448
345
190
123
188
225
274
262
118
3
-40
56
161
71
-47
-116
-125
-47
-12
-29
-137
-235
-147
-47
-47
-143
-330
-388
-317
-239
-157
-171
-297
-424
-424
-294
-214
-232
-287
-313
-292
-278
-207
-147
-209
-254
-216
-122
-34
-70
-136
-157
-178
-100
37
70
9
-88
-117
-40
20
49
59
12
-34
-2
86
138
96
26
20
88
171
205
193
155
107
118
230
346
361
270
147
134
240
366
430
377
249
177
231
382
495
466
341
255
297
448
573
572
486
374
326
425
569
592
465
333
313
372
457
483
411
312
234
258
356
341
274
239
182
165
176
157
157
134
68
3
-73
-98
-69
-59
-79
-139
-239
-356
-392
-310
-258
-312
-379
-445
-479
-454
-421
-399
-428
-497
-487
-416
-390
-419
-460
-489
-480
-426
-373
-376
-443
-515
-489
-402
-351
-346
-390
-457
-488
-446
-336
-241
-245
-339
-411
-356
-217
-113
-101
-171
-225
-200
-112
9
82
40
-38
-41
37
135
188
170
144
152
195
245
258
235
216
264
353
386
340
260
234
322
443
501
463
345
263
315
446
542
510
388
324
362
450
501
461
368
311
343
427
460
390
272
210
251
332
352
282
166
90
97
154
195
162
67
-17
-33
4
40
18
-53
-117
-129
-100
-72
-82
-126
-165
-180
-174
-184
-227
-264
-246
-188
-159
-219
-338
-414
-372
-249
-159
-188
-324
-461
-470
-342
-202
-174
-268
-394
-437
-371
-263
-217
-270
-356
-382
-322
-240
-218
-273
-349
-356
-274
-185
-177
-251
-334
-329
-229
-121
-112
-209
-314
-318
-208
-86
-54
-134
-243
-276
-208
-95
-40
-81
-163
-201
-160
-82
-39
-59
-111
-128
-90
-42
-26
-45
-67
-62
-26
15
25
-8
-44
-32
23
74
84
56
24
19
49
91
112
102
80
72
88
110
119
111
100
104
113
108
102
112
133
153
151
122
94
82
95
121
136
118
78
40
31
51
79
82
50
3
-29
-21
17
44
38
5
-30
-43
-22
0
-8
-42
-71
-68
-48
-42
-77
-133
-158
-138
-101
-97
-146
-219
-261
-240
-199
-187
-220
-278
-325
-320
-284
-274
-309
-363
-380
-350
-323
-322
-347
-375
-376
-348
-303
-271
-286
-324
-334
-302
-247
-207
-203
-229
-260
-263
-223
-160
-128
-143
-180
-200
-180
-138
-108
-107
-128
-150
-152
-130
-101
-84
-95
-105
-101
-89
-73
-73
-72
-56
-38
-29
-30
-39
-39
-23
7
37
49
36
6
6
42
88
120
120
95
71
70
103
163
206
192
143
107
112
148
182
194
174
133
98
95
124
144
129
98
68
54
61
61
57
49
38
32
21
5
-8
-16
-16
-17
-29
-50
-70
-81
-85
-82
-80
-94
-109
-112
-99
-79
-71
-76
-80
-68
-51
-37
-32
-36
-38
-31
-18
-3
-10
-30
-42
-38
-26
-22
-32
-51
-58
-54
-41
-35
-46
-62
-72
-68
-51
-41
-43
-59
-73
-71
-57
-40
-32
-45
-54
-46
-29
-22
-29
-31
-22
-6
0
-6
-15
-19
-5
23
46
43
31
22
35
65
85
85
68
51
52
61
70
75
65
56
54
61
67
62
43
28
28
37
46
38
19
4
2
9
20
20
6
-10
-24
-23
-15
-8
-7
-15
-27
-35
-27
-9
1
-3
-10
-8
2
20
27
24
25
27
26
28
35
39
43
46
45
48
48
46
51
53
54
48
46
44
42
35
24
15
11
12
15
12
3
-4
-9
-10
-3
-3
-10
-16
-16
-6
4
9
10
14
23
31
36
41
39
41
55
65
65
62
58
63
81
99
109
104
86
80
87
103
121
124
112
101
102
118
133
135
127
121
125
137
142
132
122
121
131
136
127
111
94
88
98
112
118
102
73
59
59
69
73
60
43
33
23
21
32
39
38
26
8
-2
2
10
22
35
31
6
-19
-19
9
42
50
25
-10
-21
2
40
55
37
5
-22
-17
15
43
43
13
-21
-29
-8
18
29
18
-7
-25
-23
-6
13
23
14
-4
-9
-4
5
15
15
12
10
12
16
17
10
11
20
20
15
11
16
19
19
18
18
19
19
17
16
15
6
-1
4
11
17
18
16
14
11
9
6
11
25
29
24
14
6
6
14
27
32
20
10
13
22
30
33
25
16
5
2
13
27
29
20
7
-4
1
17
29
28
15
-8
-20
-11
11
29
23
-3
-19
-17
-5
10
13
0
-12
-14
-10
-4
1
2
-1
-8
-11
-9
-6
-7
-13
-15
-17
-15
-14
-12
-9
-7
-3
0
-4
-7
-6
0
9
12
6
1
-5
-6
4
12
14
10
2
-6
-8
0
9
15
8
-3
-9
-10
-1
4
6
6
3
1
-2
-3
-5
-9
-13
-13
-11
-6
-3
-7
-13
-14
-8
0
6
5
5
2
-7
-8
2
7
15
21
18
14
4
-1
4
15
27
33
31
22
16
17
25
32
33
25
16
17
19
24
28
24
18
10
9
14
12
7
2
-4
0
3
-4
-10
-15
-18
-18
-13
-9
-11
-13
-9
-6
-4
-2
-1
-3
-3
-5
-1
3
4
4
-1
-8
-11
-8
-3
-1
-5
-16
-23
-19
-8
3
7
-3
-18
-28
-24
-14
-6
-6
-15
-26
-30
-19
-3
2
-3
-7
-4
0
0
3
7
10
12
10
6
5
5
8
11
13
13
7
3
7
12
13
8
2
4
10
19
25
21
11
1
3
17
30
30
15
0
-2
10
31
41
30
5
-14
-11
11
31
26
2
-20
-25
-5
12
11
-6
-27
-32
-26
-15
-4
-1
-9
-19
-16
-2
7
1
-6
-7
-1
8
8
0
-9
-12
-5
1
0
-6
-10
-8
-5
-6
-10
-16
-21
-19
-14
-5
-3
-8
-10
-10
-5
5
6
1
-6
-15
-13
-5
0
2
2
-3
-5
-4
-1
5
9
6
6
6
6
8
8
7
11
11
12
13
9
12
17
21
24
18
11
11
18
27
23
11
7
9
21
27
24
13
-4
-6
4
13
12
5
-3
-5
0
9
8
1
-2
-7
1
8
1
-9
-16
-14
-5
-3
-4
-12
-16
-8
7
12
1
-15
-20
-9
2
7
1
-14
-24
-20
-4
5
-4
-15
-23
-20
-3
7
4
-9
-21
-21
-13
1
4
-3
-17
-22
-7
6
8
1
-10
-15
-9
7
15
8
-3
-11
-5
13
28
25
10
0
3
17
25
23
16
6
6
16
25
26
18
5
7
14
18
18
13
9
9
16
20
12
3
4
16
25
20
9
-2
1
12
21
19
8
3
4
11
18
14
5
0
-2
6
11
9
5
4
9
15
18
10
-1
1
2
6
8
1
-3
-5
-12
-12
-11
-13
-17
-19
-20
-20
-21
-20
-19
-18
-16
-16
-13
-10
-9
-5
-1
-6
-9
-11
-14
-8
-1
0
-3
-5
-2
0
0
0
2
1
2
0
-2
0
0
2
7
9
10
8
7
12
17
16
14
16
19
19
16
14
19
23
22
21
21
19
16
19
25
27
29
26
23
22
23
28
31
29
29
31
33
29
25
25
23
24
24
17
17
13
11
12
12
13
10
6
8
14
12
6
1
-4
1
6
4
-5
-12
-13
-10
-3
-5
-8
-6
-6
-2
-5
-7
-6
-12
-11
-5
-3
-4
-10
-9
-8
-14
-11
-11
-12
-7
-4
-1
1
-2
-3
-3
-3
-4
-9
-11
-13
-9
3
4
-7
-13
-16
-17
-11
-3
-1
-4
-7
-6
-3
-3
-2
2
-1
-6
-7
-3
1
1
5
10
9
9
10
8
15
16
13
11
12
16
18
18
16
16
17
16
12
9
10
14
20
21
18
19
13
14
17
14
15
9
5
6
7
9
10
8
9
7
4
3
1
0
-3
-3
2
-4
-4
0
-6
-6
-11
-13
0
-8
-20
-14
-5
1
-8
-31
-51
-49
-28
-20
-19
-24
-43
-34
-12
0
21
3
-34
-16
-5
-2
35
25
-45
-71
-34
1
10
4
-36
-67
-40
7
60
78
15
-26
4
23
42
59
42
8
-36
-37
2
41
60
15
-16
1
27
78
43
25
5
-4
47
13
102
60
-27
81
-58
103
-77
390
2008
-1530
-4809
630
2560
-1194
578
1746
-956
-41
1241
332
165
-736
-1174
573
878
-167
-101
-163
-368
94
369
55
-460
-316
308
114
3
437
0
-417
-56
-40
22
185
-180
-2
334
-159
-115
257
-195
-170
178
-128
76
324
-108
83
175
-426
-168
213
-155
-117
122
84
65
-117
-227
-79
24
69
11
-212
-35
158
-13
86
-78
-262
125
10
-23
-83
243
921
-1930
-1835
2532
676
-1444
827
8
-881
702
337
-249
32
-541
-216
760
137
-340
6
-108
94
367
123
-196
-326
206
452
-93
48
260
-210
-163
207
110
147
26
-183
241
243
-112
209
215
-320
46
325
-111
35
86
2
-61
1162
506
-3492
-2047
2332
634
-1352
447
164
-506
736
689
187
-1115
-1216
5170
5359
-941
-4735
-7497
-1466
5910
1864
-1562
-486
-3004
893
5325
195
-2504
-1240
-1167
1293
2961
143
-1237
-1836
-904
2137
768
-1530
-521
-424
-107
1504
733
50
119
-1345
-586
581
-739
302
1111
-835
-125
785
-595
-67
-67
-1049
304
271
-684
812
900
-539
-8
182
-407
-91
-150
-127
421
107
-230
462
123
-492
320
219
-459
-121
-117
32
408
-122
-91
170
-431
-276
218
57
-44
235
549
-441
-1379
139
1627
601
-471
-167
-102
-120
315
663
113
-818
-459
523
595
163
-243
-368
-91
-128
74
488
-57
-350
282
180
-323
-65
154
-105
-218
-51
61
33
-15
116
224
-153
-358
90
266
58
-61
-46
-17
-138
-107
231
-51
-466
-114
17
43
170
-58
117
104
-558
-95
434
-223
-191
245
-125
-330
9
266
250
-17
-129
162
103
-259
27
332
-40
-203
59
88
-105
-186
72
255
-86
-141
200
35
-125
37
51
94
-55
-175
108
76
-23
150
85
-35
-32
100
202
-55
-165
-20
-131
-50
260
179
-3
-91
-155
19
141
28
44
80
-7
-64
12
151
-21
-190
-26
29
6
108
78
-37
5
-59
-209
23
225
-35
-221
-120
20
-43
-208
5
23
-380
-205
55
187
735
-95
-1332
-332
223
-81
728
460
-272
-80
-420
-246
309
-202
-53
749
430
-177
-12
-86
-415
-9
90
-83
69
-90
183
466
-271
-97
308
-594
-265
594
-83
-210
223
135
226
-30
-357
-196
-53
146
167
102
207
132
119
-82
-195
185
47
-55
183
130
230
-20
9
361
-532
-632
358
309
231
70
-378
-70
154
201
38
-491
-89
398
-51
-43
300
-96
-454
-160
139
79
-195
-265
185
307
-153
-100
132
-180
-112
322
136
-20
45
-229
-18
133
-257
44
-22
-429
340
407
-289
-7
-116
-389
256
158
-242
209
-11
-348
192
174
-16
21
-473
-309
332
58
-116
176
-16
-182
28
27
79
132
-214
-54
305
-43
-24
187
-213
-314
-20
270
247
-209
-45
276
-151
-149
73
-145
53
188
75
312
-18
-400
191
284
-266
-85
177
29
185
303
105
42
-12
-35
186
105
-258
8
411
107
-28
99
-198
-215
143
104
-8
45
28
131
-4
-392
-67
324
-77
-50
108
-362
-69
332
-172
-119
32
-431
-195
256
7
-209
-141
-51
-55
-77
-6
-136
-139
89
-23
-22
34
-257
-191
-21
-115
-17
-57
-164
6
73
79
-68
-288
-45
140
4
56
1
-119
52
54
-47
60
-88
-276
48
305
170
80
-3
-94
0
59
38
-1
-58
106
276
116
-46
-56
-116
-96
71
136
107
79
-1
-35
-6
-48
-75
1
21
-55
29
229
183
2
-82
-117
-85
-9
63
137
101
48
111
56
-151
-211
-109
12
103
135
129
56
-112
-165
-37
8
-41
5
60
77
71
-17
-50
-34
-122
-116
25
83
101
94
-8
-78
-77
-78
-44
24
-2
-96
-11
164
99
-56
-75
-76
-97
-91
-44
88
146
25
-65
-57
-82
-129
-77
47
105
89
43
-10
-63
-111
-90
-19
28
56
86
87
31
-33
-71
-68
-22
29
53
35
20
50
55
-10
-69
-61
-23
-1
40
77
50
25
13
-21
-60
-64
-15
39
28
20
58
42
-22
-54
-34
12
12
-4
43
78
43
15
9
3
-2
-3
31
74
70
33
-3
-13
-13
-26
-22
15
39
26
25
44
23
-48
-93
-62
-5
22
38
44
9
-41
-55
-31
-20
-40
-29
31
49
7
-25
-28
-34
-45
-32
4
25
9
2
19
12
-25
-50
-48
-40
-32
9
54
54
21
-12
-28
-41
-63
-68
-38
-1
8
12
14
-7
-38
-56
-46
-17
19
51
65
69
51
1
-46
-69
-70
-43
4
26
8
-16
-12
18
32
21
6
-3
4
34
61
68
37
-2
6
23
24
15
4
16
42
63
77
55
-1
-39
-43
-30
1
35
31
-1
-37
-56
-48
-32
-31
-40
-41
-31
-9
10
-3
-41
-79
-89
-58
-16
3
2
-8
-28
-33
-15
-12
-30
-50
-54
-26
9
16
4
-13
-31
-28
2
25
13
-12
-16
1
19
14
-6
-16
-7
29
62
55
13
-22
-15
15
28
16
-4
-16
-9
22
45
35
1
-32
-22
10
20
22
12
5
3
-6
5
12
-10
-39
-24
31
46
18
8
10
-4
-18
1
19
3
-23
-18
22
33
2
-10
9
11
-5
-8
-9
-24
-20
7
39
48
13
-16
-15
-12
-10
-8
-5
9
29
34
16
-9
-29
-30
0
36
41
25
7
-7
-19
-26
-17
17
43
37
39
37
12
-21
-38
-33
-9
23
53
71
48
-3
-27
-29
-21
8
29
33
21
-7
-18
-15
-7
10
10
5
2
-5
-5
-4
-5
-6
-16
-23
-23
-27
-13
9
17
7
-17
-32
-44
-55
-46
-13
14
13
6
2
-17
-37
-44
-35
-13
4
18
21
6
-12
-17
-16
-15
-10
2
15
12
2
-2
1
6
9
-2
-12
-7
4
18
33
30
24
17
14
23
22
13
23
49
63
58
52
41
29
31
41
55
65
75
82
78
60
53
53
50
55
75
81
80
89
95
81
54
42
54
79
96
105
109
97
74
67
69
60
55
68
86
105
117
106
78
52
41
43
51
70
86
97
98
86
57
33
39
64
88
97
96
106
114
111
104
97
86
86
112
135
143
138
122
126
144
152
154
145
139
147
156
176
188
182
177
172
169
172
179
188
201
203
192
189
189
176
166
166
162
154
154
152
147
130
108
91
78
65
55
45
30
10
-7
-21
-41
-66
-85
-103
-121
-145
-168
-187
-204
-222
-240
-257
-277
-302
-325
-338
-347
-356
-366
-371
-381
-387
-386
-382
-370
-364
-363
-353
-341
-332
-314
-293
-279
-274
-263
-239
-204
-177
-162
-143
-121
-95
-69
-42
-11
7
30
63
95
122
146
173
209
237
250
265
290
310
325
351
374
383
387
398
409
401
396
409
423
430
426
416
403
378
359
360
363
355
345
337
315
285
266
255
242
225
212
208
189
154
130
109
83
56
41
36
24
-9
-40
-54
-68
-99
-144
-164
-166
-186
-211
-211
-203
-239
-298
-312
-305
-334
-381
-384
-350
-365
-408
-404
-383
-407
-446
-418
-367
-382
-414
-387
-344
-351
-374
-353
-336
-358
-356
-308
-282
-287
-288
-271
-256
-263
-260
-249
-240
-216
-187
-169
-162
-148
-148
-151
-119
-79
-77
-79
-43
-9
-13
-20
14
39
17
24
78
107
81
70
106
112
80
97
147
149
122
137
169
151
122
136
159
147
127
136
150
139
122
128
137
132
123
122
127
129
128
123
122
135
123
90
86
109
109
77
74
101
93
47
34
72
81
38
32
74
76
23
-6
17
14
-29
-38
-6
-2
-47
-69
-42
-44
-90
-110
-86
-79
-108
-119
-98
-95
-129
-151
-125
-101
-124
-148
-139
-126
-135
-147
-135
-128
-157
-179
-152
-125
-149
-186
-180
-152
-160
-184
-172
-162
-193
-221
-183
-136
-170
-240
-233
-178
-185
-227
-216
-180
-206
-254
-224
-161
-178
-241
-227
-160
-160
-210
-193
-131
-133
-174
-153
-92
-90
-121
-102
-38
-24
-56
-45
0
9
-10
-2
31
41
19
22
60
72
46
32
61
79
59
46
63
71
53
44
62
70
44
22
35
53
37
24
38
47
26
14
31
43
28
15
28
41
37
30
34
43
32
25
45
62
59
41
39
52
49
37
42
54
51
40
40
52
43
24
22
34
40
32
29
34
29
16
10
20
21
11
5
7
11
8
3
5
5
1
7
16
21
14
6
12
23
27
18
7
5
5
2
4
18
25
10
0
1
-2
-11
-18
-14
-10
-16
-21
-17
-13
-23
-36
-25
-12
-14
-16
-20
-20
-20
-28
-19
-15
-26
-32
-25
-24
-28
-25
-16
-17
-25
-29
-23
-14
-14
-21
-23
-25
-28
-20
-10
-9
-14
-16
-17
-18
-11
-13
-19
-18
-21
-20
-15
-11
-4
-3
-11
-16
-9
-8
-10
-7
-10
-18
-16
-13
-11
-17
-29
-27
-23
-16
-7
-8
-10
-17
-20
-17
-16
-18
-20
-20
-19
-17
-9
-6
-11
-12
-7
-7
-7
-8
-10
-13
-15
-9
-2
-6
-9
-8
-2
2
6
7
5
-1
-2
3
3
3
1
-1
-2
4
11
10
4
2
5
4
6
9
7
9
5
8
15
11
8
7
3
5
9
11
5
0
2
6
3
-3
-3
-2
0
4
8
1
-3
-6
-11
-6
6
5
-1
-4
-2
1
2
-1
-4
-3
-3
-1
1
-1
1
7
8
3
3
2
-4
-5
0
3
3
4
9
7
1
-1
2
1
3
8
9
5
2
4
7
6
8
10
8
7
5
4
-2
-8
-2
6
9
8
8
7
10
11
11
12
11
5
4
4
9
12
12
11
16
20
16
14
14
17
20
21
23
21
17
11
13
21
21
19
20
21
22
17
15
16
13
9
12
13
14
11
9
8
11
11
9
12
14
14
14
10
8
7
9
10
6
7
12
12
8
7
4
5
2
-1
2
0
3
7
0
-5
-7
-7
-7
-1
2
6
4
-1
-1
-2
-7
-7
-8
-9
-7
-7
-5
-1
-2
-2
2
-2
-1
2
-2
-4
0
-2
-5
-2
-2
-2
-1
0
3
4
0
2
6
3
6
10
12
10
7
8
14
17
13
8
6
5
9
11
14
15
14
14
13
16
18
18
16
20
21
22
23
18
15
15
20
26
25
26
21
15
12
11
12
14
16
13
11
9
10
10
10
2
-5
-1
-1
-3
1
0
-4
-9
-12
-13
-12
-17
-20
-21
-23
-22
-18
-16
-15
-16
-22
-33
-36
-37
-39
-38
-39
-39
-38
-37
-38
-40
-38
-38
-37
-39
-39
-37
-33
-30
-27
-28
-33
-35
-35
-31
-24
-21
-21
-22
-23
-20
-19
-19
-18
-15
-15
-17
-16
-13
-9
-10
-10
-9
-6
-4
-4
-3
-3
-6
-5
-4
-6
-7
-7
-1
4
2
1
2
4
6
1
0
-1
2
4
3
3
2
0
-2
0
2
6
4
1
1
1
1
-3
-6
-9
-13
-12
-13
-13
-15
-13
-6
-6
-5
-4
-8
-8
-7
-11
-11
-10
-13
-9
-7
-8
-7
-5
-1
0
-2
-2
-6
-6
-3
-4
-4
-2
0
2
0
-2
0
1
2
6
4
2
1
-5
-2
3
5
5
2
-1
0
5
5
2
1
1
3
6
5
6
5
5
12
21
20
16
17
22
26
28
28
31
32
31
33
31
29
30
34
36
38
41
41
37
29
28
31
33
31
28
27
29
30
31
31
32
29
26
27
28
27
25
25
25
23
19
16
14
13
14
14
14
8
3
3
0
-7
-9
-7
-4
-5
-5
-1
-4
-7
-8
-8
-9
-4
-1
-4
-8
-9
-8
-10
-11
-7
-5
-3
3
4
4
11
14
18
21
22
29
34
37
40
40
42
49
52
57
65
75
85
87
85
94
99
94
101
115
120
117
123
134
133
128
125
132
136
141
147
150
147
146
146
143
144
144
142
144
154
158
154
149
144
139
133
129
129
130
128
127
126
121
115
108
107
106
102
100
102
99
94
93
86
83
82
78
74
74
72
70
70
65
58
56
51
47
45
35
34
42
38
29
24
21
23
22
23
22
16
10
13
17
9
0
-5
-11
-12
-10
-11
-12
-15
-19
-19
-15
-13
-12
-8
-8
-11
-12
-12
-6
-6
-7
-7
-3
1
5
8
6
8
9
9
10
10
7
12
20
24
20
12
9
10
10
12
16
21
21
18
21
22
16
13
17
20
23
24
22
19
16
12
13
10
6
8
11
11
14
13
11
12
7
2
4
7
8
4
2
-1
-5
-5
-2
0
2
-1
-1
0
-3
-4
-9
-16
-15
-12
-8
-9
-12
-12
-12
-11
-12
-12
-8
-6
-4
-6
-8
-8
-12
-17
-20
-20
-22
-21
-19
-17
-17
-20
-21
-21
-19
-15
-14
-18
-22
-21
-20
-20
-15
-16
-24
-26
-25
-25
-20
-18
-15
-12
-12
-11
-11
-13
-16
-17
-13
-10
-9
-5
-8
-12
-14
-14
-4
1
-2
-1
4
4
1
-2
-6
-5
4
8
5
5
4
4
-1
-7
-8
-6
0
0
-4
-1
1
4
6
0
-8
-11
-12
-12
-7
-3
-2
1
0
-6
-13
-15
-13
-12
-9
-7
-7
-6
-4
-7
-11
-17
-24
-18
-17
-20
-16
-13
-9
-11
-14
-12
-17
-25
-24
-20
-16
-14
-18
-19
-17
-18
-19
-19
-15
-9
-8
-7
-6
-6
-7
-9
-8
-7
-8
-6
-5
-5
-5
-3
-4
-1
1
3
7
8
8
7
5
3
4
6
10
8
4
3
0
-1
1
0
3
6
5
5
3
0
0
0
4
7
8
8
4
2
3
4
3
6
8
7
7
10
10
11
10
5
4
7
10
6
7
5
0
3
6
4
4
0
-6
-3
1
3
8
5
-1
-4
-3
-3
-6
-7
-3
1
-1
-4
-5
-3
-3
-2
-3
-7
-11
-10
-11
-11
-11
-13
-12
-9
-9
-8
-8
-10
-9
-7
-11
-15
-15
-14
-13
-12
-12
-7
-9
-12
-14
-13
-8
-6
-8
-5
-2
-1
-1
-2
-6
-3
-2
-3
0
-2
1
3
0
-1
3
6
6
3
5
6
6
9
10
12
13
9
10
12
6
4
4
6
12
14
12
13
18
18
12
7
3
3
5
6
7
5
5
5
7
7
3
1
1
1
-1
-3
-2
-5
-3
-5
-10
-15
-18
-18
-17
-15
-14
-13
-11
-8
-13
-19
-16
-9
-5
-3
-4
-6
-7
-12
-15
-15
-14
-16
-14
-10
-9
-11
-10
-11
-14
-17
-18
-17
-17
-17
-18
-18
-14
-14
-17
-14
-10
-5
-2
-2
-3
-4
-7
-6
-4
-5
-8
-6
0
4
4
5
6
5
6
8
7
7
9
12
14
14
13
13
12
13
19
21
22
16
10
8
5
5
0
-2
4
5
9
10
5
2
0
1
0
2
4
3
6
7
1
-4
-8
-11
-8
-4
-5
-4
-2
-3
-6
-8
-10
-11
-12
-14
-14
-11
-10
-10
-10
-8
-7
-10
-11
-9
-9
-9
-10
-10
-5
-7
-10
-13
-16
-12
-7
-8
-9
-8
-7
-6
-4
-4
-4
-4
-6
-10
-11
-10
-9
-9
-7
-2
1
-1
0
1
1
1
0
-2
-3
-1
1
1
4
7
8
9
6
8
10
3
2
3
1
4
0
-3
-2
-1
-2
-1
2
2
2
4
2
4
5
0
-2
-1
1
4
5
2
0
-1
-3
-1
3
4
5
6
6
6
7
7
5
1
0
4
8
11
13
13
4
1
-1
-6
-11
-13
-12
-11
-5
-3
-6
-8
-11
-9
-9
-11
-12
-11
-10
-12
-13
-14
-15
-18
-19
-15
-11
-13
-14
-17
-17
-17
-16
-17
-13
-13
-12
-11
-9
-6
-6
-6
-7
-8
-6
-6
-5
-7
-8
-7
-5
-3
0
-2
-1
1
0
0
1
-1
3
8
9
3
0
-6
-5
-1
1
5
11
11
7
8
10
6
2
1
4
5
8
13
12
14
9
8
9
0
-2
0
-1
2
5
4
6
5
1
-2
-6
-12
-10
-6
-5
-5
-5
-5
-9
-12
-9
-9
-9
-11
-12
-13
-14
-14
-14
-10
-10
-15
-13
-13
-14
-13
-12
-10
-14
-17
-15
-20
-20
-17
-15
-14
-14
-12
-9
-11
-14
-16
-19
-21
-20
-19
-14
-8
-11
-13
-12
-13
-15
-15
-15
-12
-12
-17
-18
-13
-10
-7
-9
-12
-12
-13
-12
-11
-9
-9
-7
-5
-6
-5
-1
-1
0
4
6
9
9
6
6
5
6
4
4
7
7
4
6
10
14
11
8
9
5
2
2
6
7
7
6
5
6
1
-2
-4
-8
-9
-8
-8
-7
-5
-5
-4
-4
-6
-11
-15
-18
-19
-17
-13
-11
-11
-15
-18
-17
-17
-17
-16
-13
-15
-16
-15
-19
-24
-28
-25
-16
-12
-13
-10
-10
-12
-12
-15
-17
-17
-16
-12
-12
-11
-13
-12
-11
-12
-10
-13
-14
-12
-10
-7
-5
-6
-4
-7
-9
-8
-7
-11
-12
-11
-8
-5
-4
-3
-2
-2
-7
-8
-6
-7
-2
0
0
4
10
10
8
5
2
1
2
5
3
3
5
5
5
6
7
8
4
4
9
5
1
-1
-1
2
3
-1
-4
-2
1
3
2
-2
-7
-7
-11
-13
-11
-9
-4
-5
-9
-4
-3
-8
-10
-8
-7
-5
-5
-5
-8
-9
-12
-13
-15
-19
-21
-16
-13
-14
-17
-17
-17
-20
-21
-24
-24
-23
-23
-17
-11
-16
-19
-15
-12
-10
-8
-8
-7
-6
-6
-5
-6
-7
-8
-7
-7
-6
-1
4
6
-1
-5
-2
-1
0
3
4
2
1
1
4
4
2
0
-1
1
1
0
2
4
6
5
2
5
4
2
3
6
6
3
1
2
6
3
4
7
4
1
1
-3
-5
-3
1
3
4
1
-3
-1
0
1
-2
-6
-6
-5
-9
-13
-9
-8
-9
-9
-7
-7
-9
-11
-8
-8
-9
-5
-6
-8
-9
-12
-10
-9
-7
-7
-5
-9
-18
-18
-17
-15
-17
-17
-18
-19
-16
-17
-17
-15
-17
-14
-13
-10
-12
-11
-10
-11
-9
-6
-1
-3
-5
-5
-2
0
-4
-4
-3
-5
-3
-1
-2
0
1
6
11
11
13
15
13
13
13
10
9
8
10
11
13
15
11
11
13
10
13
17
14
16
14
8
10
11
9
6
3
5
8
9
8
7
6
5
7
5
-1
-3
0
0
0
0
-4
-5
-6
-5
-4
-3
-10
-11
-10
-12
-12
-12
-14
-13
-14
-14
-11
-12
-12
-11
-11
-9
-10
-12
-13
-14
-15
-12
-8
-10
-13
-12
-9
-8
-5
-7
-10
-8
-11
-14
-12
-11
-11
-7
-9
-5
1
3
4
6
6
7
6
4
3
1
6
15
16
16
14
9
10
10
9
8
9
9
12
18
19
18
20
19
18
19
17
18
16
11
8
5
4
5
7
9
11
10
9
8
10
11
11
11
8
10
11
11
11
10
9
7
4
2
-2
-4
-1
0
0
2
1
-1
-5
-10
-10
-9
-10
-9
-5
-5
-8
-7
-8
-10
-13
-16
-14
-11
-13
-11
-11
-16
-15
-10
-10
-8
-7
-6
-2
-1
-2
-4
-6
-3
-7
-9
-9
-11
-8
-9
-11
-9
-7
-4
-3
-5
-4
-3
-3
-2
-2
0
2
7
8
7
6
6
4
7
9
10
9
11
13
15
17
11
7
6
8
10
8
7
7
9
12
11
12
13
9
9
7
7
9
9
10
10
11
15
16
15
12
7
8
10
9
9
5
3
2
-1
-6
-5
-7
-8
-5
-4
-3
0
0
1
3
1
-3
-4
-7
-6
-9
-10
-11
-8
-8
-9
-9
-10
-10
-16
-16
-14
-16
-18
-18
-16
-16
-14
-13
-13
-9
-8
-10
-8
-8
-9
-10
-10
-12
-16
-17
-14
-11
-12
-9
-4
1
0
0
-4
-5
-3
-3
-1
3
6
9
12
12
14
18
18
18
15
15
14
14
17
18
15
17
18
11
11
11
8
7
6
8
12
9
5
5
2
-1
2
4
5
2
-1
-2
0
-2
-4
-6
-2
0
-3
-4
-6
-9
-8
-11
-14
-15
-11
-4
-5
-12
-9
-8
-3
-1
-6
-3
-3
-2
0
-3
-3
1
1
-2
-2
-5
-9
-10
-11
-12
-14
-12
-7
-6
-5
-7
-8
-5
-4
-2
-1
-3
-1
3
5
3
2
3
4
4
2
1
3
3
2
6
8
8
10
9
7
7
3
2
2
4
3
2
-1
-2
-1
3
2
0
1
1
2
1
0
-1
2
5
8
8
8
6
1
-1
2
5
2
2
2
0
1
2
2
3
2
-3
-3
-3
-6
-6
-4
-2
3
0
-4
0
-2
-6
-5
-4
0
2
4
4
4
3
-2
-1
-2
-6
-8
-8
-9
-8
-10
-11
-11
-9
-9
-8
-7
-7
-6
-6
-8
-11
-10
-10
-8
-7
-8
-6
-11
-13
-8
-6
-5
-2
-3
-3
-3
0
0
-2
-3
-1
2
4
6
9
8
8
6
4
3
-1
-4
-1
4
7
10
10
7
9
14
13
11
13
14
14
16
14
10
9
9
8
5
6
6
1
0
4
5
7
6
3
-1
0
-2
-3
-2
-2
-5
-6
-8
-6
-4
-7
-6
-9
-8
-7
-14
-18
-18
-18
-13
-11
-12
-10
-11
-10
-7
-8
-9
-10
-14
-10
-4
-3
-3
-4
-4
-6
-5
-6
-6
-6
-6
-2
1
1
-4
-5
-2
-6
-7
-8
-8
-6
-9
-9
-4
-4
-5
-4
-1
0
-5
-8
-4
-2
-4
-3
1
-1
0
3
1
0
2
0
3
5
3
9
13
14
12
10
10
9
8
8
9
14
13
10
12
13
12
14
14
10
8
6
6
7
4
4
6
4
3
5
3
2
1
1
3
5
-1
-1
0
-3
-4
-6
-10
-8
-9
-14
-12
-11
-10
-9
-7
-6
-8
-7
-8
-11
-9
-7
-10
-9
-10
-12
-12
-14
-11
-9
-12
-13
-12
-11
-10
-9
-9
-6
-1
-4
-5
-2
-1
-1
1
1
2
4
4
7
10
9
7
6
4
6
8
9
12
10
8
6
3
4
9
9
9
6
4
6
5
5
4
5
7
8
6
4
0
-2
-2
2
0
-2
-1
-2
0
2
5
6
6
5
3
3
3
2
3
0
-3
-1
0
2
2
2
2
3
2
4
4
6
8
9
8
8
8
11
12
8
7
5
0
1
2
2
4
4
-1
-3
-8
-9
-8
-10
-8
-6
-10
-12
-12
-11
-9
-12
-9
-12
-13
-9
-10
-10
-10
-13
-13
-11
-14
-16
-13
-11
-8
-8
-6
1
2
1
1
3
5
5
4
5
7
8
6
7
10
10
11
10
8
8
8
6
3
3
1
0
1
3
6
7
8
8
10
11
10
12
12
9
7
7
5
6
6
3
0
0
1
0
-1
3
3
2
2
0
2
3
0
1
-1
-4
-4
-4
-5
-2
-2
2
5
0
-1
-4
-4
-3
-7
-10
-7
-5
-5
-3
-6
-9
-6
-11
-11
-7
-10
-9
-7
-10
-11
-12
-9
-8
-8
-8
-10
-10
-8
-9
-9
-9
-11
-11
-6
0
2
2
-3
-5
-5
-8
-5
0
0
-2
0
1
0
-1
-4
-4
1
4
5
6
5
8
12
12
10
10
9
8
7
8
11
12
12
12
11
11
11
10
10
12
9
9
9
8
8
7
7
8
10
10
3
1
2
2
2
2
1
0
-1
1
-2
-8
-7
-7
-6
-2
-2
-5
-7
-4
-3
-7
-6
-7
-10
-11
-7
-5
-4
-3
-6
-6
-6
-6
-9
-11
-9
-8
-8
-7
-7
-9
-6
-8
-10
-8
-5
-4
-5
-3
-5
-5
-2
0
2
1
-3
-5
-4
0
1
0
1
0
5
5
4
2
0
2
0
-1
3
3
5
9
7
7
12
10
8
9
8
4
3
2
1
5
10
11
12
14
11
12
14
14
10
11
12
11
11
8
6
8
7
8
6
1
1
6
5
7
8
4
0
-2
1
1
2
6
5
6
4
2
3
-3
-4
-4
-4
-4
-3
-3
2
-1
-3
-2
-6
-9
-11
-12
-12
-12
-11
-10
-13
-10
-6
-5
-9
-11
-8
-8
-10
-10
-11
-9
-6
-5
-6
-4
-5
-5
-1
-2
-1
0
-3
-2
0
2
1
-1
-1
1
1
-1
2
3
5
5
4
3
5
8
6
5
5
5
8
9
10
10
8
7
7
4
2
-1
2
11
14
15
18
17
13
10
6
6
8
7
7
12
12
10
10
9
11
7
3
3
5
6
7
5
2
4
1
-2
-4
-6
-8
-9
-11
-9
-10
-10
-10
-7
-9
-7
-4
-5
-2
-1
-4
-4
-4
-2
-1
-4
-6
-9
-8
-10
-13
-12
-14
-14
-9
-5
-9
-8
-5
-8
-6
-2
-5
-3
-1
-4
0
0
-5
-4
-6
-6
-5
-5
-3
0
-1
0
3
0
-2
-5
-7
-7
-8
-9
-5
0
2
3
3
5
8
8
9
10
12
11
7
8
7
6
14
11
8
9
9
14
15
12
8
4
2
3
6
7
5
3
0
2
2
1
0
4
2
0
1
4
7
7
6
4
3
5
6
4
8
3
-2
-4
-6
-6
-6
-7
-7
-9
-10
-8
-5
-4
-5
-7
-11
-14
-15
-17
-16
-13
-12
-14
-13
-10
-8
-9
-9
-6
-7
-8
-8
-4
-4
-2
-1
-2
-1
-2
-4
-4
-2
1
2
6
5
3
2
4
6
5
5
0
1
3
3
4
2
0
1
1
-2
-2
3
5
6
9
11
8
7
9
10
10
11
10
7
9
13
12
11
6
3
5
3
1
2
2
4
6
2
-1
-1
1
1
-1
-2
-1
3
5
3
2
6
4
3
5
2
-5
-2
-1
1
3
0
1
6
3
2
0
-5
-5
-7
-8
-7
-9
-6
-4
-5
-8
-13
-15
-14
-18
-21
-18
-17
-14
-16
-17
-17
-16
-13
-7
-3
-2
-2
-5
-4
-2
-3
-2
1
0
1
4
7
9
7
7
8
5
4
3
2
3
0
1
3
2
-3
-2
1
0
0
-1
-5
-2
2
5
10
7
5
10
11
11
10
10
9
8
6
4
2
2
2
5
4
2
2
5
3
-1
-2
-5
-7
-5
-1
1
1
0
-1
-1
-1
0
-1
-1
-2
-1
3
-1
-3
-1
0
4
2
-1
-1
-1
0
0
-1
-1
-6
-11
-9
-5
-6
-8
-9
-5
-4
-6
-10
-13
-13
-14
-12
-10
-12
-11
-12
-12
-12
-16
-14
-12
-12
-12
-10
-7
-5
-7
-7
-4
-3
-2
-1
2
5
3
2
5
5
7
6
5
10
11
9
9
10
9
10
10
11
9
7
9
11
11
10
9
11
8
9
10
10
12
12
11
7
8
9
8
7
3
-1
5
8
6
1
-2
-1
1
2
1
-5
-9
-9
-9
-10
-13
-15
-12
-8
-8
-8
-9
-9
-9
-12
-10
-5
-6
-8
-11
-12
-9
-10
-9
-6
-6
-6
-5
-5
-3
1
1
0
-2
-4
-1
-3
-5
-2
-1
-5
-2
1
3
9
6
5
5
4
4
6
6
9
9
8
10
9
5
6
3
2
8
11
11
7
4
4
1
-1
-2
0
5
6
5
2
2
7
7
6
8
7
7
8
6
5
5
6
3
3
3
0
-2
-1
3
7
4
2
4
1
0
1
0
2
2
0
-5
-6
-4
-3
-1
3
4
6
5
0
0
-3
-3
0
1
3
3
3
4
1
1
-2
-6
-7
-7
-6
-3
-5
-6
-8
-11
-13
-12
-11
-9
-9
-14
-14
-12
-9
-9
-8
-8
-8
-5
-1
-1
-1
-4
-4
0
1
0
-1
-3
-4
-3
-4
-3
-2
0
2
4
1
3
4
4
3
1
4
2
2
6
6
10
14
13
13
15
16
17
16
12
16
17
12
14
13
9
6
1
0
5
8
7
5
4
6
6
2
-1
0
-3
-1
2
-1
1
1
-3
-2
-4
-6
-7
-10
-10
-7
-8
-7
-3
2
4
4
1
-1
-2
-2
-2
-2
-5
-6
-10
-11
-7
-6
-5
-4
-7
-10
-13
-14
-13
-12
-11
-9
-11
-12
-9
-9
-11
-10
-10
-11
-9
-11
-11
-10
-9
-7
-7
-9
-10
-12
-10
-7
-5
-3
-3
-1
0
1
7
10
7
6
4
3
5
5
8
15
17
17
18
13
14
13
8
10
10
8
8
12
14
11
9
10
8
7
5
1
2
0
-5
1
5
8
5
2
2
5
5
3
3
3
3
4
4
5
8
6
1
-6
-9
-4
-3
-6
-9
-8
-5
-6
-10
-11
-9
-8
-8
-6
-5
-1
-4
-7
-7
-7
-5
-3
-2
-6
-9
-14
-12
-10
-13
-13
-9
-7
-8
-9
-9
-7
-4
-4
-1
1
-1
0
2
-1
2
4
6
8
9
8
9
8
8
8
9
9
5
5
3
3
5
6
5
5
2
4
10
9
11
9
8
10
6
0
0
2
1
2
1
4
3
2
8
9
7
3
3
4
3
4
5
1
1
5
8
6
1
-1
4
2
3
1
3
16
7
-7
1
4
-5
-11
-4
-5
-5
-1
-2
2
-2
-16
-13
-5
-9
-11
-9
-9
-13
-10
-10
-12
-9
-11
-7
-1
-2
-5
-2
-2
-4
-2
-2
-3
-6
-6
-5
-6
-7
-7
-7
-7
-6
-7
-3
0
-1
2
2
-2
0
4
4
3
2
1
4
8
8
7
12
12
13
17
12
9
10
9
7
4
7
9
12
11
8
7
7
9
8
8
7
9
8
0
4
8
7
9
8
3
3
3
-1
1
1
-1
2
1
-3
-5
-12
-11
-8
-8
-7
-5
-7
-10
-10
-10
-10
-13
-13
-7
-6
-2
-1
-1
-1
-5
-10
-9
-11
-14
-12
-10
-10
-11
-9
-9
-8
-8
-9
-7
-4
-5
-6
-6
-4
-2
-4
-4
-5
-8
-5
-1
-2
-1
-2
-2
-2
0
-1
-1
0
1
2
0
0
-2
-7
-6
1
4
4
5
6
6
6
6
7
8
9
9
9
9
10
13
15
13
10
11
16
16
15
15
12
12
11
11
11
9
9
8
4
4
7
8
4
0
-2
-2
-1
-3
-4
-7
-9
-7
-7
-6
-5
-6
-9
-8
-6
-5
-7
-9
-9
-6
-5
-7
-6
-6
-8
-4
-5
-6
-3
-6
-11
-8
-8
-8
-9
-9
-9
-7
-5
-2
-3
-5
-6
-6
-2
0
-1
0
3
0
-6
-5
-4
-2
0
-1
1
2
-1
-1
-1
0
1
3
4
