0
0
-3
-5
-4
-4
1
-4
-2
-1
-1
2
4
5
2
-1
1
-2
-5
-1
-2
0
0
5
7
5
5
7
9
7
8
7
2
2
0
-1
-1
3
2
2
3
2
0
-2
-2
-4
-1
-1
2
6
3
1
1
1
-1
-1
-4
-4
-3
-5
-6
-2
-7
-2
-1
-2
-2
0
5
6
8
4
4
4
1
-1
4
1
8
6
1
2
2
-1
-2
3
1
-2
-1
-3
-7
-4
-4
-1
-2
2
3
-2
-2
-7
-8
-8
-7
-7
-7
-10
-8
-8
-8
-9
-9
-8
-8
-6
-7
-5
-7
-3
-4
-5
-4
-4
-6
-4
-4
-5
-1
-2
-3
-5
-1
0
5
1
2
4
0
2
-3
-1
1
3
1
10
10
2
7
7
5
7
11
8
9
5
5
2
3
4
1
3
2
3
8
7
1
3
4
-1
1
8
0
-1
2
-4
-3
-1
0
-5
-9
-6
-9
-9
-8
-6
-3
-3
-9
-6
-7
-12
-12
-6
-2
-3
-3
2
2
-7
-4
1
-2
-2
1
1
4
6
3
5
8
11
15
16
14
16
16
15
21
22
20
22
20
20
18
21
20
18
16
14
14
13
11
10
10
7
8
9
7
2
3
-1
-4
-4
-4
-6
-8
-10
-9
-12
-12
-11
-14
-16
-13
-16
-18
-17
-16
-18
-19
-19
-23
-19
-23
-23
-19
-19
-22
-22
-17
-17
-16
-14
-14
-13
-16
-16
-14
-14
-18
-11
-8
-7
-4
-4
-4
-6
-3
2
3
0
4
4
7
9
8
7
7
9
9
10
13
13
6
9
11
8
12
13
9
14
10
4
10
7
12
12
15
11
12
10
7
6
4
6
9
13
11
10
11
6
7
6
3
3
0
1
3
4
8
7
6
2
4
5
3
4
0
2
1
-2
1
3
4
1
2
4
3
0
-1
-5
-3
-5
-5
-1
-4
-5
-2
-4
-6
-9
-8
-11
-10
-2
-9
-9
-7
-7
-11
-10
-7
-8
-7
-4
-4
-3
-6
-9
-8
-10
-12
-14
-8
-7
-8
-5
-5
-6
1
0
-1
3
0
-3
-6
-4
-4
-3
-3
-2
2
-1
-2
-5
-4
-2
-1
3
2
0
-2
-2
-2
-1
-3
-2
7
6
5
7
5
6
4
4
6
12
9
12
11
9
11
7
13
11
11
10
8
8
6
9
5
6
9
8
9
12
11
7
10
7
6
7
7
4
5
7
-1
2
4
3
6
9
9
4
2
-3
-6
-7
-9
-4
-4
-9
-7
-5
-8
-6
-5
-7
-6
-8
-10
-15
-15
-10
-15
-14
-13
-13
-15
-14
-13
-11
-14
-14
-13
-16
-17
-13
-15
-11
-6
-1
-2
1
2
0
1
1
4
5
-1
-3
1
-4
3
0
5
8
4
4
5
4
8
6
0
7
8
7
6
12
9
11
9
10
13
8
11
11
9
6
7
5
4
6
9
5
6
5
2
8
8
3
1
6
4
7
7
7
11
6
2
7
7
1
1
-2
-3
-5
-4
-8
-7
-7
-8
-6
-10
-11
-12
-9
-9
-11
-8
-8
-15
-10
-11
-10
-10
-6
-7
-12
-9
-8
-11
-9
-4
-4
0
0
-1
6
4
2
6
7
6
7
10
10
11
9
6
3
5
8
4
4
4
6
4
9
9
3
7
4
3
3
6
5
4
1
2
-1
-5
-5
-10
-3
-6
-8
-5
-7
-8
-7
-7
-10
-6
-10
-12
-11
-8
-13
-8
-9
-9
-4
-9
-6
-6
-9
-10
-12
-6
-4
-8
-5
-7
-4
-1
-1
0
-2
-5
-4
-2
2
3
4
7
7
4
8
9
1
4
3
7
7
14
17
14
19
17
17
19
19
20
18
19
13
17
14
12
17
12
16
15
8
8
8
5
4
4
5
1
2
3
-2
-3
-7
-11
-7
-10
-11
-9
-9
-7
-5
-4
-10
-9
-6
-10
-14
-12
-10
-19
-16
-13
-19
-15
-13
-16
-12
-11
-13
-12
-10
-10
-2
-7
-6
-2
-5
-5
-2
0
-2
5
8
5
10
9
4
6
5
5
6
9
11
9
11
10
8
10
10
9
8
8
4
4
6
5
3
2
-1
0
4
4
1
3
3
1
-5
-1
-3
2
-2
-4
1
-6
-10
-4
-4
-4
-1
-2
-1
-2
-1
1
-3
-2
-1
-8
-4
-4
-6
1
-5
-3
-1
-8
-6
-5
-6
-5
-5
-5
-1
-5
-4
-5
-11
-2
-3
-4
1
0
-1
-2
-4
-6
-3
0
-5
0
-1
-2
-1
-3
0
2
-3
-4
-4
-6
0
-3
-4
-1
-4
-2
4
4
5
6
7
3
5
7
9
10
9
10
7
4
4
6
7
7
14
10
13
12
11
14
11
15
14
10
6
8
0
3
7
5
5
6
2
2
2
0
0
-2
-5
-5
-6
-6
-4
-7
-7
-13
-13
-8
-14
-12
-11
-14
-10
-10
-7
0
2
-3
0
1
-2
0
3
7
4
5
2
2
-1
-3
-4
-4
0
4
7
6
7
7
3
7
8
7
9
5
4
1
1
-1
2
3
2
5
3
8
4
-1
-1
-8
-6
-6
-8
-7
-7
-6
-8
-10
-6
-3
-3
-7
-8
-4
-7
-8
-11
-7
-9
-8
-6
-3
4
1
-1
-1
-2
-6
-1
-4
-7
-6
-10
-9
-7
-6
-8
-3
-6
-2
-3
-1
-2
-5
-1
-2
-4
-2
1
1
2
3
5
5
10
7
5
8
9
13
17
14
16
15
17
15
10
11
10
7
4
3
2
3
3
-2
0
-1
-4
-1
-4
-1
1
-3
1
0
-4
-3
-7
-6
-5
-5
-5
-7
-10
-8
-11
-8
-8
-3
-2
-2
0
-3
-2
-2
-3
-5
-3
-2
0
-2
-1
-2
3
4
1
5
6
3
4
5
6
5
10
8
6
6
6
7
8
8
4
7
5
8
11
9
8
5
7
1
4
2
2
0
-2
-1
-2
1
2
5
4
4
2
-1
-4
-2
-5
-3
-8
-8
-8
-6
-3
-6
-4
-4
-7
-4
0
-4
-1
-3
-10
-7
-7
-11
-9
-10
-12
-8
-11
-17
-13
-14
-16
-9
-10
-8
-7
-6
-6
-6
-7
-6
-7
-7
-5
-5
-2
-2
-1
-1
2
4
4
4
5
6
4
0
7
7
10
14
11
6
9
11
7
9
6
6
3
4
4
4
5
8
9
11
10
7
7
6
5
7
6
5
5
4
4
0
2
0
3
8
5
4
7
7
3
8
7
3
2
1
-2
-4
-2
-2
-1
-2
1
1
1
0
1
2
-1
3
7
6
7
6
3
7
3
0
3
3
1
6
6
3
3
-1
3
2
0
-1
-4
-8
-8
-7
-10
-8
-3
-4
-2
-1
-4
-6
-8
-9
-11
-9
-12
-11
-9
-11
-8
-13
-12
-13
-15
-16
-14
-12
-11
-14
-14
-16
-16
-17
-15
-20
-21
-18
-19
-15
-12
-10
-6
-5
-7
-3
-3
-3
-2
0
2
0
1
1
5
1
6
7
4
6
11
11
11
12
14
12
12
16
13
13
16
16
12
15
9
9
10
9
9
12
10
9
9
8
13
13
10
13
15
12
16
13
14
16
13
15
19
20
21
15
13
17
11
15
18
13
10
10
6
4
3
2
3
6
5
3
4
3
0
0
-2
-2
-6
-11
-13
-16
-20
-20
-19
-22
-22
-18
-17
-20
-20
-21
-23
-18
-19
-21
-20
-21
-21
-21
-18
-19
-19
-19
-19
-21
-17
-15
-11
-9
-3
0
-3
-3
1
1
4
7
6
7
5
2
3
6
6
9
5
6
4
5
5
5
5
10
9
4
7
5
4
4
5
4
3
-2
-4
-3
-4
4
6
2
-1
-1
-2
-4
-5
-4
-2
-1
1
-3
-2
2
0
3
0
-4
0
3
1
5
-1
0
4
0
4
6
8
8
6
4
5
6
6
2
9
8
8
10
11
10
12
11
13
11
7
10
8
-2
2
6
2
4
3
3
0
2
-1
3
3
5
3
-3
-4
-8
-6
-6
-4
-4
-4
-5
-6
-4
-3
-4
-4
-3
0
2
3
0
1
3
-2
-2
2
-2
-7
-6
-5
-6
-7
-7
-11
-15
-14
-16
-15
-10
-12
-8
-9
-10
-11
-8
-8
-10
-8
-6
-10
-13
-9
-10
-10
-4
-1
-4
-6
4
6
5
6
11
6
6
4
2
4
7
8
10
11
11
15
11
15
12
13
17
15
17
19
16
17
14
9
16
13
13
17
8
3
7
1
-1
0
0
2
1
-1
-1
-4
-5
-2
-3
-5
-6
-9
-12
-12
-15
-12
-14
-16
-15
-17
-15
-16
-15
-12
-10
-12
-9
-10
-9
-9
-11
-8
-7
-10
-10
-6
-5
-5
-2
3
6
1
0
4
5
6
8
8
8
7
6
11
12
13
13
5
5
8
6
8
13
12
10
10
5
6
5
5
4
8
9
9
10
11
7
5
4
1
3
3
1
-1
-6
-5
-4
-3
0
0
3
-1
4
0
-1
0
-4
-2
-4
-2
-2
-2
-5
-1
-1
-5
-3
-6
-5
0
3
-2
4
-2
-2
-6
-9
-5
-6
-7
-8
-5
-1
-2
-3
-5
-3
-4
-9
-5
-10
-9
-9
-12
-15
-19
-14
-12
-11
-9
-12
-12
-11
-13
-12
-9
-11
-8
-3
-1
-2
-2
-3
-2
-5
0
3
6
8
6
7
1
7
6
5
5
2
1
3
5
5
5
5
3
6
9
11
10
9
9
10
14
11
10
12
12
9
11
9
7
4
3
4
7
3
5
11
13
12
10
7
6
7
9
8
11
9
9
8
4
7
11
10
10
10
8
2
-1
-1
0
1
-1
-1
-2
-3
-6
-8
-1
-3
-6
-8
-8
-10
-14
-14
-17
-13
-11
-14
-12
-13
-11
-6
-6
-8
-7
-8
-12
-12
-10
-8
-3
-5
-1
-3
-7
-4
-5
-4
-7
-4
-4
-6
-6
-3
1
4
4
1
6
5
2
6
4
4
3
1
1
-3
-1
3
-1
2
0
-5
-1
-4
-5
-1
-2
-8
-3
-6
-7
-5
-6
-7
-5
-6
-9
-5
-7
-6
-9
-6
-5
-7
-3
-3
3
3
3
6
4
0
-1
2
0
5
6
10
14
12
14
13
15
14
18
18
17
12
15
12
10
12
14
13
12
13
15
14
17
18
15
12
12
9
7
6
6
4
4
6
3
4
0
-2
-6
-6
-5
-6
-5
-2
-3
-5
-4
-5
-11
-9
-9
-12
-13
-12
-13
-15
-14
-16
-19
-18
-15
-13
-11
-6
-5
-5
-6
-4
-1
-4
-7
-5
-8
-11
-9
-10
-10
-7
-4
-4
-3
-4
-2
-6
-6
-5
-9
-5
-6
-9
-5
-5
-5
0
-1
-2
1
-2
-1
-2
1
-1
0
-1
0
4
7
10
7
9
10
3
4
8
6
6
8
5
6
5
7
6
4
4
1
1
6
8
7
10
8
9
11
7
3
7
2
1
5
2
0
-1
-3
-3
0
-4
-6
-6
-4
0
-1
2
-1
-3
-5
-6
-9
-9
-7
-8
-4
-1
0
1
4
4
2
5
5
6
6
7
8
8
9
6
4
3
4
10
9
11
17
14
15
12
12
13
14
14
8
10
9
4
3
2
6
-1
0
1
-2
1
4
-1
0
0
0
5
2
-3
-2
-7
-8
-7
-5
-10
-11
-11
-14
-13
-14
-17
-13
-9
-10
-3
-3
-5
-6
-4
-6
-9
-11
-11
-14
-12
-7
-12
-11
-15
-13
-10
-13
-10
-10
-10
-13
-12
-12
-12
-13
-12
-5
-6
-8
-6
-9
-13
-12
-10
-10
-9
-2
-2
-3
-1
4
1
1
6
8
6
8
13
9
11
10
4
11
11
10
11
12
11
6
11
11
12
13
6
6
8
5
3
5
8
7
6
4
3
4
-3
1
2
3
1
2
4
1
-3
2
1
2
6
5
3
3
1
1
1
5
7
7
7
10
11
9
12
13
13
11
12
12
11
14
10
11
7
6
7
5
5
7
4
3
7
2
-1
0
-1
-2
0
-2
0
-3
-3
-7
-6
-7
-7
-7
-5
-3
-6
-9
-6
-8
-7
-7
-10
-6
-10
-12
-11
-8
-15
-13
-10
-17
-15
-13
-14
-15
-12
-13
-10
-12
-9
-7
-9
-6
-8
-7
-7
-10
-8
-6
-5
-5
0
0
0
0
0
1
-1
-3
-2
-4
-1
-1
-1
-1
0
2
-1
1
-1
4
1
1
7
4
12
6
7
10
8
4
7
6
2
9
6
4
5
3
4
2
-1
0
-3
-2
1
0
4
5
6
8
5
6
12
6
7
7
-1
2
1
1
3
5
10
11
12
20
14
12
8
2
4
0
-3
1
-8
-9
-8
-8
-9
-9
-6
-6
-5
-5
-2
-6
-3
-3
-3
-1
0
1
-1
3
2
3
1
-1
-1
-2
-2
-6
-6
-6
-1
-4
-2
0
-1
-1
0
0
5
9
8
12
10
6
3
1
0
2
1
5
8
4
7
11
6
7
2
3
1
-1
-2
-5
-6
-5
-10
-12
-15
-18
-13
-15
-11
-9
-6
-8
-9
-8
-9
-14
-11
-11
-10
-13
-12
-10
-15
-13
-10
-10
-7
-6
-6
0
-5
1
2
-4
-2
-4
-9
-8
-6
-7
-1
3
7
10
9
12
10
11
12
14
14
17
19
21
22
17
16
17
15
15
14
16
16
10
13
12
10
6
7
3
1
6
8
6
7
6
8
6
-1
-1
2
0
-5
-3
-6
-8
-8
-4
-8
-6
-5
-3
-5
-3
2
-4
-5
-9
-12
-13
-11
-11
-9
-8
-10
-4
-2
-5
-2
0
-6
-5
-3
-4
-1
1
0
1
2
0
0
0
-1
-3
-1
-1
-1
7
5
9
14
8
11
11
6
8
9
3
2
-1
-2
-5
-8
-3
-4
-4
0
2
2
1
-2
-2
-3
-4
-4
-4
-5
-5
-6
-10
-9
-9
-12
-9
-5
-3
-4
-2
-2
-9
-6
-5
-5
-6
-4
-5
-10
-8
-4
-4
-6
-7
-4
-7
-5
-7
-7
-3
-2
-3
0
0
-2
-1
-1
2
2
3
6
5
8
7
8
10
11
7
5
12
14
16
15
14
12
10
9
10
10
12
12
13
8
11
11
7
3
2
3
-2
1
1
2
-1
4
4
4
5
1
0
-5
-5
-5
-3
-5
-6
-6
-8
-8
-7
-6
-3
-2
2
0
-3
-3
-9
-11
-7
-7
-8
-3
-5
-6
-4
-3
-4
-4
-1
-1
3
0
-2
3
1
-2
-1
2
3
5
4
3
3
7
1
1
1
1
-1
-3
-6
-5
-6
-6
-6
-10
-5
-7
-11
-9
-8
-8
-8
-5
-6
-8
-6
-6
-7
-3
-1
-1
-4
-5
-6
1
4
1
4
4
1
-2
1
0
-1
2
3
7
5
9
6
5
7
8
6
5
10
8
8
8
5
8
8
9
11
13
14
11
9
10
11
9
8
4
6
5
2
1
2
7
-1
2
7
0
5
5
0
3
5
2
4
4
4
2
1
1
1
2
0
1
2
6
1
4
3
2
3
4
1
0
1
-4
-1
-2
-6
-16
-14
-13
-13
-12
-14
-16
-16
-18
-16
-13
-14
-13
-15
-17
-21
-17
-17
-21
-16
-15
-15
-14
-15
-16
-10
-8
-4
-1
-3
-4
-7
-5
-5
-2
0
-3
-2
1
2
3
8
7
14
14
12
18
22
19
18
18
16
15
12
12
9
7
8
11
12
11
9
8
6
3
3
-5
-6
-5
-8
-10
-8
-10
-10
-5
-3
-4
-2
-1
-4
-4
-8
-6
-7
-10
-7
-6
-11
-9
-4
-1
1
2
0
2
2
-3
3
1
3
2
6
6
8
5
3
6
9
9
10
10
6
9
3
2
1
2
3
5
5
2
4
2
2
2
5
4
7
9
2
4
6
8
12
12
17
12
8
11
10
4
6
4
-1
-1
0
1
1
-3
-3
-4
-3
-3
-4
-4
-6
-7
-8
-7
-8
-7
-9
-8
-9
-8
-8
-6
-3
-5
-4
-3
1
3
0
3
-2
-3
-5
-9
-6
-4
-8
-8
-5
-6
-4
-3
-2
3
4
2
6
5
6
5
3
2
0
0
-2
-2
-3
0
-1
-1
1
-3
1
1
0
1
0
0
2
1
2
6
7
3
-1
0
-1
-5
-5
-6
-4
-6
-4
-4
-9
-8
-7
-8
-7
-4
-4
-3
-4
-3
-7
-5
-10
-11
-9
-10
-4
-3
-3
-4
-3
-3
-2
-1
-2
-4
-4
-3
-3
-2
1
-2
-2
0
-3
-9
-2
-4
1
6
7
6
6
4
0
1
3
5
8
8
11
11
10
7
8
13
10
11
13
14
12
11
10
13
8
4
2
4
0
1
7
6
4
4
4
6
0
1
2
-3
4
2
2
-1
-4
-2
-4
-4
0
-2
-4
-2
-3
4
2
0
-1
-1
-2
-5
0
3
4
5
4
8
9
4
1
-1
-2
-2
-5
-7
-2
-4
-3
-7
-6
-7
-6
-3
3
1
2
2
2
4
0
-2
-2
-1
-4
-3
-4
-2
-3
-8
-5
-1
-4
-3
-3
-2
-3
-3
-9
-9
-10
-12
-11
-12
-5
-3
-4
-5
-3
-4
-4
-4
-4
-4
-6
0
3
5
9
7
7
7
6
6
10
8
7
7
6
11
17
15
9
9
4
-1
2
9
9
4
4
-1
-2
1
2
3
3
4
0
2
1
-2
-3
0
-3
-3
-3
-5
-5
-8
-3
-1
-3
-6
-4
-7
-7
-5
-4
-6
-8
-12
-13
-10
-8
-8
-9
-11
-10
-6
-10
-9
-10
-6
-8
-11
-7
-8
-5
-6
-2
1
3
3
9
9
10
8
5
9
8
12
14
13
12
9
7
10
1
3
3
4
5
6
3
2
5
-1
1
2
3
5
7
12
13
8
9
5
3
4
0
0
4
3
7
7
4
3
5
-1
-1
-3
-2
-4
-7
-3
-1
-6
-8
-5
-8
-7
-7
-7
-6
0
2
2
3
-1
-10
-9
-9
-12
-10
-6
-7
-9
-4
-9
-6
-4
-3
2
1
0
-1
0
-5
-3
-1
-3
-3
0
-1
4
7
6
8
5
4
3
7
8
5
7
5
3
8
8
4
4
6
2
3
3
3
5
8
6
7
4
5
1
4
6
5
5
1
-1
0
0
-6
0
0
-8
-3
-4
-6
-5
-2
-1
-5
-5
-5
1
-2
2
-2
3
4
4
1
-4
-5
-9
-4
2
4
2
3
4
2
-1
1
-4
-6
-8
-9
-7
-6
-8
-3
-2
0
2
-5
-2
0
1
0
-1
-5
-7
-7
-8
-8
-8
-6
-7
-1
1
-1
0
-2
-5
0
0
-1
-1
2
-1
0
1
0
-1
-1
0
4
0
-1
5
2
2
3
2
-2
2
3
7
4
3
1
3
3
2
2
2
3
4
1
4
0
2
2
3
8
5
5
8
10
10
9
8
5
7
8
8
8
12
7
4
10
9
9
9
9
10
9
7
6
2
-1
-1
-2
-1
-1
-2
-4
-6
-1
-7
-8
-11
-12
-12
-15
-14
-14
-19
-19
-19
-17
-15
-13
-12
-11
-14
-15
-13
-16
-8
-12
-12
-11
-14
-9
-5
-11
-4
-3
-5
-2
-1
-2
-5
-6
-3
1
6
12
9
8
7
10
7
8
13
8
7
10
12
10
13
20
15
16
20
17
18
24
25
23
24
21
19
12
15
14
10
8
9
7
7
6
-1
-1
-3
-10
-8
-10
-10
-9
-7
-11
-11
-17
-19
-13
-15
-17
-16
-20
-23
-20
-22
-21
-17
-18
-18
-15
-19
-17
-18
-19
-20
-20
-19
-12
-10
-8
-4
0
0
-2
6
6
6
7
7
10
14
11
14
19
18
19
17
16
18
21
17
20
23
22
20
17
15
14
14
8
10
9
12
13
9
9
8
6
6
2
5
6
1
6
6
4
2
2
3
-3
-6
0
3
3
-2
1
0
-7
-7
-5
-11
-8
-12
-13
-14
-13
-14
-12
-11
-18
-14
-16
-18
-17
-17
-22
-22
-22
-20
-18
-19
-20
-16
-18
-20
-19
-16
-15
-12
-7
-7
-7
-7
-8
-4
-4
7
8
9
11
13
13
13
15
15
19
19
25
23
24
28
27
27
25
24
22
20
20
18
17
16
15
14
9
7
0
0
3
-3
1
-3
0
-2
-3
-6
-6
-6
-11
-12
-9
-8
-16
-15
-12
-16
-17
-16
-18
-14
-15
-14
-16
-19
-20
-19
-19
-17
-10
-12
-12
-8
-12
-8
-7
-2
-4
-3
-2
-4
1
2
1
1
8
9
9
11
10
8
10
13
15
13
11
10
8
7
4
4
1
2
6
12
17
20
20
18
15
14
16
11
12
12
9
8
11
14
12
9
7
9
9
4
2
3
-1
-1
-4
-6
-5
-9
-11
-10
-11
-14
-13
-13
-16
-12
-7
-7
-4
-5
-10
-11
-9
-8
-9
-9
-12
-11
-15
-14
-10
-6
-10
-7
-8
-10
-4
-8
-5
-4
-3
-3
-2
-4
-4
-3
-2
1
2
6
4
3
6
7
8
9
10
10
10
11
15
13
12
9
6
9
9
9
12
11
11
11
8
9
9
6
8
9
4
2
1
3
0
2
2
-4
-5
-4
-3
2
4
0
3
0
-3
-1
-3
-7
-5
-7
-6
-12
-13
-10
-9
-6
-9
1
-2
-8
-6
-2
-5
-3
-5
-5
-4
-7
-12
-9
-10
-10
-8
-2
-4
-4
-3
0
-2
-6
-8
-8
-6
-7
-5
-8
-11
-12
-11
-9
-4
-9
-4
-1
-3
-1
1
1
-4
-1
-1
-3
0
2
-3
-2
-5
-6
-2
1
3
4
8
6
6
10
10
6
7
8
7
9
13
15
18
17
15
9
7
7
7
6
7
10
9
9
8
9
8
6
7
5
5
7
5
4
7
2
4
5
2
2
2
4
6
2
2
0
0
6
7
10
5
3
5
3
7
6
10
13
9
9
10
6
2
-1
2
6
1
3
3
-4
-8
-9
-5
-6
-1
-5
-11
-12
-10
-14
-17
-11
-9
-10
-12
-8
-12
-13
-15
-17
-18
-20
-20
-21
-21
-17
-17
-18
-17
-18
-19
-18
-18
-20
-18
-18
-15
-11
-13
-12
-9
-8
-12
-8
-4
-3
-2
2
5
5
9
13
10
11
14
10
9
8
13
11
11
12
12
12
16
15
11
13
10
12
17
16
16
19
19
17
15
16
12
15
14
12
14
14
13
15
15
17
13
10
6
2
5
0
-2
1
3
1
5
1
-2
-3
-3
-5
-5
-7
-7
-4
-5
-8
-10
-5
-8
-9
1
-1
-6
-8
-8
-7
-5
-7
-7
-5
-8
-8
-10
-9
-6
-8
-7
-5
-11
-10
-9
-8
-4
-2
-2
1
-1
-2
3
3
0
1
2
-5
-3
-7
-4
2
1
0
1
2
4
3
4
4
2
4
0
-5
-2
-6
-4
-2
0
0
-3
-3
-5
-2
-5
-4
-6
-4
-4
-6
-3
-3
-3
-6
-6
-7
-8
-9
-7
-6
-6
-5
-10
-14
-11
-10
-10
-3
0
5
3
5
5
7
6
7
7
1
1
4
2
3
8
7
13
12
10
12
13
12
7
7
5
3
6
8
13
13
8
10
8
11
17
13
11
8
5
3
3
3
2
2
4
3
6
5
2
0
-1
0
-1
6
8
2
-2
-2
-3
-2
2
1
-2
1
1
-4
-5
-5
-5
-10
-8
-6
-5
-3
-4
-3
-6
-6
-7
-7
-2
-3
-4
-1
-7
-6
-6
-5
-4
-1
-1
-3
-2
-1
-4
-4
0
-3
-7
-7
-2
2
2
3
6
6
8
12
18
17
20
15
13
12
12
10
11
12
7
5
6
4
3
4
-1
-4
-3
-1
-1
-3
-3
-8
-12
-14
-13
-14
-17
-12
-16
-16
-13
-18
-17
-16
-17
-18
-20
-19
-14
-14
-17
-13
-16
-18
-21
-22
-22
-21
-24
-21
-14
-17
-12
-12
-9
-9
-7
-5
-2
-4
2
3
3
6
2
5
9
8
10
15
18
19
17
22
21
14
14
14
13
13
18
18
18
19
22
28
26
25
25
23
15
13
11
11
15
15
14
10
9
10
13
12
13
15
14
11
13
10
10
8
6
7
-2
-2
1
-3
-5
-6
-5
-10
-7
-3
-7
-3
-2
-4
-4
-4
-2
-7
-6
-7
-9
-9
-10
-6
-7
-9
-8
-5
-6
-5
-3
-4
-9
-11
-15
-16
-19
-16
-19
-19
-16
-11
-12
-9
-8
-7
-10
-8
-3
-8
-11
-8
-6
-11
-8
-8
-12
-7
-4
-8
-5
-8
-3
-4
-1
1
-2
-2
0
0
2
6
5
11
8
10
9
5
1
2
2
2
6
5
6
5
2
0
1
-1
0
5
10
8
6
6
2
0
1
1
2
6
4
7
9
11
12
10
5
2
4
2
2
2
1
2
5
3
3
5
5
-2
3
4
3
5
4
0
-2
-3
-1
2
1
2
2
3
3
7
2
0
-3
-1
-3
-1
4
3
4
5
6
7
6
2
2
5
0
-4
-4
-5
-4
-1
3
4
8
7
9
10
11
6
8
7
-4
-5
-6
-10
-8
-8
-7
-7
-10
-8
-10
-9
-12
-8
-9
-10
-6
-7
-13
-14
-10
-18
-18
-19
-20
-18
-17
-17
-16
-10
-8
-7
-8
-7
-9
-11
-8
-5
-9
-4
0
0
7
8
5
1
1
1
2
5
9
4
7
10
11
11
13
14
13
7
9
9
11
8
10
13
14
10
15
13
7
9
8
11
9
9
11
7
4
7
1
3
3
-2
-1
-1
2
0
-2
0
0
0
3
2
0
0
4
0
-3
-5
-8
-12
-11
-9
-9
-5
-4
-3
-5
-5
1
0
1
1
-2
0
2
1
5
2
0
2
-4
0
0
0
-4
-2
-1
-1
1
3
7
5
9
9
4
-2
0
-3
-4
1
3
6
6
2
2
5
5
6
6
7
3
2
2
1
-4
-1
2
4
5
3
0
-4
-6
-7
-4
1
-5
-5
-5
-3
-5
-9
-9
-5
-10
-9
-5
-7
-5
-10
-13
-14
-11
-14
-13
-10
-10
-11
-5
-5
-3
-5
-6
-6
-8
-5
-5
0
-4
-7
-4
-10
-9
-6
-3
1
3
7
8
8
8
9
9
10
8
5
4
6
2
0
3
1
3
2
3
4
8
4
9
11
10
11
8
8
6
8
7
1
4
8
5
8
12
7
7
10
8
9
10
5
4
11
12
8
6
2
0
-2
3
5
5
9
6
7
6
8
3
5
-1
-5
-4
-8
-8
-9
-12
-14
-16
-19
-15
-15
-19
-14
-16
-16
-17
-14
-16
-18
-15
-17
-11
-11
-15
-13
-11
-14
-13
-13
-10
-6
-6
1
2
2
0
2
3
4
3
5
5
1
6
13
17
20
21
18
18
22
19
18
17
15
15
15
15
16
12
11
8
4
7
6
5
1
-5
-6
-11
-12
-15
-18
-15
-19
-22
-20
-18
-17
-15
-17
-21
-19
-21
-18
-13
-13
-12
-7
-10
-9
-6
-1
1
3
8
9
10
14
20
22
24
28
29
30
33
36
38
45
46
43
44
45
44
46
48
45
44
36
33
29
20
19
13
3
7
2
-4
-11
-24
-30
-37
-45
-50
-51
-53
-60
-62
-60
-67
-69
-71
-71
-68
-69
-66
-61
-58
-60
-57
-54
-57
-50
-45
-35
-36
-39
-33
-29
-26
-15
-4
6
14
26
32
39
48
54
60
65
70
73
73
83
87
85
86
84
77
79
82
83
79
70
66
54
50
43
37
29
20
9
0
-6
-12
-23
-31
-34
-42
-37
-40
-47
-45
-50
-55
-55
-54
-56
-62
-67
-70
-75
-73
-76
-77
-73
-75
-76
-69
-57
-58
-54
-50
-44
-42
-30
-29
-26
-22
-19
-13
-4
-1
4
10
16
21
29
40
52
68
82
90
101
108
115
119
124
128
119
124
123
118
114
111
97
89
85
81
80
70
62
52
47
38
28
17
0
-22
-34
-42
-56
-62
-65
-74
-78
-81
-82
-83
-87
-92
-93
-92
-94
-95
-102
-107
-108
-115
-114
-113
-120
-113
-109
-112
-102
-95
-94
-91
-87
-87
-78
-75
-71
-58
-53
-43
-30
-22
-20
-16
-8
1
2
12
27
35
47
61
76
81
79
92
98
105
114
124
133
141
147
151
159
161
156
155
161
156
155
156
147
131
118
107
105
101
95
85
69
52
37
24
18
9
-16
-30
-45
-55
-59
-65
-78
-91
-103
-107
-107
-111
-106
-120
-130
-134
-132
-128
-117
-117
-124
-123
-131
-134
-124
-128
-127
-122
-120
-110
-97
-92
-83
-79
-78
-71
-66
-59
-51
-46
-38
-36
-27
-16
-15
-2
5
10
23
31
32
45
53
50
64
74
70
85
81
84
91
78
81
93
113
121
137
152
157
167
167
170
171
164
163
166
166
169
162
142
128
112
105
106
103
99
89
72
59
47
30
16
-8
-30
-51
-67
-74
-87
-103
-116
-127
-136
-139
-143
-157
-163
-171
-183
-181
-181
-179
-182
-184
-183
-184
-177
-179
-176
-173
-162
-148
-134
-115
-107
-111
-98
-88
-84
-64
-61
-52
-47
-51
-45
-39
-34
-29
-30
-22
-14
-9
-1
12
19
31
37
45
54
56
60
65
70
80
88
94
104
102
85
75
74
77
94
115
139
155
165
174
191
201
204
206
206
217
239
259
259
237
218
191
178
199
205
217
191
157
135
123
116
112
79
30
-10
-33
-37
-34
-59
-85
-116
-146
-147
-140
-138
-164
-197
-214
-214
-216
-212
-229
-245
-266
-283
-279
-267
-270
-273
-280
-260
-230
-212
-184
-159
-168
-176
-146
-126
-112
-92
-83
-86
-78
-66
-52
-40
-36
-26
-24
-6
1
9
10
1
-5
-7
-11
-7
4
5
8
15
27
26
40
43
55
77
93
114
128
133
132
131
135
150
174
207
228
248
255
257
275
285
296
305
321
341
370
384
371
354
328
291
286
303
294
267
224
178
133
103
69
45
-14
-70
-111
-147
-172
-200
-222
-266
-301
-316
-306
-307
-330
-364
-399
-415
-414
-414
-416
-414
-429
-438
-418
-397
-370
-365
-349
-329
-302
-258
-224
-193
-166
-161
-138
-111
-97
-78
-61
-54
-39
-22
-1
28
33
42
53
62
63
72
80
88
77
80
88
90
89
91
90
83
88
96
92
102
116
124
133
125
99
102
134
154
186
223
255
259
276
315
345
352
366
386
423
472
507
515
488
463
433
429
442
469
468
431
363
312
279
258
236
180
106
42
1
-29
-46
-75
-137
-190
-233
-282
-282
-305
-347
-403
-446
-457
-467
-463
-485
-506
-537
-562
-580
-563
-561
-553
-558
-562
-545
-529
-511
-488
-463
-465
-439
-410
-378
-343
-324
-299
-275
-248
-222
-213
-184
-155
-149
-113
-76
-69
-41
-27
-2
9
37
50
58
81
98
107
134
149
168
195
229
271
305
345
344
360
370
382
417
453
472
524
564
582
613
645
665
683
704
727
771
794
804
791
773
733
703
707
714
677
614
555
482
409
362
305
196
100
20
-63
-144
-196
-259
-334
-424
-488
-505
-552
-603
-672
-732
-782
-812
-824
-838
-872
-908
-940
-954
-953
-944
-933
-938
-933
-898
-853
-808
-753
-703
-662
-618
-579
-525
-477
-450
-402
-382
-322
-284
-218
-199
-173
-123
-113
-92
-65
-9
27
69
100
134
168
199
230
284
317
329
356
373
404
453
499
544
567
567
573
573
575
609
612
650
697
719
767
811
846
894
909
925
953
983
1021
1081
1130
1107
1045
1007
945
914
908
865
805
715
601
501
425
340
224
80
-77
-201
-288
-361
-432
-524
-636
-748
-805
-843
-857
-913
-996
-1055
-1084
-1075
-1077
-1069
-1109
-1157
-1211
-1191
-1177
-1127
-1090
-1097
-1093
-1065
-989
-949
-873
-839
-800
-761
-698
-646
-602
-550
-491
-475
-439
-406
-363
-345
-334
-311
-272
-230
-207
-126
-95
-53
-2
40
62
112
163
199
254
285
331
350
416
493
519
567
623
622
660
712
730
743
754
783
807
893
968
1039
1099
1137
1179
1226
1258
1318
1360
1435
1524
1554
1612
1585
1523
1431
1343
1320
1280
1200
1062
934
781
617
516
366
185
20
-140
-269
-371
-456
-539
-657
-767
-903
-965
-1007
-1068
-1150
-1282
-1369
-1440
-1477
-1479
-1496
-1534
-1559
-1598
-1583
-1522
-1500
-1506
-1501
-1481
-1423
-1335
-1256
-1214
-1180
-1141
-1104
-1034
-964
-925
-903
-898
-872
-776
-737
-666
-616
-596
-566
-547
-461
-406
-349
-263
-195
-158
-89
-42
11
91
147
221
299
371
439
563
694
789
849
911
1010
1019
1138
1256
1255
1244
1257
1271
1343
1408
1532
1700
1756
1781
1880
1995
2052
2120
2154
2155
2203
2231
2231
2178
2086
1906
1723
1622
1582
1496
1378
1222
964
721
567
455
287
122
-100
-309
-495
-679
-805
-933
-1124
-1317
-1473
-1528
-1596
-1716
-1831
-1998
-2106
-2198
-2277
-2275
-2268
-2352
-2401
-2419
-2416
-2394
-2355
-2311
-2286
-2230
-2097
-1991
-1875
-1751
-1654
-1511
-1417
-1342
-1226
-1133
-1119
-1055
-992
-933
-874
-766
-661
-577
-523
-438
-311
-238
-148
4
35
117
226
289
413
489
588
697
831
944
1036
1130
1243
1324
1360
1454
1526
1550
1636
1678
1729
1711
1707
1727
1827
1893
1999
2119
2193
2261
2327
2405
2440
2426
2415
2401
2393
2502
2536
2493
2407
2233
2059
1875
1758
1710
1634
1463
1206
1017
822
628
447
257
7
-341
-591
-774
-904
-1090
-1297
-1495
-1708
-1852
-1970
-2032
-2109
-2241
-2413
-2501
-2558
-2585
-2610
-2651
-2711
-2762
-2781
-2745
-2671
-2656
-2642
-2621
-2508
-2399
-2233
-2096
-1968
-1893
-1820
-1705
-1614
-1486
-1401
-1302
-1218
-1145
-1006
-895
-785
-699
-557
-441
-391
-244
-111
-16
55
167
254
340
424
510
633
719
839
945
1074
1158
1265
1363
1480
1596
1654
1706
1742
1777
1782
1893
2008
1969
1968
2024
2063
2085
2160
2287
2370
2440
2501
2623
2679
2702
2729
2673
2698
2710
2711
2670
2587
2393
2209
2077
1940
1890
1797
1578
1351
1112
843
652
514
282
-37
-342
-592
-860
-1050
-1211
-1470
-1724
-1958
-2141
-2253
-2370
-2535
-2710
-2873
-3005
-3090
-3147
-3179
-3226
-3330
-3344
-3354
-3353
-3292
-3237
-3184
-3115
-2997
-2866
-2695
-2552
-2398
-2271
-2107
-1967
-1868
-1740
-1581
-1469
-1328
-1199
-1065
-904
-765
-616
-505
-326
-210
-90
17
134
275
408
531
640
781
903
954
1093
1204
1281
1440
1531
1646
1737
1857
1979
2138
2258
2390
2487
2515
2591
2661
2678
2645
2606
2600
2636
2651
2769
2894
2936
2962
3024
3053
3043
3029
2999
2956
2909
2870
2815
2708
2525
2298
2140
1928
1776
1601
1422
1209
918
643
422
152
-78
-313
-649
-909
-1185
-1446
-1675
-1882
-2097
-2382
-2608
-2807
-2973
-3078
-3210
-3356
-3537
-3672
-3738
-3789
-3853
-3877
-3927
-3967
-3933
-3887
-3795
-3708
-3627
-3571
-3410
-3243
-3022
-2791
-2591
-2397
-2226
-2046
-1846
-1661
-1489
-1322
-1135
-1003
-834
-578
-353
-185
-3
217
394
605
784
877
976
1102
1195
1393
1563
1680
1846
1935
2044
2168
2273
2422
2562
2657
2782
2878
2960
2999
3031
3047
3072
3079
3145
3184
3147
3079
3020
2949
2877
2892
2847
2842
2826
2790
2762
2676
2609
2475
2359
2276
2163
2064
1952
1799
1609
1424
1227
1055
887
707
516
282
46
-174
-487
-775
-990
-1236
-1504
-1815
-2029
-2284
-2519
-2675
-2892
-3090
-3241
-3376
-3494
-3560
-3641
-3730
-3838
-3924
-3932
-3907
-3854
-3845
-3828
-3813
-3749
-3609
-3461
-3320
-3192
-3044
-2874
-2681
-2424
-2168
-1999
-1771
-1572
-1383
-1129
-866
-684
-532
-348
-158
68
211
393
576
695
837
1055
1265
1392
1526
1616
1710
1815
1895
2041
2112
2222
2296
2331
2442
2515
2631
2714
2768
2816
2887
2888
2947
2996
2973
2970
2964
2945
2883
2811
2698
2604
2493
2412
2333
2232
2128
2096
2048
2026
1956
1967
1901
1726
1652
1532
1399
1326
1250
1115
986
854
676
465
300
98
-112
-262
-431
-667
-917
-1175
-1458
-1715
-1909
-2137
-2343
-2553
-2763
-2878
-3016
-3125
-3234
-3356
-3445
-3500
-3553
-3569
-3541
-3577
-3606
-3609
-3604
-3576
-3475
-3402
-3324
-3256
-3159
-3033
-2897
-2733
-2544
-2349
-2129
-1896
-1636
-1325
-1095
-890
-636
-414
-230
12
243
386
576
758
942
1108
1258
1423
1502
1628
1704
1767
1831
1960
2026
2180
2210
2513
2866
2643
3177
3560
2799
2260
2065
1578
810
1077
1903
2030
2899
3946
3916
3911
4051
3143
1719
1519
1109
391
1113
1967
1811
2132
2955
2455
1632
1964
1761
677
587
1109
910
673
1438
1630
1109
1235
1539
770
7
-46
-621
-1524
-1535
-1251
-1272
-1200
-764
-842
-1386
-1563
-1751
-2499
-3050
-3015
-3411
-3209
-3156
-2832
-2340
-2547
-2652
-3122
-3729
-4222
-4738
-4820
-4966
-4646
-3741
-3485
-2795
-1775
-1652
-1988
-1938
-1843
-2840
-2783
-2145
-2262
-2020
-911
-299
-153
563
1029
517
469
544
303
509
1124
1462
1520
1851
2035
1716
1328
1224
687
496
660
981
1629
2293
2806
3153
3306
3229
2961
2720
2143
2006
1886
1813
2315
2617
2506
2676
2737
2316
1885
1841
1533
1241
1303
1581
1975
2168
2339
2600
2976
3440
3051
2504
2537
2438
1643
1559
2217
2383
2202
2116
2322
2559
2465
1756
750
-151
-832
-1510
-1717
-1274
-968
-1348
-1669
-2049
-2565
-2953
-3457
-4437
-5219
-5205
-5161
-5228
-4521
-3536
-3185
-3190
-2900
-2557
-2625
-2818
-2809
-3105
-3311
-2858
-2400
-2141
-1530
-920
-852
-1005
-803
-365
-692
-1522
-1870
-2025
-2675
-2664
-2011
-1839
-1821
-1265
-947
-738
-342
-304
-738
-984
-715
-692
-239
912
1462
1274
1940
2580
2073
1875
2163
1674
1363
1800
2062
2290
2736
2928
2957
3039
3021
2757
2306
1986
1802
1517
1602
1973
2137
2049
2381
3743
4965
4867
4845
5701
5439
4068
3966
4612
4024
3212
3208
3515
3954
4288
3789
2748
1836
679
-818
-1264
-751
-1288
-2183
-2000
-2173
-3028
-2952
-2951
-4425
-5447
-5275
-5682
-6210
-5140
-3801
-3881
-3818
-2472
-1787
-2203
-1884
-1476
-2370
-2958
-2406
-2212
-2167
-1457
-969
-1361
-1678
-1468
-1871
-2796
-3181
-3233
-3645
-3853
-3316
-2698
-2564
-2474
-2232
-2172
-2375
-2384
-2223
-2281
-2073
-1598
-1344
-982
-104
347
395
1100
1804
1688
1723
1986
1691
1321
1278
1274
1204
1376
1561
1778
1943
1936
1779
1567
1378
1234
1059
1177
1782
2297
2347
2895
5253
7360
6977
6417
7713
7877
5960
5042
5700
5472
4112
3555
4299
5430
5845
5035
3435
2347
1223
-629
-1498
-907
-1667
-3308
-3043
-2525
-3377
-3231
-2437
-3681
-5525
-5331
-4661
-5308
-4936
-3034
-2517
-2950
-1335
309
-196
-242
501
-608
-2258
-2019
-1543
-2273
-2821
-2217
-2395
-3455
-3378
-2945
-3799
-4697
-4757
-5205
-5386
-4490
-3934
-4008
-3625
-3066
-3103
-3186
-2644
-2195
-2578
-2839
-2052
-1346
-1286
-739
-146
-437
-529
94
697
589
438
683
458
-90
80
207
-428
-552
-281
-434
-134
590
650
577
904
1409
1899
2388
2694
3534
6104
8525
8545
8146
9151
9161
7162
5955
6278
5849
4383
3378
3745
5237
6307
5223
3244
2371
1262
-635
-985
-395
-1355
-2637
-2604
-2726
-2848
-1497
-778
-2349
-3766
-3248
-3150
-3726
-2713
-1238
-1522
-1614
-17
1044
1036
1504
1474
-278
-1649
-1552
-1652
-2458
-2687
-2655
-3623
-4377
-3820
-3605
-4457
-4763
-4702
-5125
-5239
-4645
-4145
-4073
-4197
-3925
-3527
-3435
-3111
-2635
-2769
-3008
-2446
-2191
-2512
-2157
-1523
-1471
-1163
-343
48
-267
-505
-898
-1508
-1812
-2145
-2821
-2828
-2282
-2038
-1621
-635
-88
-62
240
782
1454
1877
1777
3244
6910
8843
7928
8217
9874
9060
6481
5562
5643
4471
2718
1815
2376
4492
6046
4372
2223
2779
2655
633
488
1404
232
-1059
-1069
-1570
-1245
805
795
-1836
-2441
-487
-927
-2805
-1485
126
-1506
-2022
496
1442
1150
2113
1776
-250
-591
233
-458
-1818
-1401
-1359
-3162
-3568
-2032
-2225
-3862
-3589
-3135
-3867
-3679
-3026
-3530
-4265
-4460
-4735
-5086
-4587
-3872
-4071
-4148
-2866
-2050
-2654
-2471
-1584
-1890
-2306
-1526
-756
-922
-1450
-1697
-1767
-2092
-2592
-3107
-3741
-3645
-3091
-3141
-2740
-1483
-1045
-1219
-501
540
943
921
1418
4426
8502
9101
7884
8894
9698
7364
4785
4409
4286
2608
361
-54
2089
4985
5245
2587
1693
2902
1874
551
2056
2561
704
-71
-574
-1230
524
2085
-148
-2637
-1656
-383
-1621
-1717
299
182
-1428
-308
1445
1201
2197
3279
976
-924
543
1351
-32
-298
794
94
-1709
-1397
-206
-962
-2206
-2392
-2742
-3028
-2807
-3040
-3671
-3963
-4408
-5082
-4853
-3811
-3230
-3536
-3312
-1978
-1622
-2288
-1832
-1180
-1882
-1820
-690
-586
-1171
-1324
-2110
-3284
-3719
-4099
-4981
-5415
-4915
-4391
-4048
-2965
-1611
-1202
-1221
-551
134
349
437
811
3868
8350
9331
7811
8615
9868
7709
4243
3064
3094
1452
-1769
-2697
580
4533
4403
1740
1914
3597
2289
886
2366
2597
207
-1462
-2285
-2430
-321
1119
-607
-1896
-425
714
-20
98
1054
69
-1373
-630
313
510
2363
3369
1260
599
2851
3391
1667
1451
2044
565
-1654
-1518
-310
-777
-1247
-941
-1760
-1936
-1002
-1881
-3068
-3242
-4138
-5084
-4337
-3374
-2507
-1078
-420
-544
-276
286
133
-484
-736
-1016
-1951
-2394
-2417
-3053
-3805
-4274
-5171
-5758
-5694
-5753
-5011
-3897
-3852
-3807
-2514
-1291
-821
-249
672
1120
977
3408
8481
10002
7815
7610
8490
6483
3413
1925
1120
-236
-2978
-4990
-2731
1952
2965
338
-51
1896
1913
1893
3845
3641
1071
451
-185
-2337
-1132
1976
583
-2630
-1782
1013
1516
860
842
335
-741
-1232
-1323
-812
1264
1763
-546
-471
2520
3321
2697
3779
3688
1509
546
828
123
-485
511
445
-2040
-2523
-358
-582
-2600
-3072
-3219
-3736
-3363
-2763
-1123
1426
1413
-286
296
1680
936
133
624
94
-1692
-2170
-1662
-2376
-3353
-3839
-5080
-6304
-6290
-5813
-4982
-3736
-3299
-3220
-1869
-192
375
604
1014
632
1342
5566
9196
8084
6947
8435
7970
4214
1728
1124
-742
-4066
-6603
-6086
-2543
440
-341
-1606
29
1616
2021
3773
4694
2443
859
908
-1207
-2860
-609
415
-2874
-4821
-2204
722
1062
714
483
-137
-914
-1752
-2186
-1281
-273
-1900
-3128
-794
1869
2858
4209
5103
3628
2593
3393
3164
897
215
1061
-557
-2833
-1730
219
-715
-2207
-2620
-2799
-2343
-1630
-1290
-31
1724
1456
557
1269
2140
1875
1735
1786
833
42
10
-815
-2373
-3007
-3436
-5151
-6472
-5850
-4740
-4262
-3081
-1583
-816
-198
981
1807
1734
802
976
4844
8797
7709
5729
7521
8884
5646
1661
1003
646
-2723
-7022
-7035
-2949
-416
-2286
-3767
-1275
1029
1136
3084
5494
3651
1132
1409
324
-2421
-1867
-699
-3705
-6673
-5113
-1878
-812
-588
148
337
-180
-849
-1495
-1677
-1568
-3098
-4995
-3802
-1195
693
3028
4993
4571
4035
5030
5116
3043
1178
641
-1184
-4072
-4388
-2586
-2410
-3411
-3522
-3065
-2192
-1196
-444
803
1931
1432
766
1339
1680
1490
1944
2318
1824
1405
1941
1640
-133
-1488
-2103
-3573
-5432
-5838
-4974
-4323
-3842
-2623
-437
1318
1785
2220
2988
2475
2202
5417
8732
7332
5453
7074
8264
5960
3178
2328
1431
-1457
-5520
-5998
-2287
-457
-3539
-5342
-2604
-403
302
3375
5907
3744
1798
2628
1433
-1431
-1282
-1099
-4690
-7651
-6309
-3313
-2081
-2028
-1588
-409
852
257
-955
-562
-683
-3936
-6280
-4324
-2272
-1615
535
3187
3519
3967
5933
6221
4271
2393
1073
-1072
-3658
-4756
-4226
-4300
-5302
-5049
-3686
-2489
-1304
-188
847
1846
2251
1954
1763
1682
1397
1244
1103
1185
1689
1958
1567
537
-591
-1252
-2629
-4858
-5860
-5265
-4890
-4572
-3196
-926
1564
3114
3099
3406
3957
4636
6880
8601
6516
4855
6558
7343
5110
3240
3313
2256
-1096
-4208
-3257
-74
8
-3482
-5170
-2923
-906
-42
2784
5154
3767
2255
3031
2349
308
-141
-1325
-5211
-7841
-6653
-4416
-3785
-3750
-2720
-1100
381
841
895
1090
1
-3233
-5439
-4343
-3034
-2530
-1174
496
1493
3480
5814
6083
4722
3349
1763
-856
-3427
-4347
-5019
-6509
-7402
-6526
-4705
-2734
-1044
100
1838
3165
2855
2450
2682
1857
425
172
412
165
432
1405
1256
106
-176
-37
-1571
-3982
-5070
-4951
-4938
-4976
-3883
-1641
669
2171
2762
3583
4183
5174
7941
9595
7014
4767
6039
6738
4345
2492
2969
2270
-719
-3435
-1937
1682
1500
-2471
-4047
-2285
-1372
-205
3414
4962
2749
2307
4095
2997
468
786
157
-4510
-7883
-6363
-3732
-3685
-4444
-3625
-1621
79
298
575
1562
956
-2259
-4453
-3300
-2290
-2178
-1401
-811
-397
1980
4673
4867
3923
3220
2251
319
-2260
-3666
-3837
-5688
-8258
-7877
-5388
-3659
-2519
-1045
921
2697
3308
2975
2772
2197
797
-594
-1111
-870
-549
-244
-212
-644
-566
37
-1031
-3453
-4424
-4169
-4877
-5438
-4458
-2563
-493
1302
2411
3318
4187
5932
9036
10044
7109
5486
6405
5627
2404
1253
2184
1504
-1588
-3730
-1143
2677
1910
-1950
-2740
-923
-712
33
3729
5338
3057
2935
4950
3749
1613
2097
543
-4590
-7291
-5825
-4156
-4404
-4740
-3808
-1798
271
1134
1752
2359
1167
-1935
-3417
-2593
-2228
-1549
-533
-909
-706
2895
5512
4543
3767
3814
2432
-102
-1999
-2730
-3648
-6085
-8118
-7436
-5479
-3859
-2304
-1038
514
2193
2881
2569
2415
1717
364
-736
-1187
-1454
-1540
-1433
-1656
-2412
-1936
-879
-2186
-4587
-4440
-3510
-4429
-5061
-3821
-2333
-1262
-64
1281
2503
3468
5794
9376
10005
7086
6260
7454
6160
1820
-107
538
-483
-3782
-4939
-1238
2472
1303
-1968
-1747
436
772
1826
4673
4610
2548
3570
5140
3214
1900
3093
815
-4853
-6789
-4289
-3242
-4983
-5374
-3566
-1483
178
1187
2280
2857
1545
-1420
-2455
-1484
-1273
-1023
-744
-827
386
3879
5783
5069
4715
4381
2509
477
-501
-1650
-3830
-6144
-7399
-6592
-4806
-3341
-1971
-578
935
2051
2874
3228
2572
681
-748
-1325
-1922
-2153
-1781
-2120
-2849
-2808
-2033
-1407
-2218
-4244
-5287
-4904
-5051
-5272
-4547
-3114
-1774
-475
810
2699
3864
4400
6928
9856
8122
5458
6173
6721
3742
249
-512
-688
-2054
-4467
-4257
-668
1685
-151
-2168
-825
1422
2507
4317
5384
3941
3757
5567
4341
1003
1225
2042
-2429
-7431
-6675
-3759
-4035
-5643
-4549
-1920
234
936
1325
2337
2466
413
-1982
-2038
-1345
-859
-473
-446
240
3011
5587
5521
4891
5171
4496
2180
-468
-1891
-3083
-5654
-7707
-7196
-5556
-4196
-2198
-58
1654
3582
4835
4153
2724
1524
411
-954
-2159
-2675
-2594
-2578
-2738
-2704
-2015
-971
-1511
-3893
-4946
-3945
-4133
-5398
-5242
-3723
-2268
-1051
269
1688
2870
5482
9420
10277
7205
6398
7603
5850
1453
-469
-601
-2433
-5466
-6868
-3793
594
1083
-1832
-2214
705
2085
2449
4870
5553
2968
2729
4908
3854
1676
2573
1539
-3925
-6820
-4638
-3074
-4707
-5961
-5130
-3385
-1229
-123
528
1708
1731
-723
-2119
-514
144
-567
-646
-351
576
3464
5785
5472
5316
5822
4991
2551
356
-763
-3134
-6587
-8194
-7374
-6154
-4739
-2327
146
3064
5560
6094
5803
5240
3191
910
-101
-1714
-3841
-4063
-3248
-3790
-3737
-1743
-451
-1726
-3262
-2942
-2327
-3369
-4710
-4534
-3497
-2589
-1699
-430
995
3797
8308
10967
9079
7344
8105
7642
3605
-647
-1852
-2728
-5387
-8390
-7040
-1712
773
-1726
-3061
36
2570
2834
4520
5466
3222
2249
3651
2891
814
2004
2233
-2476
-5770
-3858
-1793
-3410
-5796
-6147
-4950
-2887
-1990
-2122
-799
545
-1101
-3036
-718
1552
882
208
137
76
2123
5101
4786
3592
4483
4873
2931
1136
1200
121
-4079
-7272
-6919
-5586
-5149
-4014
-2108
482
3970
6070
6219
6702
6729
4090
1517
778
-547
-3199
-4383
-4743
-5325
-4453
-2248
-1510
-2288
-2379
-1759
-1437
-1835
-2397
-2701
-2196
-1498
-989
-654
1313
5919
10266
9932
7748
8321
9189
6753
1536
-1461
-2268
-4277
-8074
-8989
-4803
-500
-1026
-3519
-1882
2212
3224
3738
5995
4968
2005
2697
3998
1595
97
1527
-10
-4529
-5319
-2277
-1394
-4256
-6279
-5903
-4146
-2169
-2318
-2995
-1590
-684
-3143
-3666
-300
1412
663
-31
-247
745
3384
4646
3710
3347
4035
3534
1203
3
652
-1354
-5776
-7491
-6318
-5334
-4323
-2509
-733
2199
4951
5669
5686
6260
5269
2517
751
231
-1406
-3459
-3684
-3828
-4426
-3263
-1151
-1297
-2187
-1767
-1167
-1372
-1683
-1956
-1792
-1065
-331
-210
316
3831
9059
10853
8458
8165
9608
8435
4220
379
-1389
-3096
-6286
-8847
-6506
-1333
525
-2198
-3410
-234
2366
2392
4591
5922
2812
1533
4090
3968
1460
2005
1844
-2585
-5701
-4184
-2032
-3027
-5800
-7021
-6338
-3813
-2272
-2729
-2334
-698
-1791
-4432
-2468
865
1085
-108
-630
-537
1254
3364
3487
3235
3639
3564
1973
186
-4
-606
-4052
-7593
-8121
-6865
-5567
-3574
-1492
1510
5350
6968
6353
6344
6312
3533
259
-967
-1784
-3669
-4499
-3936
-3613
-3147
-1613
-1004
-1759
-1970
-1591
-1889
-2470
-2309
-1851
-1315
-491
587
1065
2619
7433
11851
10391
7546
8398
9055
5602
819
-1157
-2362
-4907
-8121
-7667
-2766
1807
842
-2568
-1531
1803
2162
2809
5162
3888
1466
2874
4652
3431
3844
4700
990
-4046
-4388
-2618
-3719
-6316
-7681
-8528
-7617
-3968
-1979
-2030
-691
775
-1426
-2372
328
2081
883
-936
-1819
-1139
1062
2602
2889
2984
3593
3236
1384
74
-60
-2442
-6746
-9096
-9017
-7763
-5016
-1971
628
4554
8355
8894
7462
6909
5086
855
-2479
-3540
-4700
-5465
-4250
-2844
-2253
-899
530
-127
-1577
-2003
-2497
-3631
-3922
-3418
-2603
-1193
746
1776
2140
4962
10545
12785
9272
6866
7799
6943
2102
-1607
-2369
-3544
-6352
-7978
-5144
615
3880
1178
-1834
-232
1689
1498
3331
4213
1635
1538
4532
4825
4093
6413
5945
161
-4078
-3285
-3063
-6101
-8556
-9286
-9812
-7445
-3110
-854
387
2612
2361
-348
-104
1320
850
-853
-2530
-3466
-1828
1160
2678
3304
4415
4895
2772
-38
-648
-1678
-6023
-9782
-10226
-9191
-6863
-2819
1119
4916
8421
9464
7884
6305
4680
783
-3144
-4397
-4762
-5500
-3895
-1346
-678
-38
1114
-125
-2444
-3085
-3543
-4817
-5221
-4065
-2580
-1217
577
2449
2819
3901
8737
12693
10412
6856
6373
5864
2634
-1234
-2782
-3273
-4734
-6726
-5714
-746
4545
3641
-1690
-2769
-363
-86
1324
4098
3052
2413
5141
6221
5619
8389
9125
2923
-3533
-4385
-3870
-6540
-8914
-9110
-9684
-8384
-3218
345
1907
4489
4688
280
-1975
-761
-745
-1886
-2751
-2968
-1623
1602
4199
5354
6070
6428
3670
-1223
-3714
-4130
-6473
-9702
-10413
-8943
-5464
-1213
2296
5727
9028
8856
5264
2393
1577
-310
-3114
-3595
-2418
-1891
-622
1617
1432
47
-600
-2772
-6189
-7061
-5959
-5609
-5174
-3303
-1142
828
3077
4238
3043
3107
7893
11607
8970
5797
5766
4917
2041
-787
-2211
-2526
-2998
-5394
-5893
-1319
3936
2525
-3379
-5020
-3084
-2141
166
3507
3589
4530
7439
7087
5928
9183
9674
2621
-4179
-5877
-5860
-7101
-7863
-7969
-8108
-5751
-1004
1415
2358
4617
4255
-598
-4099
-3896
-2526
-1090
-1055
-1327
929
4732
6657
6644
6395
5851
2725
-2907
-6778
-7398
-7351
-7567
-8001
-7799
-3942
1311
3549
4573
7042
7383
3340
-484
-1024
-557
-539
151
548
313
1844
3032
584
-2216
-3228
-5735
-8857
-8927
-7196
-5186
-2539
-726
-187
1487
4223
4966
3073
3168
7983
11045
8389
5644
4926
3981
1945
-960
-3429
-3268
-2265
-3719
-4922
-1642
3608
2532
-3763
-6927
-5862
-3359
670
2438
1651
5373
9947
8359
6591
9754
9519
3056
-3665
-7667
-8664
-7434
-6494
-8142
-8073
-3393
1236
2240
3382
4594
2096
-1571
-4297
-6460
-5068
-729
410
-4
2618
6190
8104
9124
7820
3436
-1135
-4372
-7964
-10160
-8036
-5216
-4981
-3931
-188
2984
5374
6556
4723
1629
-176
-1506
-1756
114
1634
1839
2031
2387
1898
1108
167
-2255
-6144
-8333
-7787
-7001
-5908
-3903
-2209
-1045
619
2090
3214
3741
3271
5250
9845
10862
7942
5753
4303
2159
-476
-3238
-4315
-2609
-2561
-4118
-2978
1924
3971
125
-4647
-7604
-8039
-4797
-377
714
2173
6482
9431
8913
8880
9033
6425
2069
-4238
-10104
-10672
-6747
-5658
-6721
-4327
-373
2353
3743
3784
2116
-330
-3470
-6937
-8073
-5013
-135
2600
3636
4989
6973
8742
8385
6055
2381
-2678
-7032
-9049
-9102
-7199
-3935
-1654
-662
585
3068
5383
5749
4073
1201
-1109
-2035
-1251
1488
4281
4452
3459
2627
672
-1179
-2106
-3805
-6540
-7744
-7478
-6195
-3374
-975
-124
228
879
1039
1345
2742
5971
10273
12096
9523
4817
3074
3510
1008
-3522
-5939
-5162
-3113
-1898
-1355
1690
4399
1729
-4437
-9079
-9094
-5636
-2558
-1081
1217
3955
7154
10134
10440
8118
5108
2125
-2549
-7413
-10196
-8910
-5529
-3051
-2628
-1831
1677
3859
2746
-205
-2630
-4971
-6671
-7103
-5536
-1574
2956
5994
6401
6158
6676
6750
4919
1152
-3559
-7137
-7539
-5947
-5024
-3655
-492
1644
1362
1092
1475
1780
1396
495
-357
-385
1872
5430
6766
5628
4345
2473
-370
-2628
-4562
-5515
-4958
-4543
-4777
-4213
-2590
-1250
-557
-325
-375
-125
620
504
1753
6562
11426
12443
8946
4620
2744
1767
-208
-2866
-4579
-3968
-1947
27
1828
3033
2452
-889
-6106
-9369
-9611
-7408
-3726
270
3743
6362
8520
9401
8373
5024
594
-3298
-5346
-6524
-7921
-7905
-4661
612
3167
3084
2455
1243
-1222
-3931
-5890
-7175
-6893
-5319
-2228
1989
5686
7241
7139
6096
3867
983
-1597
-3372
-5207
-6601
-5654
-3120
-1540
-395
1084
1641
639
-586
-889
-821
-577
-121
862
2779
5148
6724
6560
5064
3045
678
-1789
-3975
-5183
-4886
-3809
-3325
-3616
-3499
-2620
-1477
-386
385
839
1019
955
2051
5693
10330
12375
9265
4307
1413
635
535
-153
-882
-1105
-345
1442
3616
4125
1945
-2182
-7099
-10631
-10271
-6693
-3177
-520
2238
5515
7585
6897
4685
2296
-438
-3726
-5564
-5395
-4385
-3263
-1902
314
2718
4039
2669
-375
-3357
-5749
-7439
-7525
-5541
-2908
42
2999
5531
6396
5321
3505
1699
-380
-3428
-5709
-6177
-5334
-3754
-1737
607
1857
801
-901
-1094
-1158
-2267
-2464
-797
1603
3652
4809
5837
6913
6666
5057
3112
1117
-412
-1493
-2474
-2665
-1828
-1246
-1727
-2900
-4198
-4240
-2613
-770
558
1526
1771
1285
315
327
1999
3774
4195
3623
3371
3211
3439
3391
2512
2231
2864
3585
3469
2763
1846
498
-1889
-4839
-6018
-4943
-3352
-1854
508
3522
5278
4866
3297
1617
-559
-3387
-5613
-5855
-4382
-3043
-2806
-2526
-1524
-512
-346
-1101
-2376
-3896
-5468
-5840
-4544
-2331
541
3627
5650
5864
4757
3073
1216
-486
-2113
-3720
-4265
-3603
-2829
-2266
-693
1351
1653
477
-249
-361
-1220
-2394
-2547
-1252
748
2230
3188
4431
5513
5317
4278
2910
1366
-402
-2134
-2945
-2598
-1785
-1699
-2106
-2560
-2367
-1097
-13
434
324
374
212
-949
-1368
-527
-62
-238
-290
657
2377
3482
3818
3872
4418
4941
4765
3983
2563
492
-1601
-3369
-4786
-4462
-1783
947
2806
4704
6538
6987
5547
3426
1034
-887
-1937
-2320
-1789
-218
1453
1992
1619
682
-847
-2704
-4780
-6697
-7578
-7101
-5587
-3640
-1379
1479
3914
4365
2967
1063
-824
-2423
-3064
-3061
-2926
-2337
-1099
449
1363
1614
1430
334
-1761
-3464
-3494
-2748
-2365
-2021
-744
1123
2202
2068
1418
1178
1625
1806
1233
800
643
-111
-1186
-1955
-2499
-3112
-3813
-4126
-3023
-637
1522
2338
2115
1616
383
-1272
-2290
-2037
-1462
-1212
-438
941
2083
2973
4024
5144
4979
3050
1071
127
-155
180
1076
1382
592
-537
-302
1194
2661
3691
4416
4722
4735
4939
4375
2835
885
-1275
-2838
-2407
-294
1811
2690
2011
647
-677
-2067
-3859
-5595
-6172
-5601
-4833
-3237
-122
2693
3469
2701
1624
730
-320
-2127
-3997
-4831
-4154
-2203
117
1999
3260
3945
3478
1894
-5
-1457
-2389
-3661
-5367
-5583
-3327
-457
1370
2320
3013
3163
1906
-490
-2606
-3831
-4180
-3793
-2943
-1773
-193
939
729
-69
-442
-423
-694
-1256
-1341
-755
-555
-810
-581
-300
-483
-655
-490
37
788
1804
3016
3097
1355
-700
-1087
857
3873
6088
5551
2686
106
-404
827
2428
3900
4452
4278
4274
4554
4563
3493
380
-3951
-6814
-6293
-2281
2777
5831
5458
3054
119
-2627
-4887
-5875
-5408
-4529
-3194
-997
1774
3728
4578
4055
2204
16
-2062
-4081
-6045
-6870
-5632
-2624
756
3235
4543
4343
3139
1478
-774
-2591
-3287
-3455
-3657
-2928
-1024
1194
2755
2907
1983
427
-1355
-3418
-4790
-4330
-2720
-1448
-1156
-902
-359
18
-17
-94
31
330
498
65
-654
-1166
-1390
-1678
-2226
-2599
-2208
-1257
-339
440
1607
2766
3135
2205
896
1726
5281
8563
8294
4962
1687
-641
-1847
-1895
-221
2314
3141
2118
1657
3140
3822
1628
-3189
-7347
-8308
-5495
63
5589
8697
8535
6208
2485
-875
-3028
-4122
-4467
-3575
-1706
206
1955
3406
4238
3686
1739
-1103
-3833
-5916
-7241
-7418
-6177
-3402
-84
2101
3049
3022
2635
1814
232
-1881
-3114
-2822
-1993
-891
739
2537
3292
2894
1599
-458
-2444
-3475
-3612
-3410
-2488
-1256
-539
-336
-248
230
721
618
-253
-1233
-1777
-1776
-1407
-1486
-1890
-2107
-2328
-2632
-2815
-2071
-270
1361
1639
1173
1440
3987
8167
10954
9959
6181
1711
-2111
-3969
-4203
-2887
-780
630
1191
2382
4024
3935
1168
-3726
-8501
-10215
-7344
-1365
4450
7470
7990
7064
4671
1517
-1199
-2946
-3866
-3669
-2651
-988
1486
3684
4835
4523
2984
516
-2644
-5596
-7100
-6078
-3434
-625
984
1184
879
723
792
597
193
-473
-853
-957
-940
-273
958
1944
1816
870
-328
-1393
-1765
-1310
-479
-46
99
25
-402
-640
-424
-192
-204
-316
-517
-691
-338
126
326
51
-278
-1007
-2739
-3974
-3557
-2262
-936
357
956
910
1713
5082
9702
11953
9706
5111
703
-2763
-4690
-5208
-4596
-3413
-2251
-1010
1301
3531
3423
124
-5028
-9115
-9341
-5213
696
5331
7269
7432
6537
4003
710
-1916
-3472
-4444
-4463
-3648
-2108
443
2907
4119
3442
1371
-1532
-4575
-6702
-6492
-4277
-1425
1146
2710
3028
2621
2082
1065
-453
-1522
-1258
392
2265
3480
3766
3299
2055
-4
-2211
-3983
-4668
-4278
-2721
-356
2246
4035
3940
2303
49
-1947
-2888
-2576
-1760
-1185
-786
-555
-556
-414
14
335
-57
-898
-1349
-1186
-581
436
1261
997
505
2580
7546
11898
11849
7811
3558
362
-2430
-4575
-5058
-4563
-4299
-4445
-3603
-501
2265
1321
-3481
-8354
-9637
-5588
1233
6665
8944
9058
8292
5695
2106
-483
-1245
-2515
-4763
-6125
-5002
-1795
1332
2920
1983
-744
-4075
-6870
-8499
-8013
-5359
-2080
425
2294
4095
5347
5110
3148
-44
-3105
-4197
-2566
573
3149
4592
4504
3000
461
-1933
-3739
-5047
-5944
-6084
-4467
-981
3051
5456
5302
3333
1435
357
171
235
-174
-1013
-1771
-2325
-2398
-1488
-577
-514
-839
-920
-422
792
2310
3127
2745
1498
1962
6245
11386
12734
9257
4965
2347
-167
-3384
-5154
-4281
-3762
-4852
-4875
-1008
3666
3552
-2250
-8673
-10757
-8200
-2603
3391
7679
9470
10096
8610
5244
2553
1382
-672
-5349
-9410
-9210
-5197
-1364
515
609
-260
-1820
-4236
-6767
-7764
-6637
-4893
-3461
-1088
3141
7491
9098
7172
3400
-311
-3023
-4084
-2821
-688
658
802
219
-198
-188
-678
-2557
-5119
-6463
-5504
-2807
807
3867
4843
3748
2135
1270
1249
1780
1748
262
-1700
-2737
-2658
-2070
-1465
-1856
-2773
-2813
-1568
151
1754
2967
2689
1023
767
5296
12046
14546
10970
6288
3838
922
-3083
-5139
-4313
-4105
-6072
-6472
-1867
4664
6100
855
-6026
-8925
-7684
-3738
1422
6248
9052
10086
9023
5708
3505
3682
2252
-4116
-10222
-10780
-6693
-2786
-912
70
432
-720
-3569
-6112
-6388
-5010
-4535
-4882
-3178
1686
6747
9124
8407
6096
3297
354
-2364
-3496
-2938
-2844
-3721
-4055
-2539
-520
355
-1057
-3545
-4854
-4714
-3734
-1602
1050
2441
2160
1564
1745
2811
4076
3346
397
-2233
-3095
-3362
-3181
-2003
-1317
-1612
-1530
-567
567
1888
3145
2614
147
-412
4917
12112
13470
8857
5420
4774
1705
-3398
-5532
-4014
-4135
-6860
-7064
-1380
5529
6293
292
-5705
-7399
-6277
-2694
2461
6975
9283
10542
9620
7077
5997
5785
1940
-6101
-11464
-10787
-7383
-5112
-3347
-1368
44
-49
-1717
-3574
-3853
-3955
-5970
-7323
-4611
1756
6947
8723
8388
7260
5072
2146
-302
-1410
-1684
-3391
-6105
-6641
-4071
-923
393
-629
-2209
-2833
-2943
-2742
-1121
560
285
-1100
-1414
-98
2278
4066
2829
-342
-2138
-2422
-3246
-3481
-2206
-1450
-1811
-1584
-157
1642
3467
3978
2245
-437
-609
4751
11690
12751
8517
5823
4829
612
-4431
-5588
-4195
-5147
-7842
-7393
-1045
6931
8214
1688
-4710
-5971
-5608
-3357
1970
6895
8619
9596
9698
8214
7877
7689
2848
-5999
-10824
-10023
-8427
-7649
-5238
-2301
-855
74
48
-881
-1243
-1653
-4406
-6611
-4249
1128
4616
5672
6153
6164
5185
3301
633
-2294
-4072
-5865
-7807
-7198
-3132
649
1571
765
718
1343
1283
-77
-1637
-2544
-3006
-2740
-1366
1008
2651
1966
-774
-3254
-4227
-4292
-4477
-4668
-3965
-2221
-142
1598
3046
4337
4703
3426
1225
-286
2142
8786
12751
9961
6170
5900
4014
-1847
-6235
-6276
-5981
-8213
-9705
-6316
1934
7705
5556
-373
-2437
-2463
-2847
-1008
2536
5130
7402
9157
7986
7221
8384
6913
-155
-6515
-7381
-6743
-7865
-8167
-6012
-3877
-1737
29
342
230
193
-1775
-4478
-3941
-46
3296
3709
3525
4262
4781
3777
1871
-345
-2328
-4904
-7831
-8349
-5450
-2078
-145
703
1449
2942
3684
2791
1906
1571
-227
-2687
-3469
-2429
-707
906
729
-1432
-3002
-3599
-4912
-6050
-4996
-3565
-2871
-1071
1949
3967
4795
5362
4337
1880
2521
8469
12499
9802
6060
5891
4448
-1236
-6151
-7373
-7057
-8350
-9572
-7075
165
5366
3366
-952
-1369
-648
-1213
448
3176
4500
6253
8955
8400
6902
7735
6659
-207
-6443
-6700
-6220
-7642
-7615
-4928
-3256
-1946
-431
345
650
695
-1085
-3790
-3892
-1356
1514
3032
4168
4747
4719
4149
2916
270
-2587
-5064
-7546
-9165
-8721
-6371
-3479
-841
1397
3799
5359
5122
4371
3371
1328
-960
-2416
-2954
-2052
-264
281
28
-678
-2879
-5465
-6360
-6296
-5991
-4244
-1268
1245
2805
4116
5185
5036
4105
6164
11160
12652
8824
5564
5340
3034
-2581
-6385
-6420
-6824
-9244
-9757
-5429
1695
4504
896
-2866
-2006
-1053
-999
1045
3613
5153
7244
8941
7814
7444
8628
6477
-454
-4993
-4633
-4803
-6966
-7233
-5079
-3356
-1996
-1315
-864
6
349
-1239
-2589
-1893
-389
1133
3006
5273
5772
4164
1794
-379
-2729
-4591
-6150
-7231
-7110
-6265
-5317
-2982
522
2615
2922
2566
2362
2119
1964
1866
1551
67
-1595
-1840
-1457
-1648
-2136
-2725
-4294
-5889
-6141
-4835
-3232
-2350
-1480
337
2210
3182
3405
3874
6997
12054
13334
10082
7976
7965
5235
-538
-4715
-5812
-6606
-8848
-9703
-6244
34
2593
-530
-3617
-2724
-1494
-809
1022
1964
2201
4405
6938
7024
7945
9626
7500
1456
-2464
-2791
-3524
-5049
-4867
-3745
-3032
-1497
-467
-501
-388
-665
-2582
-4001
-3599
-2401
-506
2231
5305
7584
7727
5000
952
-2301
-4171
-6563
-8693
-8304
-6229
-4914
-3486
-906
2164
3770
2397
419
1131
2404
1289
334
862
934
-445
-1482
-1602
-1662
-2835
-4502
-5487
-5778
-5689
-5264
-4176
-2227
-65
1334
2686
3618
4214
7178
12013
13018
9985
7974
7647
4938
178
-2810
-3569
-5106
-8018
-8857
-5543
-303
1194
-1800
-4184
-3479
-2989
-1981
696
2482
3138
4694
5657
5572
7692
9464
6460
886
-1419
-1392
-2967
-5153
-5046
-3851
-3578
-2441
-224
1996
2767
1454
-1502
-3227
-3180
-2359
-465
1781
3318
4582
6025
6216
4562
1542
-2048
-6077
-8933
-9126
-7715
-5994
-2967
-95
804
1524
2775
2756
1682
896
22
-597
-318
440
1203
1718
1120
-636
-2544
-4009
-5273
-6469
-6902
-7187
-7203
-5567
-2758
-807
553
3123
7738
12694
13874
11286
9313
8806
5955
1325
-1524
-2423
-3950
-6540
-7662
-5149
-604
633
-2301
-5063
-5060
-4557
-3221
-638
789
1402
3739
5540
4483
5408
9234
9409
3970
-338
-727
-1026
-2719
-4233
-4439
-3655
-2864
-3259
-2631
778
3235
1013
-2477
-3035
-2313
-1922
-682
1608
3352
4519
5348
5528
5280
4771
2196
-2876
-6831
-7806
-7433
-6769
-5034
-2268
822
3029
3799
4134
4261
2800
-362
-2665
-2854
-1750
-636
335
1036
1056
7
-1495
-3069
-4569
-5913
-6998
-7610
-7054
-4911
-2670
-475
3795
9992
13196
12018
10936
11092
8384
3003
-313
-1188
-2944
-5820
-6430
-3649
-154
137
-2514
-4045
-3795
-4371
-4780
-3017
-1228
-594
656
2894
4689
6268
7899
7529
4670
2255
1606
931
-458
-1906
-3360
-4189
-3416
-2395
-1763
-1048
-974
-1991
-3054
-3041
-2194
-1313
-1360
-1583
-927
856
2961
4173
4280
3761
2663
825
-691
-1155
-1292
-2356
-3932
-4618
-3968
-2335
-200
1982
3593
4436
3808
2060
906
507
-929
-2812
-3268
-2741
-2169
-1595
-1030
-1465
-2722
-4217
-5683
-6452
-5638
-4055
-1591
3024
7668
9679
10816
12297
11574
8154
4800
1988
-1728
-5693
-7484
-5948
-2663
-285
-362
-1293
-1703
-2175
-2613
-1906
-1702
-3290
-3949
-2186
239
2748
5648
6996
6200
5119
4517
3441
1606
-262
-1936
-2939
-2838
-1861
-786
313
562
-392
-1335
-1682
-2221
-2868
-2975
-3284
-3301
-2025
-188
1091
2336
2914
1464
-979
-2389
-2524
-2218
-1346
-302
435
673
438
492
1405
2323
2200
1633
1490
1340
1252
1696
1783
725
-1131
-2753
-3437
-3258
-3405
-4252
-4623
-4111
-3979
-4730
-4635
-2411
1348
4656
6273
7107
8632
9770
8929
7015
5657
4307
1591
-2338
-5311
-4936
-2756
-2505
-4561
-5501
-4389
-2725
-1142
208
427
-141
-431
-845
-1060
640
3695
4710
3730
3592
4877
5696
4390
1210
-1913
-3231
-3848
-4408
-3605
-1662
-1132
-1670
-1270
272
1616
2205
1443
-648
-2297
-2228
-1566
-1076
-48
459
-547
-1581
-1547
-1598
-2055
-2891
-4095
-4879
-4421
-2803
-491
1669
2858
3396
4025
4821
5037
4516
3888
2933
1108
-615
-1449
-1810
-2211
-3049
-4006
-4585
-4873
-5496
-5905
-5073
-2533
1031
3619
4856
6634
8985
9482
7881
6242
5258
3574
1008
-845
-943
43
89
-2052
-4660
-5595
-5519
-5201
-4069
-2891
-2366
-1620
-537
-24
1201
3599
4321
2226
836
2479
4800
5335
4435
3418
2376
901
-1060
-2158
-2220
-3213
-5329
-5968
-4561
-2496
-515
738
606
565
1779
2933
3196
2907
1701
-243
-1533
-1803
-1646
-1446
-1859
-3534
-4913
-4571
-3875
-3427
-2511
-1634
-856
1130
3186
3623
3842
4803
4755
3533
2716
1963
776
-203
-1043
-2010
-2388
-2221
-3094
-5149
-6488
-6205
-4647
-1807
1196
2716
3507
4843
6332
7189
7104
5875
3952
1886
-11
-497
720
1395
-137
-2509
-3967
-4323
-4229
-3710
-3412
-3752
-3783
-2956
-1716
-137
1681
2391
1938
1502
1558
2443
4037
4955
4193
3057
2712
2892
2432
757
-1519
-3525
-5046
-6147
-5612
-3069
-602
-180
-505
332
1718
2672
3138
2676
1232
-180
-1012
-1181
-576
115
-94
-894
-1679
-2284
-2149
-1745
-2020
-2819
-2930
-1856
212
2385
4043
4774
4314
3134
2038
1138
32
-1300
-2599
-3228
-3092
-2597
-2216
-2190
-2334
-1580
64
917
1130
2210
3702
4024
3521
3828
4802
4231
1984
80
-54
753
391
-1566
-3014
-2678
-2226
-2234
-1978
-1806
-2463
-3139
-3167
-2457
-738
931
1261
316
91
1039
1965
2176
2226
1974
1520
1420
1623
1823
1678
832
-699
-2311
-3517
-3739
-3244
-2538
-1898
-1219
20
2123
3652
3419
2320
1488
612
-622
-1627
-1937
-2116
-2707
-2828
-1871
-574
253
474
306
313
408
192
278
666
885
1432
2489
3060
2732
2224
1570
228
-1682
-3165
-3756
-4071
-4638
-5122
-4670
-3036
-469
2039
3601
4308
4859
5291
5044
4532
4169
3603
1966
308
-214
292
441
-720
-2421
-3412
-3845
-4074
-3530
-2494
-1966
-2104
-1890
-999
325
1479
1884
1325
890
1606
2330
2226
1878
1763
1212
477
254
585
491
-674
-2329
-3184
-3030
-2690
-2446
-1990
-1427
-1205
-523
1200
3041
3987
4296
3581
1905
510
125
-514
-1790
-2935
-3893
-4531
-4092
-2902
-2041
-868
744
1688
1669
2033
2967
3433
2931
2266
2294
2786
2713
1959
1480
1078
-502
-2901
-4331
-4944
-5792
-6559
-6585
-5683
-3839
-1155
1586
3989
5975
7349
7429
6667
5553
4140
2597
1211
487
356
293
-316
-1473
-2817
-3518
-3761
-4018
-4416
-4464
-3797
-2546
-1013
445
1575
1903
1698
1570
1959
2736
3374
3235
2152
1237
987
646
-72
-379
-694
-1908
-3529
-4176
-3798
-3179
-2450
-1650
-996
-67
1384
2739
3422
3651
3745
3262
1903
431
-311
-954
-2291
-3851
-4551
-4367
-3938
-3266
-1909
-461
380
857
1544
2118
2219
2385
2761
2843
2432
2002
1945
2178
2060
1134
-461
-2364
-4193
-5622
-6461
-6700
-6337
-5214
-3380
-998
1810
4655
6633
7301
7077
6108
4418
2968
2135
1077
23
-227
253
345
-258
-1194
-1929
-2609
-3299
-3647
-3419
-2507
-1569
-925
3
1599
2798
2990
2677
2497
2737
2658
1784
910
698
478
-146
-480
-157
-19
-758
-2273
-3752
-4178
-3289
-1918
-985
5
1342
2423
3127
3570
3429
2712
1872
551
-1000
-1591
-1612
-2359
-3396
-3531
-3063
-2370
-1410
-731
-596
-104
748
1152
1297
1489
1314
865
919
1193
1246
1355
1419
789
-156
-970
-1922
-3265
-4339
-5045
-5612
-5892
-5061
-3085
-571
2100
4207
5142
5527
5876
5442
3948
2191
1005
-265
-1452
-1724
-830
-204
-653
-1583
-2091
-2053
-1845
-1504
-1038
-576
-590
-444
762
2559
3705
3772
3089
2184
1472
852
291
-223
-793
-1457
-1645
-1159
-490
-282
-546
-1188
-2035
-2194
-1332
-222
482
1365
2779
3975
4302
3956
3266
2115
497
-982
-1885
-2348
-2821
-3276
-3361
-2707
-1791
-861
59
460
344
703
1367
1324
932
897
1005
637
567
1092
1248
557
-179
-656
-1125
-1756
-2540
-3297
-3651
-3916
-4379
-4257
-3151
-1731
-319
1435
3043
4036
4390
4646
4576
3882
2762
1611
252
-1144
-1998
-2457
-2686
-2928
-2962
-2617
-1993
-1365
-640
35
565
1100
1818
2596
2931
2979
2979
2879
2195
1227
629
275
-526
-1515
-1994
-1837
-1658
-2042
-2386
-1992
-1416
-1231
-1004
-140
1190
2349
3112
3761
4405
4505
3579
2015
851
-16
-1301
-2538
-2765
-2415
-2246
-1864
-1037
-543
-390
-145
-63
-268
-255
129
658
1020
1168
1474
1681
1639
1247
726
163
-571
-1536
-2158
-2353
-2738
-3303
-3810
-4070
-4028
-3515
-2756
-1769
-452
942
1997
2587
3097
3454
3378
2998
2906
2708
1512
-210
-1379
-1893
-2555
-3268
-3330
-2765
-2257
-1643
-654
468
1362
1869
2201
2448
2622
2643
2644
2222
1411
714
397
141
-313
-617
-849
-1233
-1794
-2115
-2037
-1845
-1648
-1187
-422
394
1136
1924
3102
4105
4207
3576
2790
1861
643
-786
-1852
-2105
-1905
-1503
-927
-174
551
948
714
109
-560
-1355
-1734
-1317
-377
586
1458
1893
1652
1281
1361
1471
891
-343
-1581
-2227
-2649
-2823
-2636
-2543
-2937
-3286
-2950
-2106
-1259
-624
-9
364
338
493
1303
2341
2864
2674
2234
1554
439
-510
-989
-1433
-2041
-2324
-2055
-1412
-472
392
959
1167
1359
1598
1858
1959
1508
748
330
341
183
19
172
337
-3
-559
-1000
-1313
-1587
-1483
-955
-249
235
604
1273
2203
2689
2583
2386
1929
1083
328
10
-326
-779
-1041
-913
-560
-94
455
974
1200
744
-264
-1036
-1220
-1355
-1493
-1160
-214
673
998
1278
1555
1584
1126
336
-533
-1162
-1457
-1737
-1851
-1721
-1609
-1729
-1981
-1983
-1554
-1203
-1008
-985
-1123
-1263
-1148
-626
-149
154
613
1212
1300
989
909
1084
869
37
-859
-981
-238
513
953
1480
1974
1806
1458
1540
1475
737
-57
-365
-494
-763
-777
-351
-133
-286
-492
-554
-654
-753
-648
-206
472
971
1270
1738
2516
2903
2551
1782
964
66
-670
-958
-1055
-1092
-1002
-668
-180
408
1005
1154
795
324
-240
-882
-1493
-1711
-1590
-1303
-700
263
1191
1826
2187
2108
1329
-62
-1238
-1777
-1882
-2007
-1898
-1550
-1373
-1381
-1185
-688
-224
-253
-790
-1249
-1336
-1258
-1002
-726
-799
-1108
-1031
-518
-107
82
417
811
680
322
467
1053
1245
962
942
1482
2022
2276
2508
2740
2513
1664
482
-341
-779
-1130
-1389
-1604
-1519
-1291
-1153
-968
-358
186
324
454
1019
1579
1708
1845
2259
2575
2167
1367
485
-265
-807
-1056
-1016
-622
-282
-366
-235
180
416
227
-28
-399
-965
-1380
-1449
-1423
-1530
-1297
-784
-285
512
1347
1673
1699
1568
814
-356
-1229
-1470
-1676
-2091
-2174
-1615
-1099
-927
-666
-353
-307
-749
-1249
-1422
-1165
-1019
-906
-646
-547
-556
-660
-749
-923
-1001
-987
-737
-399
78
655
1102
1430
1827
2397
2827
3066
3220
3413
3381
2949
2193
1454
532
-555
-1439
-1905
-2061
-1904
-1612
-1391
-900
-112
736
1378
1961
2452
2689
2529
2143
1772
1456
983
244
-351
-643
-652
-541
-317
58
381
511
250
-200
-420
-561
-974
-1378
-1528
-1556
-1583
-1628
-1602
-1180
-449
16
377
949
1288
1077
641
179
-451
-1194
-1837
-2493
-2696
-2151
-1423
-897
-560
-511
-893
-1306
-1353
-1322
-1364
-1364
-1072
-706
-469
31
735
879
163
-854
-1339
-1397
-1528
-1433
-909
-194
396
1223
2314
3191
3382
3263
3331
3430
3237
2649
1977
1284
331
-816
-1640
-1894
-2009
-2030
-1742
-1129
-404
527
1655
2688
3483
3974
4000
3413
2564
1777
1221
524
-315
-897
-899
-560
-442
-353
-28
337
302
30
-276
-631
-1221
-1696
-1909
-2156
-2220
-1901
-1318
-693
-149
308
742
1009
906
505
27
-511
-1003
-1373
-1658
-1936
-2205
-2229
-2001
-1595
-1316
-905
-609
-723
-985
-1279
-1344
-1350
-1386
-1176
-821
-291
462
836
756
483
-95
-990
-1812
-2095
-1852
-1265
-513
292
1270
2230
3025
3450
3625
3515
3366
2977
2189
1344
726
96
-738
-1465
-1816
-1722
-1457
-1081
-526
415
1318
2046
2683
3391
3771
3729
3538
3239
2763
2098
1493
846
285
-148
-277
-571
-762
-493
-172
-170
-384
-545
-1015
-1636
-2117
-2198
-2163
-1942
-1551
-874
-30
653
860
807
646
358
-216
-888
-1438
-1899
-2169
-2484
-2409
-2127
-1986
-2019
-1797
-1450
-1203
-1141
-1069
-1087
-1313
-1359
-1180
-786
-437
-192
-23
68
81
-106
-664
-1369
-1915
-2314
-2252
-1647
-663
289
1276
2258
3006
3626
3864
3552
2964
2388
1645
831
308
11
-490
-904
-1012
-989
-884
-585
-91
429
959
1489
1962
2340
2541
2692
2987
3273
3337
3103
2908
2840
2616
1984
1290
704
128
-387
-731
-790
-746
-837
-951
-1078
-1301
-1498
-1547
-1336
-1039
-638
-95
492
948
1160
1008
326
-671
-1592
-2248
-2738
-3103
-3237
-3036
-2643
-2430
-2263
-1937
-1588
-1440
-1456
-1378
-1048
-929
-1029
-986
-720
-410
-265
-189
-151
-347
-787
-1253
-1626
-1890
-2156
-2160
-1852
-1402
-690
431
1652
2462
3053
3502
3624
3355
2623
1662
738
56
-553
-808
-551
-292
-208
-172
64
267
422
610
935
1269
1456
1534
1671
2075
2615
3024
3061
2977
3000
3137
3097
2825
2352
1551
627
-2
-351
-580
-815
-1170
-1259
-1017
-813
-714
-318
273
563
698
1030
1341
1252
879
328
-399
-1194
-1868
-2416
-2820
-3078
-3220
-3259
-2970
-2609
-2467
-2180
-1786
-1504
-1529
-1522
-1342
-1239
-1179
-1085
-927
-717
-646
-805
-981
-1014
-1164
-1690
-1931
-1813
-1653
-1527
-1217
-479
349
1104
1790
2242
2572
2765
2552
2126
1681
1144
389
-181
-398
-374
-1
361
532
573
673
718
539
321
454
763
805
894
1238
1774
2023
2055
2123
2301
2338
2224
2088
2010
1903
1610
1057
506
145
-324
-887
-1256
-1242
-995
-617
-120
375
859
1320
1618
1736
1787
1628
1133
402
-383
-1061
-1508
-1769
-2000
-2312
-2524
-2500
-2309
-2023
-1772
-1559
-1521
-1636
-1819
-1924
-1945
-1645
-1296
-1254
-1404
-1468
-1419
-1370
-1347
-1417
-1383
-1441
-1602
-1713
-1471
-957
-410
-87
183
689
1270
1664
1762
1744
1687
1590
1335
932
651
510
307
214
358
565
692
666
545
587
606
430
314
368
661
1038
1480
1867
2065
2034
1917
1802
1735
1648
1374
1115
1045
1023
821
652
526
174
-342
-730
-811
-710
-442
26
577
983
1292
1568
1708
1553
1215
778
216
-358
-775
-989
-1181
-1266
-1255
-1287
-1216
-1045
-913
-970
-1051
-1117
-1338
-1620
-1724
-1745
-1790
-1846
-1884
-1797
-1580
-1437
-1435
-1592
-1796
-1793
-1725
-1612
-1378
-1104
-807
-568
-302
207
715
920
886
801
673
497
392
479
644
666
687
797
777
571
478
500
325
-23
-72
115
123
118
265
647
1058
1443
1789
2070
2212
2019
1724
1557
1325
933
600
419
364
428
515
350
-18
-433
-685
-750
-702
-529
-151
270
670
1018
1328
1545
1444
1025
507
161
-60
-303
-493
-529
-466
-373
-392
-396
-441
-427
-501
-721
-1030
-1281
-1435
-1573
-1654
-1599
-1296
-1081
-1019
-910
-746
-819
-1029
-1184
-1098
-978
-940
-899
-833
-677
-518
-338
-92
108
182
202
288
473
557
512
453
425
470
445
351
340
364
267
285
436
377
207
224
248
244
383
498
636
949
1320
1597
1821
1849
1731
1470
1127
907
868
864
630
284
74
-96
-421
-678
-839
-934
-1016
-841
-391
-9
348
623
824
852
673
473
361
160
-51
-108
-26
73
85
101
16
-199
-453
-685
-873
-1093
-1319
-1559
-1766
-1723
-1462
-1215
-1041
-918
-808
-712
-673
-590
-448
-339
-383
-518
-481
-163
-64
-132
-77
32
6
-106
-172
-96
139
312
320
351
531
598
583
657
692
543
273
19
-57
22
13
4
197
469
625
733
831
924
968
1006
996
1045
1225
1241
1090
1144
1270
1290
1046
737
459
184
-132
-517
-769
-990
-1176
-1305
-1248
-1063
-781
-558
-253
-29
170
314
299
315
92
-120
-171
-86
-10
65
180
46
-244
-534
-837
-1057
-1285
-1697
-1936
-1853
-1641
-1411
-1066
-640
-434
-485
-567
-366
-173
-134
-79
-41
13
92
183
359
444
343
145
-46
-11
138
292
434
613
694
634
639
801
1006
1028
882
658
441
294
253
286
291
208
161
206
361
567
812
1046
1116
1110
1162
1268
1346
1396
1388
1309
1125
857
665
587
500
210
-189
-514
-634
-634
-774
-942
-996
-919
-871
-859
-658
-486
-428
-457
-456
-289
-213
-306
-370
-347
-259
-306
-405
-472
-600
-807
-982
-1091
-1261
-1519
-1632
-1588
-1552
-1388
-1139
-1007
-1003
-985
-892
-753
-596
-428
-223
-5
148
296
433
517
440
182
-57
-128
-37
100
231
322
356
489
657
905
1207
1359
1273
965
698
622
596
534
493
523
525
523
623
790
1036
1139
1141
1063
1031
1172
1288
1382
1417
1366
1194
895
690
678
565
311
74
-113
-200
-193
-231
-300
-364
-476
-662
-747
-631
-455
-403
-429
-382
-385
-444
-529
-606
-593
-646
-832
-874
-861
-778
-708
-746
-847
-997
-1139
-1225
-1274
-1300
-1303
-1373
-1375
-1293
-1126
-1057
-1164
-1326
-1212
-895
-497
-17
372
519
507
505
418
261
87
-4
-121
-287
-392
-290
64
430
617
806
1016
1114
949
804
689
475
214
54
119
344
559
721
920
1155
1311
1410
1505
1561
1587
1508
1457
1469
1327
1179
1094
1005
943
858
735
637
452
290
291
322
260
190
107
-62
-236
-345
-343
-310
-280
-373
-402
-452
-495
-484
-530
-669
-850
-974
-987
-882
-723
-629
-630
-758
-938
-1000
-1095
-1177
-1330
-1494
-1532
-1563
-1518
-1354
-1259
-1265
-1254
-1227
-1117
-839
-476
-308
-180
29
136
193
245
207
35
-201
-469
-571
-420
-189
-4
109
259
525
830
976
916
715
331
-31
-152
-143
-23
263
627
878
976
1101
1295
1393
1357
1355
1365
1331
1262
1192
1213
1126
987
836
675
629
677
801
797
741
726
717
604
503
423
222
49
-52
-89
-69
-14
15
-29
-176
-199
-185
-247
-394
-512
-508
-485
-493
-497
-394
-357
-492
-608
-695
-863
-1115
-1317
-1411
-1476
-1499
-1484
-1338
-1116
-929
-830
-790
-739
-637
-509
-416
-314
-246
-252
-279
-339
-401
-452
-521
-522
-387
-224
-81
83
253
311
285
272
280
216
74
-95
-119
-12
160
415
676
861
895
828
898
960
951
879
776
700
678
765
835
857
839
720
573
579
635
652
614
574
581
547
539
578
506
343
177
-12
-197
-250
-232
-246
-289
-220
-107
63
192
213
213
132
-12
-168
-233
-313
-462
-553
-562
-519
-466
-447
-509
-722
-961
-1126
-1124
-993
-866
-663
-513
-419
-334
-218
-115
-60
-71
-182
-247
-220
-266
-416
-592
-674
-641
-597
-445
-158
48
34
-47
-123
-162
-210
-277
-286
-249
-142
-5
68
234
483
618
679
706
693
653
559
436
438
457
454
471
571
691
639
557
487
390
311
329
446
556
586
582
592
526
406
275
103
-63
-223
-295
-242
-212
-178
-125
-64
75
254
379
427
381
281
113
-78
-193
-257
-343
-401
-352
-295
-274
-223
-298
-526
-687
-784
-797
-694
-526
-345
-187
-14
100
121
112
67
0
-64
-162
-271
-271
-299
-337
-387
-379
-324
-253
-117
-20
21
-62
-306
-409
-401
-365
-244
-174
-107
2
125
298
527
631
558
349
190
177
198
169
202
251
237
259
318
446
488
429
360
306
295
394
467
481
433
299
247
218
121
10
-117
-281
-469
-505
-401
-309
-157
8
125
216
349
371
252
65
-175
-307
-349
-258
-168
-54
138
271
260
111
6
-178
-407
-647
-734
-590
-406
-256
-112
97
263
359
315
251
229
67
-97
-179
-226
-302
-317
-329
-333
-272
-203
-188
-239
-292
-380
-457
-526
-516
-412
-283
-192
-49
101
269
411
385
335
256
127
46
46
77
102
92
37
8
43
177
259
280
333
392
462
475
548
603
589
524
424
349
252
127
29
-51
-270
-430
-419
-303
-115
96
229
268
253
226
154
62
-87
-222
-255
-262
-245
-155
34
186
231
193
80
-49
-197
-345
-462
-468
-381
-289
-208
-18
210
341
389
408
339
197
29
-185
-326
-388
-406
-359
-311
-239
-179
-204
-266
-280
-286
-322
-378
-462
-500
-452
-338
-231
-40
148
222
186
188
249
222
101
12
-70
-188
-264
-225
-163
-136
-56
35
166
324
471
511
521
504
439
427
483
503
465
442
412
347
220
150
127
30
-64
-49
28
171
336
397
348
228
68
-27
-80
-89
0
53
17
40
45
8
-71
-243
-442
-610
-638
-495
-315
-187
-67
-17
68
219
282
276
275
207
51
-57
-129
-226
-312
-408
-416
-392
-379
-363
-312
-304
-388
-408
-400
-349
-298
-276
-285
-224
-186
-126
-19
37
108
126
106
43
-16
-80
-156
-247
-346
-365
-301
-221
-180
-174
-25
179
358
500
541
538
455
317
264
320
332
284
170
88
137
213
310
388
396
310
203
205
304
391
438
434
328
249
288
419
474
474
457
342
228
162
44
-138
-334
-546
-664
-620
-483
-308
-107
0
94
241
398
461
414
327
144
-65
-259
-380
-384
-386
-467
-537
-560
-523
-459
-397
-333
-340
-438
-528
-476
-407
-318
-178
-94
-55
-25
89
243
265
185
64
-99
-225
-338
-423
-403
-358
-395
-382
-333
-227
-45
122
222
302
392
457
487
483
447
390
304
179
70
23
59
136
168
228
289
295
239
152
98
98
106
100
161
298
405
447
507
583
640
613
518
323
124
-58
-296
-424
-427
-398
-313
-227
-193
-53
100
176
189
150
123
59
11
-77
-144
-176
-215
-304
-394
-420
-423
-500
-584
-547
-462
-369
-343
-346
-327
-335
-318
-276
-216
-133
-31
58
156
215
242
212
67
-118
-261
-368
-396
-407
-446
-475
-428
-323
-202
2
149
216
237
256
294
384
435
393
293
147
78
68
122
155
156
149
99
80
69
97
84
47
-2
9
144
271
444
575
663
669
682
672
589
487
281
116
9
-73
-109
-66
7
78
107
127
179
292
319
202
66
22
11
-61
-119
-122
-43
-50
-112
-106
-77
-74
-152
-303
-358
-361
-392
-431
-442
-362
-279
-258
-194
-26
127
187
176
92
54
31
-65
-181
-306
-388
-457
-509
-518
-495
-431
-355
-256
-171
-79
6
30
17
46
154
186
161
133
125
116
96
79
66
-23
-127
-159
-172
-208
-207
-181
-207
-259
-205
-116
-30
48
141
230
273
329
376
376
362
327
263
178
109
71
67
99
212
300
358
372
378
311
176
37
-104
-149
-148
-150
-124
-46
14
32
17
23
11
-20
-137
-237
-283
-337
-407
-431
-376
-262
-114
8
133
201
213
207
180
156
79
-18
-105
-179
-254
-272
-277
-305
-277
-217
-144
-63
17
71
88
162
207
152
153
172
175
205
296
429
449
407
429
356
228
113
-57
-170
-263
-342
-315
-217
-136
-34
88
148
141
122
150
128
96
141
142
145
144
146
149
141
85
81
122
176
204
269
261
189
68
-63
-130
-204
-273
-350
-372
-307
-202
-124
-44
-52
-111
-212
-285
-352
-407
-448
-446
-452
-411
-291
-123
82
185
257
300
259
142
46
-31
-117
-212
-272
-275
-258
-157
-74
-30
40
67
41
17
34
41
62
91
101
106
131
155
174
238
275
302
335
402
400
338
217
57
-105
-207
-274
-312
-281
-282
-242
-166
-42
64
110
105
67
52
59
71
49
31
24
49
67
98
142
188
205
163
141
171
168
81
-4
-27
-108
-187
-234
-257
-241
-211
-163
-126
-112
-86
-72
-139
-266
-366
-450
-553
-576
-521
-420
-260
-92
92
212
271
268
239
154
22
-115
-257
-381
-448
-376
-262
-91
60
156
233
300
310
297
264
178
105
104
163
253
357
451
547
595
594
585
587
571
493
375
258
185
137
89
56
63
59
11
20
91
133
142
110
57
43
28
34
83
67
35
31
42
67
82
120
119
64
10
-74
-168
-188
-201
-230
-289
-325
-305
-260
-217
-253
-252
-266
-281
-253
-230
-243
-312
-413
-571
-650
-642
-603
-543
-488
-428
-352
-244
-148
-74
-48
-20
-81
-175
-226
-321
-408
-425
-379
-288
-170
-47
40
111
161
155
126
67
41
41
69
145
253
327
393
453
518
555
535
520
520
455
366
367
366
321
307
301
284
288
274
253
290
302
264
227
226
277
285
283
295
252
256
231
214
214
215
217
178
132
58
-6
-91
-184
-264
-298
-319
-384
-389
-344
-302
-255
-190
-175
-169
-137
-162
-210
-337
-442
-537
-633
-662
-650
-571
-533
-474
-409
-304
-238
-220
-236
-238
-266
-299
-267
-224
-206
-186
-162
-166
-62
28
91
134
108
77
10
-62
-43
20
103
186
264
348
403
449
488
492
478
425
348
350
375
386
410
460
487
478
457
397
340
248
203
157
154
205
258
341
346
307
324
352
308
249
186
153
109
94
94
61
30
-14
-97
-171
-165
-204
-299
-408
-435
-432
-389
-357
-325
-247
-251
-284
-332
-357
-395
-459
-530
-551
-567
-559
-529
-495
-466
-458
-440
-416
-428
-445
-447
-439
-366
-292
-193
-96
-44
-43
-38
-23
36
73
89
95
95
97
119
185
198
214
253
257
254
306
352
355
359
348
365
399
445
486
500
514
508
493
472
446
398
344
236
191
242
247
292
354
355
338
334
302
284
278
255
216
193
157
119
99
62
0
-36
-83
-127
-168
-214
-301
-359
-386
-410
-400
-352
-323
-323
-331
-346
-389
-427
-457
-510
-522
-508
-518
-495
-469
-485
-491
-457
-474
-531
-532
-515
-491
-443
-345
-255
-122
-70
-48
-8
-32
-50
-58
-54
-25
70
157
272
368
413
423
408
348
298
271
250
228
256
283
336
390
417
465
515
546
559
539
495
489
462
436
402
378
364
389
384
391
403
383
362
293
229
165
102
52
-13
-36
-27
-42
-38
-49
-57
-95
-175
-251
-310
-328
-325
-348
-343
-347
-358
-390
-383
-357
-381
-430
-468
-499
-476
-466
-457
-428
-438
-477
-483
-464
-450
-455
-492
-502
-442
-386
-314
-251
-216
-159
-94
-51
-2
50
21
17
7
35
96
175
238
311
345
392
424
421
390
328
282
263
248
256
285
296
322
337
371
393
439
435
397
374
367
356
337
376
362
326
304
288
278
281
287
305
259
169
156
132
91
55
46
50
11
-30
-63
-110
-143
-154
-180
-231
-227
-248
-299
-343
-379
-392
-382
-382
-393
-407
-389
-366
-385
-391
-367
-378
-435
-446
-461
-460
-474
-481
-458
-443
-426
-387
-318
-283
-229
-216
-181
-171
-148
-71
-48
-7
38
77
160
230
259
268
290
307
284
269
246
234
225
246
296
296
302
308
292
265
272
300
300
283
295
290
281
302
320
368
382
366
346
347
308
283
289
237
195
178
167
144
190
197
183
203
204
178
102
87
86
48
44
0
-49
-104
-165
-236
-274
-295
-333
-346
-344
-381
-388
-338
-341
-330
-312
-314
-322
-336
-349
-364
-367
-373
-380
-406
-425
-399
-385
-376
-328
-282
-266
-261
-236
-180
-130
-70
-19
45
82
124
151
167
182
136
129
130
113
127
157
166
176
197
203
234
233
216
192
225
300
271
256
278
284
266
251
245
264
271
268
252
231
209
159
107
100
79
63
43
41
57
51
78
88
123
134
120
117
82
26
-3
-2
-15
-56
-113
-168
-197
-224
-257
-276
-301
-310
-323
-339
-323
-299
-312
-321
-344
-304
-319
-324
-300
-318
-326
-342
-351
-360
-332
-363
-362
-331
-297
-275
-217
-148
-118
-72
-24
5
63
117
136
166
185
189
201
241
260
265
254
274
279
300
342
364
348
342
333
322
368
383
388
420
424
449
462
426
379
357
344
326
327
283
252
204
143
74
31
35
40
35
36
39
73
48
42
79
72
35
-16
-8
-14
-14
-64
-119
-148
-199
-255
-286
-321
-365
-414
-423
-442
-444
-404
-382
-395
-416
-396
-368
-348
-314
-282
-278
-273
-287
-270
-244
-219
-213
-210
-174
-132
-89
-74
-30
-32
-21
39
8
1
2
5
22
42
67
95
138
124
138
177
198
201
171
148
166
180
168
174
221
253
225
215
232
233
231
205
170
178
179
128
116
109
93
73
8
-32
-36
-16
-23
-3
49
60
47
38
43
18
30
-24
-80
-78
-69
-77
-40
-24
-39
-51
-85
-121
-169
-172
-217
-251
-267
-286
-269
-251
-216
-185
-156
-197
-182
-128
-137
-135
-126
-121
-125
-94
-80
-39
-11
12
39
82
136
157
154
162
164
121
129
141
124
112
114
129
145
164
179
176
197
227
228
232
218
213
224
243
253
270
269
250
233
220
200
175
154
145
135
109
93
71
39
13
-3
-22
-49
-48
-56
-31
15
41
51
53
24
5
-56
-110
-141
-149
-181
-240
-260
-278
-291
-305
-305
-309
-299
-298
-324
-331
-342
-330
-319
-309
-298
-253
-230
-210
-213
-221
-213
-216
-231
-256
-232
-231
-200
-144
-94
-50
-25
-4
29
57
64
114
118
123
128
140
178
178
186
209
203
223
230
228
252
262
272
244
263
282
318
362
393
405
402
368
349
360
296
268
234
195
181
140
111
68
30
-14
-10
8
41
44
21
1
-8
-3
-14
8
20
3
-8
-34
-86
-107
-133
-177
-209
-233
-268
-330
-402
-451
-446
-463
-465
-459
-441
-414
-368
-363
-341
-322
-325
-271
-251
-238
-213
-189
-176
-171
-181
-151
-116
-77
-14
52
85
96
76
57
74
79
139
146
154
219
235
247
310
338
307
300
269
235
229
206
195
194
193
221
274
309
349
362
381
388
386
399
371
321
279
239
167
141
101
48
30
9
3
-14
11
5
-10
-7
1
8
-2
-28
-54
-53
-46
-63
-81
-91
-110
-139
-169
-194
-212
-248
-291
-350
-371
-396
-412
-417
-411
-389
-379
-393
-386
-345
-322
-285
-264
-264
-255
-235
-247
-247
-232
-193
-169
-146
-107
-45
-1
8
46
64
84
100
67
91
121
139
167
195
223
233
249
237
256
246
225
193
186
155
160
215
240
288
327
366
364
423
415
393
360
318
287
267
220
204
200
161
156
110
106
86
70
44
58
72
66
60
64
52
5
7
22
-16
-68
-84
-122
-158
-187
-210
-230
-262
-302
-337
-347
-350
-355
-348
-356
-351
-349
-348
-339
-330
-350
-357
-340
-336
-340
-359
-360
-349
-338
-330
-288
-236
-173
-133
-97
-78
-54
6
4
22
49
61
72
122
164
195
214
205
192
187
211
220
213
219
251
262
218
240
283
290
334
360
388
431
416
403
413
375
361
341
298
264
244
208
199
173
144
129
120
122
101
111
106
90
93
66
59
66
38
-7
-36
-72
-129
-182
-201
-202
-224
-259
-287
-308
-336
-322
-304
-318
-322
-306
-332
-375
-344
-316
-307
-298
-283
-303
-311
-332
-354
-344
-335
-337
-332
-291
-262
-213
-159
-123
-94
-76
-37
-4
34
68
93
148
174
195
234
245
221
230
223
202
184
211
237
257
287
287
301
313
302
312
327
310
283
294
308
257
248
252
218
186
206
210
172
160
146
105
96
113
104
61
62
54
10
24
50
45
17
-25
-81
-114
-176
-209
-226
-265
-307
-316
-325
-360
-355
-342
-355
-347
-315
-278
-263
-293
-285
-289
-270
-236
-225
-180
-162
-155
-141
-140
-146
-162
-193
-199
-203
-193
-158
-103
-84
-63
-32
-19
6
40
62
85
121
137
155
180
213
217
212
212
203
189
192
202
216
245
245
258
274
305
296
314
298
277
267
250
248
229
234
237
254
258
234
222
212
185
154
154
167
164
176
172
130
111
97
88
63
27
-25
-64
-98
-155
-166
-181
-199
-224
-256
-267
-279
-309
-322
-329
-350
-348
-312
-306
-309
-298
-309
-307
-295
-279
-248
-227
-231
-229
-233
-224
-230
-222
-194
-202
-183
-160
-151
-112
-62
-46
1
32
16
26
74
69
84
122
141
160
170
206
219
206
231
241
247
224
222
252
241
220
221
209
195
190
166
145
149
160
149
160
166
164
155
145
123
102
79
61
49
66
83
73
83
93
59
57
46
-22
-42
-82
-135
-143
-167
-198
-189
-209
-224
-208
-229
-235
-229
-260
-262
-252
-251
-250
-222
-200
-216
-185
-156
-151
-134
-123
-88
-105
-112
-82
-67
-93
-81
-79
-57
-56
-42
-13
32
38
60
78
86
118
115
97
82
91
71
97
135
178
198
225
203
206
219
200
203
209
177
177
185
167
215
228
202
166
144
108
100
131
137
142
134
141
134
131
120
140
149
121
108
121
110
108
122
126
108
84
64
-14
-55
-68
-109
-148
-172
-212
-226
-234
-246
-267
-284
-291
-286
-270
-274
-266
-260
-249
-252
-268
-255
-262
-247
-252
-237
-228
-237
-236
-225
-231
-209
-171
-176
-175
-151
-135
-130
-100
-76
-65
-26
-10
7
30
17
29
60
56
62
105
124
128
140
153
171
181
176
157
143
156
200
216
238
265
242
233
226
222
220
225
188
161
136
136
154
142
141
161
161
193
230
237
273
262
218
197
204
155
133
85
42
46
8
-47
-54
-87
-138
-122
-152
-144
-139
-163
-156
-168
-184
-196
-193
-186
-178
-183
-188
-171
-154
-177
-159
-145
-170
-188
-232
-234
-216
-211
-180
-148
-131
-113
-102
-85
-60
-53
-44
-52
-63
-59
-59
-63
-31
-21
-16
-7
13
8
33
45
33
59
53
59
64
80
84
94
81
95
101
87
98
109
139
137
120
126
123
90
105
99
111
132
135
166
187
215
223
215
195
172
158
150
138
112
99
71
31
33
30
16
19
-13
-39
-61
-60
-49
-45
-60
-64
-58
-79
-82
-54
-77
-103
-118
-128
-129
-130
-142
-162
-163
-169
-183
-200
-194
-182
-171
-180
-161
-140
-149
-122
-108
-106
-88
-93
-104
-94
-86
-76
-61
-56
-60
-51
-21
-26
1
29
21
12
13
-4
0
6
-4
19
31
32
58
29
23
25
35
35
64
74
66
49
57
82
98
118
115
124
137
176
191
242
247
225
238
212
177
151
117
103
82
78
66
58
45
40
42
16
13
1
-13
-29
-27
-22
-10
-2
-6
-24
-57
-70
-57
-70
-68
-68
-83
-93
-104
-113
-119
-105
-142
-129
-112
-105
-81
-99
-102
-98
-81
-88
-66
-45
-35
-53
-47
-37
-38
-17
-12
-5
9
11
-15
26
54
59
65
77
75
71
76
77
74
67
27
18
19
-4
23
29
29
47
43
36
50
56
71
95
82
86
98
91
87
102
92
97
77
64
42
33
11
-9
-6
-8
-12
-6
-18
-38
-34
-34
-16
-13
-6
-18
-20
-12
-1
19
33
23
-1
-4
-46
-48
-35
-50
-60
-62
-71
-61
-59
-77
-72
-94
-99
-97
-90
-105
-102
-87
-105
-111
-111
-129
-145
-128
-132
-152
-118
-133
-132
-112
-103
-89
-79
-66
-65
-47
-23
-10
-9
-1
-7
-14
-34
-38
-14
-28
-20
-21
-14
-5
21
28
27
60
96
127
117
131
127
139
130
116
117
98
78
79
89
94
93
96
96
85
91
73
61
40
23
16
25
28
30
44
55
69
69
77
101
93
83
69
60
46
30
13
19
31
24
41
57
58
58
38
54
49
21
11
33
23
18
29
6
29
21
7
-9
-25
-28
-45
-50
-30
-34
-34
-31
-37
-23
-16
-18
-26
-4
-23
-40
-38
-63
-82
-94
-93
-100
-108
-90
-83
-68
-60
-56
-46
-57
-35
-34
-41
-32
-14
2
-6
1
-6
-1
-12
-29
-40
-37
-20
-13
-9
-26
-19
2
-18
-8
-4
-15
-6
4
20
27
33
14
20
12
13
16
31
24
24
25
17
9
-8
20
-3
1
7
2
15
15
12
-7
-15
-10
-11
-23
-28
-33
-35
-36
-25
-57
-71
-73
-84
-75
-73
-74
-71
-62
-54
-31
-14
-16
-14
-12
-15
-37
-31
-12
-32
-29
-19
-32
-23
-5
-6
20
46
43
51
61
66
61
74
78
77
83
86
103
90
91
89
86
81
83
71
68
65
64
51
42
40
30
39
39
33
41
46
39
40
38
36
6
1
1
-11
-18
-24
-29
-30
-27
-15
-4
-12
6
8
2
24
21
6
4
11
-4
-3
4
9
-17
-25
-19
-24
-27
-26
-32
-57
-63
-64
-67
-64
-40
-42
-43
-38
-15
-23
-21
-15
-21
-50
-62
-61
-65
-61
-58
-75
-88
-61
-64
-47
-25
-11
-18
-9
-6
8
14
9
13
18
6
3
18
1
25
28
14
20
24
20
35
47
62
61
67
67
56
64
63
56
49
38
40
36
40
52
50
37
35
30
22
34
17
13
6
-7
-10
-6
-5
-6
-13
-15
-11
-6
-15
-8
-14
-16
-23
-23
-28
-33
-29
-44
-47
-54
-51
-55
-48
-49
-51
-35
-18
-17
-7
-7
-21
-19
-30
-44
-49
-65
-81
-68
-67
-59
-51
-45
-48
-53
-39
-35
-41
-28
-13
-17
4
0
-3
10
15
5
12
17
10
12
8
14
22
39
26
20
28
41
53
63
64
77
84
76
89
94
94
93
98
89
88
75
77
85
87
81
85
85
69
64
58
58
55
49
43
47
45
39
31
38
27
9
6
-14
-29
-52
-54
-70
-80
-85
-91
-102
-88
-82
-91
-79
-84
-73
-87
-77
-75
-82
-83
-92
-104
-115
-109
-113
-111
-107
-86
-83
-75
-55
-49
-39
-37
-28
-22
-15
3
21
27
29
37
37
38
44
34
31
35
26
28
35
29
40
38
51
64
73
79
89
86
72
73
70
72
61
61
55
44
41
43
47
43
43
43
45
49
41
32
19
6
0
-9
-7
6
-5
-12
-16
-19
-16
-19
-15
-16
-25
-25
-29
-33
-40
-36
-44
-48
-47
-62
-65
-53
-54
-57
-51
-56
-53
-42
-48
-47
-55
-68
-72
-61
-62
-61
-57
-48
-52
-38
-31
-23
-6
1
14
13
14
15
12
15
34
38
40
49
54
51
47
55
53
40
41
67
66
66
73
63
62
53
59
59
54
57
58
55
55
46
34
38
32
25
22
19
10
9
8
7
7
-5
-19
-18
-22
-33
-27
-12
-16
-14
-9
-12
-12
-11
-26
-41
-44
-41
-29
-22
-19
-27
-39
-43
-41
-36
-28
-21
-17
-19
-28
-31
-14
-23
-26
-25
-31
-33
-28
-29
-29
-17
-7
-2
6
0
-1
3
0
2
2
12
7
5
-3
-12
-13
-16
-5
-1
3
3
3
-3
1
11
17
9
3
3
0
3
3
3
4
10
6
15
20
19
19
16
20
16
15
13
9
-1
-2
-10
-17
-11
-14
-18
-9
1
6
3
1
-9
-7
-10
-6
3
-7
-11
-5
-9
-8
-5
-11
-7
-6
-12
-7
-8
-2
-10
-8
-5
1
11
18
21
19
14
12
12
5
11
17
7
-8
-2
7
10
17
19
20
29
28
34
43
45
54
45
33
42
37
25
20
21
21
20
18
19
16
14
14
9
6
7
12
10
15
20
16
10
4
4
8
5
-2
3
-1
-6
-7
-17
-23
-29
-35
-35
-40
-44
-46
-48
-49
-46
-42
-47
-46
-48
-45
-52
-49
-46
-48
-53
-54
-51
-57
-48
-49
-39
-43
-34
-29
-36
-30
-25
-7
0
5
9
10
14
17
25
25
25
25
20
20
21
23
30
39
42
43
44
54
58
62
75
67
62
60
49
47
40
28
28
19
13
16
16
21
13
13
9
0
-5
-13
-10
-24
-24
-27
-27
-24
-25
-28
-31
-25
-20
-17
-31
-24
-25
-30
-30
-19
-19
-19
-8
-15
-16
-10
-17
-17
-11
-15
-12
-12
-13
-13
-4
-4
-1
0
0
3
3
2
3
9
9
10
10
9
16
16
5
5
7
10
11
11
13
11
5
10
10
11
11
7
4
2
5
5
12
12
19
20
15
25
22
19
21
27
15
8
7
-5
-8
-12
-17
-7
-6
-7
-11
-10
-1
-9
-12
-13
-17
-22
-19
-19
-15
-18
-21
-18
-26
-22
-17
-19
-18
-16
-8
-3
0
0
-1
0
4
1
9
7
8
15
10
3
8
3
4
12
7
7
5
6
5
8
14
14
15
21
23
22
24
24
23
23
20
13
11
11
9
2
-1
-7
-8
-16
-19
-17
-12
-13
-7
2
2
13
8
5
6
2
-8
-6
-11
-18
-17
-15
-16
-15
-9
-9
-1
4
5
8
8
5
1
3
3
-4
-13
-12
-17
-18
-7
-5
-8
1
3
-6
2
4
-4
-13
-7
-7
-9
-10
-13
-9
-6
-7
-4
2
0
-2
-4
-1
-4
-5
-7
-11
-16
-15
-7
-7
-1
3
9
14
13
11
15
16
13
11
7
13
6
0
-3
1
4
6
5
8
6
3
7
8
6
9
5
0
5
3
-2
4
0
-6
4
2
3
2
1
3
3
5
2
8
3
-3
-2
-5
-2
-1
-1
5
6
3
5
4
0
-1
2
2
0
4
3
-1
1
-1
-4
2
-2
-1
-2
-2
-3
0
3
-3
-6
-5
-16
-16
-11
-15
-8
-6
-3
2
-1
-6
0
-4
-7
-10
-3
-6
-5
-5
-14
-8
-14
-13
-9
-8
-7
-9
-7
-5
-13
-13
-12
-16
-13
-7
-7
-4
3
3
6
8
9
7
9
8
11
11
14
14
11
15
11
13
11
9
10
15
17
14
17
19
21
25
27
24
19
18
16
14
17
18
17
15
14
13
15
13
15
13
5
5
2
-3
-7
-14
-21
-18
-18
-15
-12
-12
-15
-15
-17
-17
-16
-19
-24
-25
-20
-19
-25
-15
-10
-9
-11
-12
-17
-14
-18
-16
-14
-19
-22
-20
-21
-16
-14
-16
-9
-11
-14
-17
-15
-10
-11
-12
-3
3
3
12
16
18
21
26
23
28
32
26
36
32
29
29
33
31
29
33
27
24
22
18
20
18
19
20
21
20
23
24
24
23
16
14
11
5
-1
0
-5
-9
-7
-3
-2
-3
0
0
-2
-5
-5
-11
-13
-18
-18
-21
-30
-26
-29
-31
-31
-35
-41
-38
-35
-32
-25
-19
-26
-28
-25
-29
-31
-27
-27
-25
-25
-21
-22
-22
-19
-22
-23
-21
-16
-14
-15
-12
-13
-9
-6
0
2
4
10
16
18
15
18
23
26
24
28
26
24
21
23
28
27
28
24
24
24
25
23
25
22
25
18
16
15
11
8
8
8
5
5
3
0
-1
2
-4
-2
1
-2
-5
-6
-5
-4
-5
0
-3
-4
0
-5
-2
-6
-12
-19
-18
-15
-19
-15
-7
-7
-10
-8
-8
-5
-3
3
4
5
5
3
0
-2
-2
-1
-5
-10
-5
-3
-2
-4
0
-1
0
0
-4
-3
-1
-1
4
13
11
11
12
11
9
14
17
16
20
22
23
21
20
23
18
17
24
23
26
26
27
27
31
28
34
32
23
20
16
13
4
1
-4
-5
-7
-5
-8
-5
-3
-5
0
-3
-6
-7
-12
-19
-23
-29
-37
-33
-38
-40
-40
-41
-39
-39
-33
-34
-36
-35
-40
-38
-40
-41
-34
-38
-37
-28
-25
-25
-20
-20
-24
-28
-23
-27
-24
-20
-24
-17
-15
-10
-9
-2
2
2
12
14
11
9
7
1
5
13
19
21
20
15
21
30
34
34
33
26
26
28
29
29
27
27
30
36
35
38
35
32
32
25
21
18
20
16
14
15
14
16
15
10
11
10
5
8
9
8
7
2
0
-7
-16
-13
-14
-16
-18
-20
-16
-16
-16
-10
-16
-17
-12
-17
-15
-16
-17
-16
-13
-8
-5
-9
-6
-5
-9
-7
-7
-6
-6
-1
-4
1
0
-2
2
4
0
-1
3
1
1
7
7
9
11
13
16
16
14
19
12
11
14
7
7
10
7
4
8
8
6
9
9
7
8
7
2
-1
0
-1
-4
-10
-9
-10
-13
-11
-9
-10
-7
-4
-9
-10
-7
-9
-14
-15
-12
-16
-17
-12
-18
-19
-14
-12
-9
-9
-11
-8
-8
-9
-5
-6
-3
-7
-6
-6
-10
-4
-5
-6
0
2
-1
0
0
-3
-6
-5
-6
-8
-9
-5
-4
-3
-5
-3
4
0
-3
-4
-5
-3
1
4
8
9
9
15
14
13
16
16
18
18
18
18
19
20
21
19
19
24
22
19
16
16
14
12
16
20
17
13
14
9
7
7
10
6
0
0
-3
-3
-5
-9
-13
-16
-18
-13
-13
-17
-15
-16
-17
-15
-12
-12
-16
-19
-21
-22
-22
-23
-21
-21
-17
-16
-12
-8
-4
-1
-2
1
2
0
-3
1
2
1
4
4
0
1
2
-1
0
3
3
3
6
2
0
1
4
-1
-2
1
-2
-5
-2
3
0
0
3
0
1
5
5
10
11
10
9
6
8
10
10
12
16
13
11
10
14
13
11
12
10
9
7
9
6
3
1
1
4
0
3
6
5
0
0
2
0
-2
1
0
-2
-2
0
-3
-2
-5
-9
-8
-9
-11
-8
-4
-3
-4
-2
1
-4
-6
-8
-10
-6
-9
-10
-8
-10
-10
-12
-13
-9
-14
-9
-7
-6
-2
-6
-3
-2
-3
-3
-2
-2
2
0
-3
-2
-1
-2
-1
-1
0
1
3
7
8
5
11
11
9
10
9
11
11
6
5
4
1
0
0
2
1
2
1
2
1
2
3
0
-6
-9
-7
-5
-5
-5
-2
-4
-5
-4
-2
-1
0
-1
-2
-5
-5
-4
-2
-3
-2
-2
-1
-4
-2
0
2
0
-2
0
-1
-1
0
1
3
5
3
5
4
3
1
1
7
7
6
5
7
7
6
6
9
9
8
7
3
4
2
1
1
2
-2
-2
4
0
3
8
8
8
6
5
6
2
-1
1
4
2
7
13
11
11
8
5
4
6
3
-1
-1
-5
-4
-2
1
0
-3
-6
-6
-7
-11
-10
-10
-9
-11
-14
-13
-13
-14
-12
-12
-12
-10
-11
-12
-12
-12
-14
-14
-16
-18
-19
-20
-19
-21
-16
-18
-15
-10
-12
-8
-8
-7
-6
-3
-2
2
1
-1
-1
1
5
3
9
8
5
8
10
6
7
9
10
15
14
14
16
19
16
18
21
21
20
19
16
16
15
10
12
12
9
11
14
13
13
11
9
8
9
11
7
7
7
5
3
-2
1
-1
0
-4
-4
-8
-6
-2
-5
-3
-1
-3
0
0
-3
-4
-4
-3
-6
-7
-7
-8
-5
-6
-6
-10
-5
-6
-8
-6
-6
-10
-11
-7
-8
-7
-9
-8
-8
-7
-8
-9
-7
-4
-7
-9
-7
-8
-9
-9
-4
-6
-6
-2
2
0
0
2
1
2
1
3
1
1
3
2
6
5
0
3
5
3
1
5
5
5
5
5
5
3
0
0
3
3
4
5
7
3
2
2
2
-1
-5
-2
-1
-3
2
2
0
3
0
4
7
4
3
0
-2
0
0
2
4
2
2
-1
-1
-3
-1
0
2
2
2
-1
-2
0
0
5
7
7
7
5
3
1
3
2
2
3
0
1
1
1
0
4
-1
0
0
0
2
3
1
1
0
-2
-3
-4
-4
2
-2
0
4
0
0
2
2
1
-4
-6
-5
-4
-5
-7
-9
-10
-8
-6
-5
-2
-1
-3
-4
-6
-6
-6
-7
-9
-6
-9
-8
-5
-7
-6
-5
-5
-7
-6
-6
-9
-11
-8
-8
-5
-4
-4
-3
-3
0
2
5
6
6
5
1
2
1
-1
4
4
5
3
3
4
2
1
6
3
3
6
4
3
2
3
2
4
7
6
7
11
8
9
9
10
11
11
14
11
10
9
9
11
9
10
13
9
8
10
9
7
7
6
6
4
2
3
0
2
5
4
1
2
-1
-2
-1
-3
-2
-4
-5
-6
-4
-7
-7
-5
-7
-8
-10
-11
-8
-7
-9
-6
-5
-7
-1
-3
-5
-4
-8
-7
-6
-6
-6
-6
-7
-5
-6
-3
-1
-2
2
3
1
2
1
-1
-2
-3
-4
-4
-6
-6
-4
-2
-4
-3
0
-1
-1
3
0
3
3
1
-2
1
3
2
1
1
0
-4
-3
-4
-7
-5
-7
-7
-7
-5
-6
-5
-5
-8
-3
-7
-5
-4
-7
-7
-8
-7
-6
-6
-7
-4
-1
-1
1
1
3
5
4
3
4
4
6
5
7
6
3
4
3
3
4
5
5
8
11
11
9
13
11
10
9
11
12
7
8
6
5
5
6
6
7
8
6
5
3
2
-2
0
-1
-3
-2
-3
-4
-4
-1
-2
-2
-2
-1
0
-2
0
2
3
2
2
2
0
1
0
3
4
0
4
5
4
5
5
4
4
3
2
3
-2
-2
2
2
5
8
6
4
2
2
1
0
0
1
-1
-1
-1
-3
-8
-5
-7
-8
-8
-9
-8
-10
-10
-11
-7
-10
-10
-10
-10
-11
-10
-10
-11
-13
-10
-9
-7
-6
-4
-4
-3
0
-4
-2
-4
-2
-4
-3
-2
-4
-3
-2
0
-1
2
3
3
5
5
8
10
11
10
8
8
5
3
3
4
5
9
9
8
9
8
8
6
3
2
1
2
1
-1
1
-1
0
1
2
1
3
0
0
2
-1
-1
-1
1
-1
-2
1
0
-1
-1
-1
1
1
0
1
0
-1
-4
-1
0
0
0
1
-3
-2
-2
-2
-1
-2
1
0
1
1
2
0
2
1
1
2
-1
-1
-1
-2
0
1
0
3
2
-1
-1
0
-1
0
3
3
3
4
3
3
3
2
1
2
0
-3
-1
-4
-2
-2
-1
-1
-2
0
-1
0
0
-2
0
-2
-4
-5
-6
-7
-9
-7
-5
-4
-3
-6
-5
-4
-5
-3
0
2
0
-3
-4
-4
-6
-3
-2
-4
-3
0
-1
-1
1
1
3
2
4
4
9
7
4
5
5
3
4
2
2
3
2
1
-1
0
1
-1
-2
-2
-3
-3
-3
-1
-2
-1
0
2
4
3
4
5
5
5
3
2
2
3
2
4
4
3
4
1
-2
-2
-1
-1
0
-1
1
0
-3
-1
0
-1
-2
-1
-2
-1
1
-1
-3
-2
-2
-2
-3
0
-1
-3
-3
-1
-2
-4
0
0
-2
-1
1
-1
2
1
1
3
4
6
6
5
6
6
1
3
5
5
5
5
7
6
7
6
9
5
5
3
0
-2
-4
-4
-7
-5
-3
-3
-1
-1
-2
-6
-7
-6
-8
-6
-4
-5
-5
-4
-5
-4
-1
-5
-7
-8
-6
-5
-5
-3
-3
-1
-2
-3
-2
0
3
1
3
4
1
-2
-2
-2
-2
0
1
0
4
5
4
5
5
6
3
2
3
2
0
1
-1
-2
0
0
2
2
3
0
0
2
2
0
1
2
2
2
0
0
0
0
0
2
4
3
3
4
2
4
4
2
3
2
3
3
2
0
1
2
1
3
1
-2
-1
-4
-8
-4
-4
-4
-5
-4
-4
-6
-7
-4
-4
-3
-6
-6
-5
-6
-6
-2
-3
-4
-1
-3
-3
-4
-2
-1
0
-1
2
1
0
1
-1
-1
1
-1
-1
2
1
0
1
0
0
1
4
2
5
4
4
3
2
4
1
3
4
3
2
2
1
0
0
1
2
1
3
0
3
3
2
4
5
3
3
4
2
1
0
-1
1
1
-1
0
-1
-4
0
2
1
2
3
2
2
2
-1
2
2
-1
2
3
1
2
2
2
2
-1
1
1
0
2
0
-1
1
-2
-4
0
0
-3
-2
-1
-2
-5
-3
-1
-2
-4
-3
-4
-3
-5
-8
-7
-7
-4
-5
-3
-1
-2
-1
-1
-1
-1
-1
-1
-1
1
2
0
0
2
1
-1
-1
-1
-3
-1
-1
-2
-3
-2
-2
-2
-1
-2
-3
-2
0
0
1
-1
2
1
2
0
4
4
4
4
4
6
4
2
4
4
2
2
1
2
3
2
3
1
3
-1
0
1
2
1
0
0
-1
-2
0
2
3
3
3
5
4
1
3
4
1
4
2
2
3
-2
-1
-1
-2
0
0
-2
-1
0
-2
-2
-2
-2
0
-1
1
-2
-2
-3
-3
-1
0
-2
-2
-3
-3
-3
-1
0
-1
-1
0
-2
-2
-1
-2
-2
-2
-3
0
1
-1
-1
-2
-4
-4
-2
0
1
2
2
1
2
3
3
3
2
1
1
-1
-2
-1
0
0
3
2
1
2
4
0
1
3
1
2
3
1
2
5
2
2
3
0
-1
0
-1
-1
-3
-2
-2
-3
-1
-1
1
1
2
3
4
3
2
0
-1
-3
-4
-5
-5
-4
-3
-4
-4
-2
-5
-5
-3
-4
-2
-2
-3
-3
-3
-4
-3
-3
-2
-1
-1
0
-1
0
2
1
0
-1
-2
-3
-3
-4
-2
-4
-5
-4
-4
-2
0
1
0
1
0
1
2
0
0
0
0
-1
0
1
1
3
2
1
3
3
3
2
2
6
7
4
5
5
4
4
4
5
4
6
6
6
6
5
5
4
4
4
5
4
3
3
1
1
0
0
-1
-2
-2
-3
-2
-2
-3
-3
-4
-3
-1
-2
-3
-2
-3
-2
-2
-2
-3
-2
-2
-3
-3
-1
-2
-2
1
1
2
2
0
3
3
3
2
2
2
2
-1
0
0
-1
-1
2
2
1
0
-2
-2
1
1
0
1
1
0
-1
1
1
2
2
1
1
-1
0
-1
-3
0
-1
-2
-1
-2
0
2
1
-1
0
-1
-3
-3
-1
-1
-3
-4
-2
-4
-3
-3
-2
0
0
1
1
0
1
1
2
2
1
3
1
2
1
0
-1
1
0
-2
-1
0
-2
-2
-2
-2
-2
-1
-2
-3
-2
-3
-3
-5
-3
-3
-2
0
-1
0
1
-1
-3
1
0
-4
-2
-1
-2
0
-1
-1
1
0
2
2
2
1
0
-1
-1
0
1
1
1
1
1
3
0
1
2
0
1
0
0
1
0
1
0
1
1
1
2
1
1
-1
0
-1
2
2
1
0
1
1
0
0
2
3
0
2
2
2
1
2
3
2
2
-1
-1
-1
0
1
2
3
2
1
2
4
1
2
3
4
3
1
0
1
0
-1
-1
1
1
-1
2
1
0
0
2
3
2
1
0
0
1
-1
1
0
1
0
-1
0
3
1
3
6
2
3
3
2
3
2
2
2
0
0
0
0
0
-1
0
-2
-3
-2
-2
-3
-1
-2
-1
-1
-4
-3
-3
-6
-6
-5
-5
-6
-5
-8
-8
-6
-10
-7
-6
-7
-7
-7
-7
-8
-7
-7
-4
-4
-6
-5
-5
-5
-5
-4
0
0
1
3
2
3
4
5
6
7
5
5
5
5
3
4
5
4
5
7
7
8
8
8
6
4
3
3
5
4
2
2
0
-2
0
1
2
3
3
3
2
3
2
0
-1
-1
-1
0
-1
-2
0
1
0
0
-1
0
-1
-1
-3
-2
-2
0
0
2
2
1
3
1
2
3
2
1
2
1
1
0
0
1
1
0
-1
0
0
-1
-3
-2
-2
-2
0
0
0
-1
-1
-3
-2
0
-2
-3
-3
-3
-3
-2
-2
-1
-1
0
0
0
2
1
-1
-1
0
0
-1
0
1
1
1
1
1
2
3
1
1
0
-1
-1
-1
1
1
0
1
0
1
1
1
1
2
2
0
0
0
0
1
2
2
1
-1
1
-1
-4
-2
-1
-3
-2
-2
-5
-3
-3
-5
-4
-4
-6
-4
-5
-5
-5
-6
-7
-6
-4
-3
-3
-2
-1
-1
-3
-1
-2
-2
0
-1
3
2
2
3
2
2
1
2
2
1
3
2
2
3
4
5
6
6
4
4
5
1
3
3
2
2
0
1
2
0
1
3
3
2
1
-1
-1
-4
-2
-2
-3
-1
0
-2
1
1
0
2
-1
0
-1
0
-1
1
1
2
4
2
3
5
3
4
6
5
8
6
5
7
6
4
4
3
4
4
4
3
4
3
3
1
1
1
-1
-1
-2
-3
-3
-2
-5
-4
-3
-3
-6
-5
-4
-4
-5
-3
-3
-3
-4
-3
-6
-4
-3
-5
-4
-4
-3
-5
-5
-5
-5
-4
-3
-4
-3
-2
-3
-2
-1
-1
-1
-2
-4
-4
-5
-2
-2
-2
-1
-1
-3
-2
-3
-1
1
0
2
3
2
-1
1
0
0
1
1
2
2
2
3
2
2
2
2
3
4
5
3
2
3
2
1
0
-1
0
0
-3
0
-1
0
2
2
4
5
4
3
4
3
4
4
2
2
2
1
1
-1
-4
-4
-5
-5
-7
-6
-5
-6
-4
-4
-5
-4
-3
-2
-1
-2
-2
0
0
-1
0
-1
1
-1
-2
1
2
0
2
3
2
3
4
5
5
7
6
8
6
6
7
5
3
3
4
3
3
4
5
5
5
5
6
3
4
3
4
4
3
2
3
3
2
2
0
0
1
0
-2
-2
-2
-4
-4
-4
-4
-6
-5
-5
-5
-6
-6
-5
-4
-5
-5
-5
-7
-3
-4
-5
-5
-5
-4
-4
-4
-3
-3
-3
-2
-2
0
-3
-2
0
-1
0
-1
-1
-1
0
0
1
2
1
2
2
3
1
0
0
2
0
-1
1
1
2
1
2
2
2
2
3
3
3
3
4
4
2
0
1
0
-1
-3
-2
-1
-1
0
0
0
-1
0
0
-1
-1
0
-2
-2
-2
-2
-3
-3
-3
-1
-3
-3
-3
-3
-2
1
0
0
-1
-2
-3
-2
-3
-4
-1
-1
-1
-2
-2
-1
0
2
1
1
2
1
0
2
0
1
1
3
3
2
1
1
-1
-2
-1
-2
-1
0
-1
0
2
3
2
3
5
3
2
3
1
0
0
2
3
3
4
3
6
4
3
5
3
5
3
4
5
5
5
6
5
6
5
7
6
5
5
2
2
0
1
1
0
0
0
-2
-1
1
1
0
-2
-3
-5
-6
-5
-5
-6
-4
-3
-2
-3
-3
-3
-3
-3
-1
0
-1
0
-3
-2
-1
0
-3
-1
-1
-2
-1
0
1
1
1
1
2
1
2
1
1
1
1
1
1
0
3
1
-1
-1
-3
-2
-3
-4
-4
-3
-2
-4
-3
-3
-4
-4
-5
-4
-5
-4
-4
-5
-4
-4
-5
-6
-4
-4
-6
-5
-5
-8
-7
-7
-6
-6
-5
-4
-6
-5
-4
-4
-4
-4
-1
-2
-2
0
0
1
-2
-3
-1
1
0
2
2
3
2
2
2
1
3
3
4
5
5
6
6
7
7
6
6
7
6
5
6
9
9
9
8
10
8
9
10
9
10
10
8
6
7
6
7
4
5
6
7
6
6
5
4
3
3
2
2
2
0
0
0
0
-2
-2
-2
-5
-4
-5
-5
-5
-4
-4
-4
-3
-5
-3
-3
-3
-3
-2
-4
-4
-3
-4
-5
-3
-2
-2
-3
-3
-3
-3
-1
-2
-1
0
0
0
1
1
0
0
-2
-2
-2
-1
0
0
1
0
-1
-4
-2
-1
-3
-3
-4
-5
-7
-7
-7
-6
-6
-6
-5
-4
-3
-5
-6
-6
-6
-8
-7
-6
-7
-6
-6
-5
-3
-3
-3
-4
-2
-2
-3
-1
-2
-1
0
0
0
3
1
2
6
4
5
6
5
5
4
6
5
4
4
5
5
5
6
7
8
7
7
8
7
6
4
4
4
4
2
2
1
-2
0
0
0
2
3
3
4
5
2
0
1
0
-1
1
1
2
2
2
1
2
2
2
1
1
2
2
2
1
1
2
2
1
0
2
1
1
1
0
-1
-1
-2
0
-2
-2
-1
-4
-4
-4
-6
-3
-2
-1
0
-1
-1
-1
-2
0
2
-1
-1
0
-1
1
-1
0
2
1
2
2
3
4
3
4
6
5
5
3
4
2
1
2
0
0
-1
-1
-1
-1
-2
-1
-1
-2
-3
-1
-2
-3
-4
-3
-4
-6
-9
-8
-8
-10
-8
-9
-8
-8
-10
-9
-8
-9
-9
-7
-6
-7
-8
-5
-6
-7
-4
-5
-4
-3
-4
-3
-2
0
1
3
3
4
3
4
4
3
5
3
5
5
5
4
5
6
5
6
4
4
5
4
2
3
1
2
2
3
3
4
3
2
3
3
4
3
4
4
3
5
4
4
3
0
2
-1
-1
1
1
1
3
2
1
3
3
2
2
2
1
0
-1
-2
1
1
2
2
0
1
0
1
2
2
2
1
1
1
0
2
0
0
0
-1
-1
-1
-4
-3
-2
-3
-3
0
-3
-3
-4
-2
-2
-2
0
-2
-1
0
1
1
0
-1
-2
-3
-2
-1
0
0
1
0
1
1
1
1
0
2
2
2
1
1
1
1
2
3
2
1
2
2
3
4
4
2
5
4
4
4
3
2
3
1
2
2
-1
-2
-2
-1
-2
-3
-3
-2
-3
-2
-3
-3
-4
-6
-5
-3
-3
-5
-3
-4
-5
-4
-5
-5
-4
-7
-6
-5
-7
-8
-7
-7
-5
-5
-2
-3
-3
-3
-5
-4
-7
-3
-5
-4
-3
-4
-2
-2
-2
-2
-2
-3
-2
-2
-1
-1
-1
0
0
2
0
0
2
2
0
1
2
1
0
-1
-1
-1
1
-1
1
1
2
1
2
2
3
3
4
4
4
3
2
3
3
2
3
3
3
4
4
3
5
5
6
6
4
6
7
5
7
7
6
7
8
7
8
8
7
7
8
7
7
5
3
2
1
2
1
2
3
4
2
2
2
3
4
2
1
1
-1
-3
-2
-2
-1
-1
-1
-1
-1
0
0
-1
-1
0
0
0
0
1
1
0
1
2
0
1
-1
-1
0
1
-2
0
1
0
-1
-5
-6
-8
-7
-9
-9
-8
-8
-7
-7
-6
-7
-7
-9
-11
-8
-9
-8
-7
-7
-6
-8
-8
-7
-7
-5
-5
-6
-5
-8
-6
-4
-4
-4
-4
-2
-3
-4
-3
-2
-2
-1
1
2
1
1
2
3
2
3
2
2
2
1
1
1
1
2
1
1
2
3
2
4
2
4
4
4
5
4
5
4
3
3
3
3
5
4
4
5
6
4
4
5
4
6
5
6
5
6
5
4
4
3
3
4
3
2
1
1
1
0
2
2
3
4
3
0
-1
-1
-3
-3
-3
-3
-5
-5
-4
-4
-6
-5
-3
-3
-2
-2
0
0
1
1
1
2
0
0
2
2
3
2
3
4
4
5
5
4
4
1
2
3
4
4
3
3
3
3
0
0
-3
-3
-3
-4
-2
-2
-2
-2
-2
-3
-3
-3
-2
-2
-1
-2
-2
-2
-3
-4
-5
-5
-3
-3
-3
-4
-2
-4
-4
-1
-1
0
-1
1
1
-1
-1
-1
-2
-2
-1
0
0
0
0
-1
0
-1
0
-1
-1
1
2
2
3
4
5
4
2
2
3
0
0
0
2
0
-1
-3
0
-2
-2
-1
-2
0
-2
-1
-2
-3
-3
-4
-2
-4
-4
-3
-3
-3
-4
-3
-2
0
1
1
2
1
0
0
-3
-3
-4
-3
-3
-4
-3
-2
0
1
2
4
4
3
3
2
2
2
2
2
3
4
4
5
5
5
6
6
6
6
7
6
4
3
3
4
3
4
6
4
5
5
4
4
4
2
3
1
0
-1
-3
-5
-3
-4
-5
-3
-3
-4
-4
-4
-7
-8
-7
-5
-5
-7
-7
-8
-9
-9
-9
-9
-7
-7
-5
-5
-4
-4
-4
-3
-3
-2
-2
0
0
0
0
0
2
1
2
3
5
4
4
5
5
5
6
6
7
9
9
8
7
9
10
10
8
8
8
6
6
7
6
6
7
7
6
5
4
4
4
1
0
0
-1
-3
-4
-2
-4
-4
-4
-4
-6
-5
-5
-5
-7
-7
-6
-6
-6
-4
-6
-7
-6
-5
-4
-5
-4
-4
-5
-5
-5
-4
-2
-2
0
-1
-2
-1
-2
-1
-3
-2
-2
-3
-2
-3
0
-2
-3
-2
-2
-1
0
0
0
-1
-2
-2
-2
-2
-2
-1
-1
0
2
0
0
0
0
0
1
0
0
2
1
1
2
2
4
3
3
3
4
3
5
6
4
6
4
4
3
3
3
4
2
2
1
2
2
2
3
0
0
0
0
1
1
1
0
-2
1
1
0
1
2
1
1
1
1
1
2
2
1
1
3
3
2
2
2
2
2
1
3
2
3
2
1
1
0
0
3
3
4
3
2
4
3
1
1
1
-1
-2
-1
-1
-2
-2
-2
-4
-4
-5
-4
-5
-5
-6
-6
-6
-6
-6
-7
-7
-6
-5
-5
-6
-6
-7
-6
-5
-5
-5
-7
-7
-7
-7
-7
-6
-6
-5
-5
-3
-3
-3
-3
-3
-4
-3
-3
-2
-1
-2
-1
0
-1
0
-1
0
0
1
3
3
2
2
3
3
5
5
4
5
5
6
7
6
7
8
7
6
5
6
4
3
5
4
5
5
6
8
9
9
8
7
6
6
8
6
4
5
3
3
3
2
2
2
2
2
2
3
3
3
2
1
0
0
-1
-1
-2
-3
-4
-3
-3
-4
-4
-3
-4
-3
-2
-2
-3
-4
-3
-2
-4
-3
-3
-2
0
-1
0
-1
-2
-1
-1
-1
-2
-3
-3
-3
-3
-4
-4
-5
-5
-4
-2
-2
-4
-4
-6
-7
-7
-6
-5
-8
-6
-5
-4
-4
-2
-2
-3
-1
-1
-2
-1
-1
-3
0
0
-1
0
1
1
1
0
2
2
2
3
3
3
4
3
5
5
4
5
6
7
7
5
5
6
6
5
6
6
4
5
2
2
2
3
2
-1
1
1
0
-3
-2
-2
-4
-4
-5
-3
-5
-5
-4
-5
-4
-3
-2
-3
-3
-3
-1
0
-1
-1
1
1
1
2
1
-1
-1
0
0
0
3
3
3
2
0
0
-1
-2
-2
0
-1
-2
-2
0
1
0
1
-1
-2
-2
-3
-4
-4
-2
-4
-2
-2
-2
-2
-4
-4
-2
-2
-2
0
1
1
2
2
2
1
2
1
-1
2
2
0
3
2
2
3
4
5
6
5
3
3
4
4
4
5
4
1
0
0
0
1
2
1
-1
0
0
-1
1
1
0
2
2
2
3
3
3
3
2
2
3
1
1
1
0
0
0
-1
1
3
3
3
3
2
2
2
2
0
1
-1
-1
-2
-3
-3
-2
-1
0
1
1
1
0
2
0
-1
-1
-4
-2
-1
-1
-1
0
-2
-3
-3
-4
-3
-5
-3
-4
-5
-4
-3
-4
-4
-3
-4
-2
-2
-2
-3
-2
-4
-3
-2
-2
-3
-2
-1
-1
-2
-2
-2
-2
-3
-2
-2
-3
-3
-3
-2
-2
0
-1
-2
0
-1
-3
-1
-1
-1
-1
-2
-1
-2
-1
-1
-1
0
-1
-1
-2
-2
-2
-1
0
0
0
-1
-1
-2
-1
0
1
2
2
1
1
2
2
4
2
3
4
4
3
3
1
3
3
4
5
5
6
6
5
5
4
5
5
4
4
4
4
5
6
4
5
7
6
4
5
6
5
5
5
4
2
2
2
2
1
1
2
-1
-1
0
0
-1
-1
-1
-2
0
-2
-2
-3
-3
-3
-2
-2
-3
-2
-2
-2
-2
-1
-2
-3
-3
-4
-2
-3
-3
-1
-2
-2
-2
-3
-2
-2
-2
0
0
0
-2
-2
-1
-1
-2
-2
-2
-1
-1
0
-1
0
0
1
1
0
0
-1
-1
-3
-3
-5
-5
-6
-5
-5
-4
-4
-3
-2
-2
-2
-2
-5
-6
-6
-6
-5
-5
-5
-4
-4
-3
-2
-2
-4
-4
-5
-4
-2
-3
-1
-1
-2
-4
-2
-1
0
2
2
1
3
2
2
3
3
2
1
2
3
3
4
4
4
5
4
3
4
2
3
4
4
4
5
5
6
5
3
5
5
6
4
6
7
7
6
6
6
7
7
5
5
4
5
5
5
4
4
3
5
2
4
4
1
1
2
2
2
1
0
1
0
1
1
-2
-1
-1
-3
-2
-1
-1
-1
-2
-2
-3
-4
-3
-5
-5
-4
-5
-3
-5
-6
-6
-5
-7
-5
-4
-5
-6
-7
-5
-4
-6
-4
-4
-4
-4
-5
-4
-3
-3
-2
-1
0
-3
0
-1
-3
-2
-3
-4
-2
-3
-2
-1
0
-2
-2
-2
-1
1
0
1
3
1
0
2
1
2
2
0
1
1
-1
-1
0
-1
0
1
2
2
3
2
3
3
1
2
-1
0
1
-1
0
0
1
1
4
3
2
1
2
0
1
2
1
0
1
2
2
2
2
1
3
1
0
0
-2
0
0
2
1
0
0
1
2
2
3
3
1
-1
-1
-1
-1
-2
-2
-1
-2
-3
-4
-3
-3
-2
-1
-1
-1
-2
-1
-2
-1
-1
0
-2
0
1
0
1
0
1
0
0
1
1
0
1
1
2
2
4
2
1
4
3
2
4
5
4
3
3
3
3
3
2
2
2
4
2
1
2
3
4
1
3
3
2
3
2
2
1
2
1
1
2
0
0
-1
-1
1
0
0
0
-2
-3
-4
-3
-3
-3
-3
-3
-3
-4
-5
-3
-3
-5
-4
-4
-4
-2
-2
-3
-2
-3
-3
-3
-2
-5
-3
-4
-4
-4
-5
-5
-5
-5
-3
-5
-2
-2
-3
-2
-2
-1
-2
-1
-1
1
-2
-1
-1
-1
1
2
2
1
0
0
1
0
0
2
2
2
2
2
2
1
3
2
3
4
3
5
5
5
5
6
6
7
7
6
7
6
5
6
4
3
4
3
3
4
3
3
4
0
0
-1
-2
