9
5
2
2
1
8
6
0
-3
-5
-5
-8
-9
-10
-4
-8
-10
-5
-6
-6
-8
-6
-9
-14
-11
-9
-15
-19
-17
-22
-20
-18
-18
-11
-10
-13
-7
-8
-7
-3
-1
-4
-4
-3
-4
-3
-7
-7
-8
-5
-8
-4
2
5
-1
1
5
4
6
7
11
11
9
7
6
6
0
-1
-2
3
8
12
5
14
11
2
10
4
4
5
2
3
5
7
9
8
7
10
9
13
11
6
6
3
2
0
-1
0
3
-1
-1
7
7
2
5
7
3
9
10
9
3
7
5
4
7
4
7
6
1
7
10
3
7
8
4
2
6
4
9
7
5
8
2
-1
-1
-2
-9
-6
-9
-6
-7
-3
-4
-8
-6
-8
-5
1
-3
-8
-10
-16
-21
-20
-18
-21
-22
-16
-10
-9
-7
-7
-7
-10
-11
-8
-7
-5
-13
-7
-17
-8
-10
10
-14
18
5
-7
5
-5
-1
-1
7
-3
6
-1
-1
-3
-1
-5
-5
4
6
8
7
9
2
-4
-3
-6
5
1
6
6
-1
-4
-7
-5
-7
-10
-10
-8
-10
-7
-8
-8
-5
-6
2
-1
6
-3
-1
-5
2
0
4
14
14
17
7
9
9
5
1
14
7
6
5
2
-3
-4
-2
-1
9
7
14
9
13
10
9
7
10
12
5
10
2
4
1
2
6
-6
4
6
3
6
6
4
5
3
4
8
4
7
9
8
5
-1
-1
0
1
3
6
7
9
10
10
9
4
3
9
8
10
9
6
4
-4
-10
-9
-12
-11
-9
-6
-4
-5
-3
-8
-9
-14
-9
-8
-1
-2
-7
-8
-11
-16
-21
-21
-16
-11
-19
-6
-9
-9
-4
-1
-3
1
-3
-2
-2
-1
0
1
-2
-3
-4
-6
6
-1
6
6
6
5
7
11
6
3
-6
-2
-7
-2
2
5
5
1
0
-3
0
-5
-3
3
5
3
7
2
0
-4
-4
-4
-1
-6
-4
-8
-5
-6
-4
-4
-1
-2
5
12
1
-2
-3
-8
-8
0
-4
0
-4
-9
-10
-7
-15
-1
-3
-2
-3
-3
-5
-5
-5
-3
0
-3
3
-2
1
0
2
-2
7
2
-1
11
6
12
13
9
15
13
12
15
15
19
12
17
10
10
8
3
3
3
7
10
12
12
13
7
6
2
1
1
-2
-3
5
-1
3
-3
-3
-3
-4
-1
0
-2
-1
-2
-7
-7
-12
-6
-13
-10
-11
-8
-5
-10
-6
-9
-7
-7
-6
-4
-5
-7
-9
-15
-15
-14
-14
-9
-5
-6
-6
-5
-5
-5
-3
1
1
5
1
4
-2
5
2
9
14
17
16
15
11
8
4
4
5
14
13
21
20
9
11
8
4
7
11
7
11
3
6
3
-1
1
-4
3
5
5
2
7
1
-1
-4
-2
-4
1
0
-2
-3
-6
-8
-9
-9
-7
-3
-7
-3
-8
-8
-9
-8
-9
-11
-6
-6
-8
-8
-3
-8
-9
-4
-1
-1
1
1
0
1
-4
-8
0
-6
-3
1
3
-3
0
-5
-10
-9
-10
-11
-5
-7
-4
-3
2
-2
0
3
-2
1
-4
-3
-2
-1
-3
-4
3
3
5
5
5
9
3
-3
1
0
-3
-3
-4
-1
-3
-4
-3
1
-7
0
0
7
2
1
3
3
6
0
4
-2
3
0
6
8
3
3
7
3
1
2
-3
0
-3
-1
-5
-4
0
-3
-1
2
6
5
9
7
6
5
0
1
3
3
2
6
6
5
8
8
3
3
3
2
6
12
13
10
11
7
7
2
6
8
12
10
13
12
5
4
9
6
5
6
2
4
4
-2
-6
-4
-8
-6
-8
-2
-3
-6
-7
-10
-13
-9
-8
-6
-2
-10
-9
-12
-11
-13
-8
-3
1
0
-4
-6
-15
-14
-10
-2
2
1
2
2
-1
-5
-2
-2
4
4
9
12
4
8
2
1
1
0
1
0
-1
0
2
-3
3
2
3
3
3
-2
-7
-15
-13
-9
-11
-9
-12
-11
-13
-12
-12
-10
-6
-8
-4
-5
-7
-9
-10
-13
-8
-3
0
5
1
-4
0
-5
-8
-6
-5
-4
3
3
5
3
3
3
4
11
11
17
15
12
6
6
6
10
13
16
17
17
15
10
10
6
6
5
11
12
15
13
8
7
5
10
4
7
1
0
-3
-3
-1
1
2
-3
2
-1
8
6
8
6
3
2
1
0
-2
-3
-4
1
-3
-1
-1
-3
-2
-2
1
2
3
0
3
0
-5
-4
-3
-8
-2
-8
-12
-10
-11
-12
-9
-5
-9
-11
-17
-16
-20
-16
-15
-15
-8
-11
-7
-8
-8
-11
-8
-11
-6
-4
-4
-7
-9
-10
-12
-6
-5
3
6
5
5
8
2
-1
3
3
2
8
6
11
7
4
7
6
6
11
15
12
11
6
8
2
1
4
9
7
2
2
0
-2
-2
2
3
5
-1
1
0
-1
-3
-3
0
-6
-4
2
4
-4
0
-4
-2
3
1
5
11
9
6
9
11
10
10
9
10
4
10
2
0
2
-2
1
6
5
8
12
4
7
2
3
-2
-3
-5
-7
-12
-15
-11
-10
-8
-7
-3
-6
0
1
1
4
6
4
3
6
1
-2
-3
-5
-12
-10
-8
-10
-6
-4
-3
-5
-4
-7
-10
-7
-5
-4
-5
-2
-2
-6
-10
-3
-6
-8
-4
2
1
0
-2
-3
-8
-6
-4
-1
2
9
9
3
4
0
-2
-2
1
0
5
7
11
11
8
8
6
11
12
10
21
16
12
12
6
3
2
9
6
7
11
7
7
9
10
9
6
7
9
5
7
3
-2
-2
-11
-12
-8
-11
-10
-10
-18
-24
-23
-26
-19
-18
-13
-8
-13
-15
-20
-20
-18
-11
-9
-13
-12
-11
-13
-13
-5
-1
-2
4
5
6
2
1
-2
1
2
7
10
14
17
14
14
12
12
13
16
14
13
7
9
4
1
6
5
4
5
8
7
10
7
6
1
2
2
3
1
3
5
2
4
2
2
4
4
-1
-4
-3
-10
-12
-16
-12
-14
-14
-8
-8
-3
-10
-10
-13
-14
-8
-8
-7
-8
-4
-8
-1
-3
0
-1
4
7
4
9
11
10
2
2
-2
-1
1
2
4
9
8
5
2
5
6
2
6
5
3
3
1
1
0
-3
-5
1
5
9
10
9
9
8
4
8
10
11
9
7
7
3
5
4
6
3
4
1
-3
-2
0
2
2
5
6
3
2
5
3
0
-1
-3
-7
-1
-4
0
0
-3
0
-2
-1
-3
-6
-13
-8
-10
-9
-10
-7
-10
-14
-12
-12
-4
-6
-7
-6
-8
-8
-9
-9
-13
-10
-13
-10
-8
-6
-7
-6
-16
-20
-13
-14
-8
-4
-1
6
4
6
4
3
5
12
14
17
14
9
6
3
1
6
5
10
8
8
12
11
10
10
10
8
9
4
5
0
-1
-4
1
-3
-5
-5
-6
-3
-2
-1
2
2
4
7
7
10
7
6
-4
-8
-9
-10
-7
-2
-1
-4
-6
-7
-11
-7
-1
-5
-3
-1
-1
0
2
-2
-8
-10
-10
-5
-6
2
-1
-2
-4
-6
-6
-3
-7
-4
3
1
3
6
8
5
7
5
2
2
2
2
3
4
-5
-3
3
2
9
18
15
10
17
13
10
14
9
13
14
9
7
1
-2
-1
-1
8
7
14
18
9
7
5
-1
-1
0
0
-2
2
-4
-4
-10
-13
-12
-18
-12
-8
-10
-10
-9
-10
-15
-10
-5
-6
-1
-2
-3
-7
-5
-7
-11
-13
-11
-8
-8
-3
-5
-5
-1
4
3
10
14
9
7
9
11
14
17
18
14
14
9
-1
1
1
8
7
7
1
-2
-4
-2
3
4
10
10
6
4
0
-8
-8
-11
-13
-9
-9
-7
-7
-5
-6
-10
-10
-10
-8
-10
-13
-12
-11
-12
-12
-12
-12
-16
-14
-18
-19
-14
-15
-11
-11
-8
-6
-3
-2
-3
-4
-2
0
2
4
3
4
3
1
2
4
3
6
9
11
10
11
13
14
12
13
17
17
17
16
15
13
9
12
11
13
22
20
19
19
17
12
9
8
11
8
5
3
3
0
-3
-2
1
6
4
7
8
5
7
5
4
0
-6
-6
-9
-8
-12
-14
-12
-15
-16
-12
-10
-8
-4
-12
-13
-15
-16
-16
-15
-9
-13
-7
-6
-5
-6
-7
-8
-10
-10
-8
-6
-5
-3
-1
-2
-2
3
1
-2
2
2
-1
5
3
0
-4
-3
-4
-4
1
2
2
0
0
1
5
6
10
9
4
8
5
5
7
3
3
5
1
-1
3
2
0
2
5
3
3
2
-2
0
-1
-2
-3
1
-3
-5
-6
-9
-5
-6
-6
-3
-5
-5
-1
-3
1
-3
-4
-1
-5
-1
-2
-2
-6
-4
-5
-3
2
-1
4
4
1
1
-1
1
2
3
4
0
1
-5
-4
-1
6
7
9
18
12
13
13
9
11
10
9
14
14
11
17
14
17
14
12
11
6
8
9
9
12
11
6
9
9
9
9
9
6
5
5
11
8
4
5
3
5
2
4
4
8
4
-2
-6
-11
-6
-10
-7
-5
-7
-11
-8
-12
-9
-12
-13
-13
-14
-8
-13
-13
-17
-22
-24
-26
-23
-20
-18
-21
-18
-23
-19
-13
-16
-15
-14
-16
-14
-13
-17
-13
-16
-17
-14
-12
-11
-12
-14
-12
-9
-10
-8
-3
-5
0
2
0
-5
-4
-5
-4
0
-1
-1
2
-2
2
4
5
10
15
16
15
20
16
17
14
11
9
7
9
11
15
14
17
18
20
21
20
19
19
18
15
14
14
8
6
4
-1
4
7
7
5
8
4
2
1
2
1
3
-3
-2
1
-2
0
4
2
2
5
0
2
1
-3
-2
1
0
1
7
7
6
6
9
5
7
8
10
9
13
9
6
10
8
6
8
13
12
17
15
17
18
19
10
10
6
-2
-2
-4
-4
-3
-5
-8
-7
-9
-10
-13
-15
-18
-21
-19
-25
-20
-21
-20
-16
-20
-24
-21
-18
-17
-12
-14
-10
-20
-22
-20
-21
-15
-11
-12
-9
-11
-15
-11
-10
-9
-7
-3
-4
-4
-4
-7
-10
-5
-3
2
5
9
5
-1
2
-2
-2
3
4
8
10
9
10
10
9
6
7
11
7
15
12
9
10
1
1
0
4
9
11
14
11
9
6
5
0
3
5
6
7
9
7
2
1
2
-1
1
5
4
3
4
3
-2
3
2
-4
-1
-4
-8
-4
-4
-5
-3
-2
-3
-5
-6
-7
-10
-10
-8
-6
-7
-2
1
0
5
-1
3
0
-1
-1
-1
2
-1
-4
-4
-4
-4
-5
0
3
3
4
5
8
6
7
4
6
5
4
1
-1
0
1
2
4
7
2
1
3
-2
-2
-5
-5
-2
2
2
0
-1
-5
-4
-7
-6
-2
-5
-1
0
0
3
2
0
-4
-2
-4
2
-9
-6
-5
-5
-4
0
1
-3
4
-1
1
2
3
2
2
4
5
6
6
9
15
15
15
16
14
11
13
14
11
14
11
11
11
6
6
9
5
11
12
11
10
7
5
2
-1
2
-1
1
4
-1
-3
-4
-7
-8
-7
-7
-3
-1
2
1
-4
-14
-17
-18
-20
-15
-12
-8
-9
-13
-16
-16
-13
-14
-15
-11
-11
-11
-10
-12
-14
-16
-13
-13
-7
-5
-5
-7
-13
-14
-15
-10
-11
-5
0
4
5
-1
-3
-4
-5
-1
1
4
5
1
0
-1
-2
1
6
7
14
13
14
13
11
7
5
6
9
9
8
8
0
0
-1
-1
1
8
5
11
6
9
-9
14
0
-12
20
-7
3
8
2
-7
8
-7
3
5
3
3
-4
-4
-6
-9
-7
1
1
1
10
-4
4
3
7
4
4
1
4
2
1
3
6
10
9
13
14
12
12
8
8
2
5
6
5
6
10
11
12
18
14
10
8
15
5
6
8
10
-8
4
0
-8
1
0
-2
3
5
1
8
-3
-1
-9
-11
-11
-10
-10
-10
-16
-11
-16
-22
-18
-14
-16
-17
-14
-17
-12
-16
-17
-15
-22
-24
-24
-24
-19
-15
-16
-19
-19
-19
-20
-20
-18
-11
-9
-6
0
-4
-4
-3
-4
-1
2
4
6
5
4
3
7
5
7
12
11
15
21
20
21
22
14
10
10
8
9
12
11
14
16
14
18
16
15
21
13
19
18
13
17
16
7
10
12
14
15
14
10
4
0
-3
-2
-7
1
0
-1
-5
-4
-4
-7
-7
-5
-5
-8
2
-4
-6
-6
-13
-11
-9
-9
-7
-6
-3
-11
-5
-6
-4
-3
-5
6
7
9
8
10
4
8
4
5
10
10
12
8
10
3
5
-4
0
8
-5
0
6
3
7
7
5
11
10
-4
3
4
-3
0
-10
-8
-14
-8
-18
-14
-6
-18
-8
-3
-15
-6
-9
-16
-9
-17
-6
-13
-21
-15
-19
-16
-16
-13
-14
-13
-7
-11
-3
-8
-4
-6
-12
-7
-5
-7
-8
-6
-7
-4
-9
-9
-8
-5
-2
0
1
5
3
3
5
4
8
4
8
5
3
5
4
2
2
2
5
5
11
9
9
9
11
13
13
10
8
13
8
3
6
4
1
7
6
4
3
3
4
-1
6
2
5
5
2
2
8
6
8
6
2
0
-3
-2
-1
-1
-6
-2
-5
-4
0
-2
4
3
4
5
11
16
12
9
8
8
6
13
11
14
13
13
14
10
10
14
15
8
19
16
12
15
11
4
1
-1
-5
-4
-4
-5
-6
-6
-9
-11
-15
-15
-15
-14
-9
-8
-11
-9
-17
-17
-18
-22
-18
-21
-21
-20
-20
-16
-15
-16
-12
-13
-8
-5
-9
-8
-6
-11
-8
-10
-5
0
0
6
5
10
7
1
5
3
7
8
7
10
8
9
2
1
1
-1
5
6
6
6
-1
2
-3
1
0
-5
1
-2
1
-1
2
-2
-2
2
-7
1
-1
-1
-2
1
-1
7
7
-1
8
1
4
2
4
5
7
7
6
3
3
1
2
4
3
3
-1
-2
1
-1
-6
-5
-3
-6
-5
2
-4
-2
-3
-7
-9
-8
-8
-9
-6
-4
-3
1
0
-2
1
-8
-1
2
0
7
5
-1
6
0
3
10
2
10
10
7
10
10
4
5
5
-1
-1
-1
-8
-4
1
1
5
8
4
3
-5
-3
-7
-6
-2
-1
-2
-3
-1
-8
-7
-2
0
4
10
3
7
6
7
6
6
6
4
3
5
2
1
4
-2
2
3
0
7
10
5
7
5
3
1
0
2
0
1
3
3
3
5
2
6
4
4
7
6
2
0
-2
0
-2
-4
3
-2
-3
-8
-7
-11
-13
-9
-11
-10
-11
-10
-6
-6
-7
-4
-5
-9
-8
-11
-15
-19
-16
-13
-21
-16
-15
-5
-4
-8
-2
-3
-3
3
6
3
3
1
2
6
5
2
1
0
0
-1
2
-1
0
4
5
10
11
16
14
12
12
13
13
12
8
7
11
3
8
1
1
2
-4
1
4
3
4
1
2
3
1
0
-1
1
-2
-3
-10
-10
-15
-17
-17
-14
-10
-8
-9
-11
-6
-5
-6
-3
-3
-4
2
1
-8
-3
-10
-10
-5
1
1
5
4
-1
6
4
4
11
14
12
18
16
13
10
3
-2
2
4
2
7
4
1
-2
0
4
8
17
16
14
12
9
6
1
0
3
5
6
8
3
-4
-6
-10
-6
-3
-1
4
6
6
2
-1
-3
0
2
6
4
-1
0
-7
-8
-5
-3
-2
5
0
-2
-1
-4
-9
-6
-5
-4
-4
-5
-5
-8
-12
-16
-13
-15
-9
-10
-6
-5
-8
-10
-11
-11
-11
-8
-6
-3
-2
-1
1
-10
-9
-9
-9
-2
-1
0
1
0
0
2
1
3
-1
4
5
2
8
6
4
7
10
9
14
12
9
7
4
0
1
5
6
7
12
10
8
5
7
5
-1
4
7
5
5
6
5
2
4
3
-4
1
-3
-6
-4
-3
-3
0
-2
4
6
8
8
7
5
6
-1
-5
-1
-9
-4
-3
-7
-1
-1
-7
-3
-3
-5
-5
-4
-5
-6
-8
-6
-10
-9
-10
-9
-8
-10
-11
-9
-7
-7
-3
-5
-6
-2
-3
-6
-5
-5
-5
-3
4
6
4
7
9
6
5
7
5
2
5
0
-2
2
0
8
13
13
17
19
18
21
23
17
19
15
12
12
11
11
9
3
5
6
7
9
5
8
7
2
-1
-6
-9
-11
-7
-6
-6
-6
-10
-11
-15
-17
-15
-13
-12
-10
-8
-13
-15
-13
-13
-10
-8
-8
-3
-7
-6
-8
-4
-8
-5
-9
-8
-10
-10
-8
-10
-6
-3
-4
-3
6
3
-2
4
1
-4
4
2
-1
5
1
2
6
0
4
3
-2
1
2
7
2
0
0
-1
-2
5
10
9
15
12
13
11
7
2
-1
-1
-2
3
1
2
3
-1
-2
0
7
2
8
8
6
5
3
0
1
-5
-2
2
0
1
0
-4
-9
-12
-10
-11
-10
-3
-3
-4
-6
-6
-6
-8
-10
-10
-13
-11
-12
-13
-13
-12
-11
-6
-3
3
4
3
6
3
5
7
7
5
7
5
5
1
1
2
9
13
16
20
18
16
12
10
7
8
5
6
5
7
5
6
7
6
7
6
12
10
10
6
10
6
4
5
4
6
1
-1
4
1
-5
0
-5
-6
-1
-1
-4
2
0
1
4
4
-1
2
1
-3
-3
-2
0
0
2
3
2
4
2
-2
4
-1
3
3
3
-1
1
-2
-5
-5
-4
-8
-7
-6
-5
-4
-6
-5
-6
-4
-6
-6
-6
-4
-8
-5
-5
-7
-7
-5
-10
-9
-5
-7
-3
-4
-3
-6
-1
-9
-11
-8
-11
-11
-14
-14
-13
-14
-16
-12
-12
-13
-13
-11
-17
-14
-15
-15
-11
-12
-10
-10
-13
-12
-8
-10
-8
-9
-11
-11
-7
-4
-6
-3
-7
-10
-13
-9
-6
-3
0
6
7
11
17
18
21
21
23
30
29
29
30
26
23
21
19
21
22
25
27
27
34
27
28
31
26
23
21
21
16
14
15
12
7
7
3
6
5
4
7
6
4
-1
1
-1
-3
1
4
5
5
3
0
0
-2
-6
-1
-3
-9
-7
-14
-13
-9
-9
-4
-1
2
0
-6
-6
-8
-10
-9
-13
-9
-11
-12
-9
-10
-9
-9
-9
-8
-8
-6
-10
-9
-8
-9
-7
-6
-5
-6
-1
-4
-8
-5
-6
-7
-8
-6
-7
-8
-9
-8
-8
-11
-9
-5
-1
-2
-7
-3
-8
-10
-6
-4
-5
-8
-10
-12
-9
-10
-12
-9
-5
-5
-5
-4
-3
-2
2
-1
-3
-2
-3
-8
-8
-6
-7
-2
-2
3
2
-2
2
11
9
11
12
10
11
9
9
4
5
3
2
3
5
4
2
2
6
6
9
12
12
14
12
9
12
6
7
6
3
-2
-3
-6
-5
-8
-6
-4
-1
2
3
5
6
6
2
3
0
3
4
2
3
4
-1
2
8
4
7
6
7
9
11
10
8
9
9
8
9
7
3
6
7
9
5
4
7
7
9
9
12
7
7
10
6
5
4
3
2
0
0
-1
0
2
-1
-1
1
-1
-2
-2
-2
-4
1
-2
-1
-3
-7
-10
-7
-8
-9
-8
-11
-13
-15
-14
-13
-13
-14
-14
-13
-15
-15
-10
-12
-12
-9
-13
-18
-16
-15
-14
-14
-18
-18
-19
-18
-13
-13
-7
-3
-5
0
-4
-5
-6
-7
-8
-8
-8
-8
-5
-9
-3
-4
-2
2
7
7
4
5
5
7
5
10
12
14
16
13
12
15
13
9
16
16
20
19
20
19
16
17
12
13
15
13
13
10
6
7
7
10
11
11
9
13
10
7
9
12
12
7
6
4
6
4
5
7
6
5
2
2
-5
-3
-3
-7
-1
-4
-2
-5
-6
-3
-4
-6
-6
-11
-11
-9
-11
-8
-7
-7
-6
-6
-4
-5
-5
-6
-4
-4
-3
0
-2
-5
-6
-8
-13
-12
-12
-11
-7
-8
-6
-3
-8
-8
-4
-3
-5
-1
-4
-5
-3
-2
1
-1
-2
-3
-6
-3
1
2
4
7
4
4
4
-1
0
0
-3
-5
-5
-4
-4
-2
-4
-5
-1
-3
-5
-2
-4
-4
-6
-6
-6
-6
-9
-12
-8
-6
-2
0
-1
0
-1
-1
4
5
5
7
8
10
7
7
8
10
8
13
13
11
17
16
12
14
13
13
13
11
15
12
9
8
12
9
9
10
6
2
1
-1
-5
3
0
0
1
-1
-1
2
-1
-4
-3
-5
-9
-11
-13
-13
-15
-13
-15
-17
-18
-16
-18
-11
-4
-6
-3
-3
-5
-9
-7
-7
-9
-4
0
-4
-2
2
-1
-3
-2
0
-2
1
2
3
3
3
1
3
5
4
7
4
3
-1
-1
-2
-4
-4
0
1
2
4
-1
5
5
5
10
11
10
10
9
8
12
6
11
11
8
10
7
6
8
8
7
9
3
2
2
-2
-2
0
0
-2
0
2
-2
-5
0
-5
-10
-4
-7
-7
0
-4
0
-1
-3
-1
-5
-5
0
-5
-4
-3
-2
1
-2
0
0
-2
-2
-2
0
1
0
0
0
2
2
1
4
3
-1
-1
-2
-2
0
2
4
3
6
5
5
3
4
6
2
2
-2
0
2
-1
1
5
0
-1
-3
-1
0
-3
-4
-4
-6
-10
-9
-7
-6
-7
-10
-8
-9
-12
-9
-9
-10
-10
-11
-10
-11
-9
-9
-10
-7
-11
-7
-6
-10
-7
-9
-8
-9
-9
-9
-5
-6
1
0
2
5
4
3
0
2
1
2
6
1
4
7
6
11
12
13
11
12
9
11
10
10
6
1
4
5
3
9
9
5
4
5
9
9
9
8
6
5
3
0
3
1
-1
-2
-1
-3
-2
-2
-3
0
-1
0
3
1
1
3
3
4
6
5
4
2
1
3
-1
4
4
4
5
7
11
10
9
8
13
11
10
10
3
2
3
0
0
2
0
1
-2
-4
0
-1
1
0
1
-5
-4
-5
-5
-1
0
0
1
1
-2
-1
-1
2
4
4
3
1
2
-1
-3
1
-1
-6
-4
-4
-7
-3
-3
-7
-7
-6
-5
-8
-7
-9
-6
-8
-7
-9
-14
-10
-10
-11
-11
-9
-11
-8
-8
-9
-9
-8
-11
-14
-13
-10
-11
-10
-9
-13
-13
-12
-12
-11
-8
-7
-6
-9
-5
-5
-1
0
0
0
-1
3
0
5
4
7
9
8
7
10
11
8
9
13
9
11
11
8
7
8
8
7
10
6
8
7
6
8
8
7
6
5
4
0
2
1
-1
-1
-1
-2
-1
-1
6
5
5
6
8
6
6
6
8
9
10
7
4
6
2
6
6
8
9
4
5
7
6
1
5
5
3
9
9
11
7
4
3
4
5
6
5
8
9
9
5
2
-1
1
1
-5
0
-5
-8
-7
-3
-7
-5
-5
-3
-4
-6
-6
-9
-14
-17
-13
-13
-17
-16
-15
-18
-17
-13
-14
-13
-10
-12
-15
-18
-23
-17
-19
-18
-12
-10
-11
-10
-7
-7
-4
-7
-3
-2
-4
-2
-2
3
3
6
7
9
13
14
12
12
10
13
10
8
8
5
8
6
5
8
9
9
12
12
15
13
13
14
10
6
6
3
3
5
4
6
4
5
5
5
5
-2
-2
2
-3
-5
0
-2
-3
-1
-5
-4
-3
-6
-5
-4
-2
-6
-7
-8
-8
-11
-11
-8
-6
-3
-5
-5
-1
-1
-1
1
-3
-3
-4
-5
-7
-6
-3
-5
-3
0
2
5
4
3
2
1
1
0
2
3
2
2
8
6
8
8
11
15
15
17
20
19
13
11
11
10
8
12
11
12
13
11
11
7
6
6
5
3
1
-1
0
-2
-6
-6
-8
-9
-9
-11
-15
-15
-16
-15
-13
-15
-19
-16
-19
-18
-16
-17
-17
-15
-14
-15
-14
-15
-16
-12
-11
-13
-13
-11
-11
-8
-9
-9
-9
-9
-10
-5
-4
-4
-2
-4
-2
2
7
5
5
10
9
11
13
14
10
8
8
9
13
14
12
14
14
13
14
14
16
17
16
12
11
7
9
6
9
10
6
10
9
7
11
15
12
16
14
13
17
14
12
13
10
10
7
1
4
2
1
3
4
0
0
0
-4
-2
-6
-10
-11
-14
-19
-16
-17
-16
-15
-19
-19
-19
-22
-23
-24
-23
-20
-22
-18
-22
-25
-20
-22
-21
-15
-16
-15
-10
-7
-5
-2
2
3
2
1
8
10
10
10
10
16
15
17
20
16
15
18
16
16
16
16
15
16
14
14
14
15
16
13
14
11
5
6
4
1
4
0
1
3
4
0
4
-2
-3
-3
-7
-9
-12
-10
-14
-13
-15
-13
-12
-10
-11
-11
-8
-12
-11
-14
-10
-8
-6
-5
-6
0
-2
-4
-5
-7
-5
-5
-2
-2
-5
-8
-6
-6
-3
4
-2
1
3
0
3
10
11
11
14
15
17
12
10
10
9
14
12
11
13
10
10
11
8
5
7
10
7
7
6
1
2
-1
-2
-4
-4
-3
-3
-4
-4
-6
-7
-6
-7
-8
-6
-4
-4
-5
-3
-1
-7
-6
-7
-7
-6
-4
-5
-6
-7
-8
-6
-5
0
-3
1
2
-1
4
5
2
3
4
5
2
1
-2
-5
-3
0
0
-2
1
-3
-6
-4
-7
-10
-9
-7
-6
-5
-6
-6
-5
-6
-6
0
-5
-6
-3
-4
-6
-5
-5
-3
1
0
6
7
8
9
10
10
14
13
14
13
13
9
11
13
8
10
10
8
5
6
6
2
5
3
1
1
1
0
-1
-2
0
-1
-1
1
-1
-2
-2
-4
-6
-2
-4
-6
-7
-5
-4
-6
-4
-4
-6
-7
-5
-3
-1
-2
-1
-1
-2
-2
2
5
9
11
7
7
5
3
-2
4
14
-1
8
11
0
1
9
2
7
8
6
8
11
9
-5
4
2
-8
-4
4
-4
-1
3
-9
-3
3
-4
0
6
-2
-6
-2
-9
-12
-9
-9
-9
-9
-9
-10
-12
-14
-7
-13
-12
-4
-8
-7
-6
-9
-9
-9
-10
-5
-7
-7
-4
-6
-5
-5
-3
-6
-4
-4
-2
1
3
-1
-2
2
0
1
3
6
6
3
2
4
6
4
5
7
5
12
10
5
4
7
2
0
4
5
4
6
4
1
5
5
3
7
7
7
8
7
3
-1
1
1
3
5
7
9
9
5
4
2
1
2
-1
-3
-4
-7
-11
-10
-11
-12
-11
-10
-10
-9
-7
-11
-9
-8
-9
-5
-2
-4
-2
-1
-1
1
2
6
5
2
5
8
9
9
12
9
8
4
3
5
5
5
7
11
7
7
8
6
7
6
5
6
9
7
7
9
6
0
-4
5
10
8
7
5
6
3
-3
-2
4
3
-2
-5
-5
-9
-12
-15
-14
-7
-5
-3
1
1
-4
0
-6
-9
-5
-1
-4
-11
-12
-9
-9
-11
-9
-5
-1
-1
-5
-5
-1
-4
-4
-8
-3
-5
-7
-7
-6
-4
-11
-10
-14
-9
-3
-1
6
6
8
6
5
5
0
0
-1
0
1
2
1
0
-2
2
4
5
8
9
8
9
8
10
8
8
9
12
11
11
10
2
-1
-2
1
-1
6
5
6
5
6
4
-3
3
-2
-7
-6
-1
-9
-10
-10
-15
-12
-13
-9
-6
-5
-2
-9
-12
-7
-9
-4
-3
-5
-7
-4
-1
-3
-6
-8
-5
-2
-2
1
2
-4
-3
0
3
8
9
13
10
8
7
5
4
2
0
0
7
11
11
10
12
11
7
9
10
11
11
11
6
7
7
5
-3
-9
-7
-7
2
2
4
2
4
-2
-3
-3
-2
2
-6
-6
-3
-5
-3
1
-5
-4
3
-1
-1
0
-3
-7
-6
-12
-9
-4
-4
-5
-5
-4
-3
-6
-8
-5
-4
3
1
3
-3
-5
-3
-4
0
3
2
7
8
2
1
-1
-6
-9
-7
-8
-2
2
4
6
6
4
1
5
-1
-1
2
-2
-3
-3
-4
-3
-1
-1
-3
-1
7
8
4
3
2
5
1
2
3
6
5
0
-1
-3
-5
5
2
0
3
-1
-1
-6
-5
-1
4
8
12
9
10
3
3
-1
-3
1
4
8
6
2
1
0
2
4
4
5
5
4
6
6
6
2
-2
-6
-12
-11
-6
-6
-3
-3
-3
-3
-2
-3
-6
-9
-8
-6
-4
-3
-7
-5
-5
-6
-4
-2
-1
-5
-2
2
5
0
-3
-3
-3
2
4
4
3
2
-1
4
15
10
3
1
-5
-1
2
-1
-2
-5
0
3
6
6
-1
-5
-1
9
17
20
19
10
5
6
5
3
2
-4
-8
-10
-11
-13
-15
-17
-20
-14
-12
-13
-12
-12
-15
-17
-15
-18
-20
-18
-13
-11
-8
-10
-17
-21
-15
-9
-1
2
-2
-8
-6
7
13
14
11
1
-4
4
16
26
20
9
-2
1
13
30
36
25
13
7
10
20
22
22
15
5
7
17
23
21
17
10
11
13
21
20
15
7
3
7
10
11
8
-2
-8
-8
-4
-4
-3
-7
-12
-8
-3
2
-1
-3
-9
-15
-9
-6
-6
-7
-13
-21
-16
-16
-17
-9
-15
-16
-9
-9
-8
-8
-11
-11
-16
-16
-16
-14
-10
-7
-13
-9
-9
-9
-7
-5
-5
-3
-7
-9
-9
-13
-11
-9
-9
-2
-2
-4
-2
-3
-2
3
9
11
13
9
14
15
16
12
4
5
8
11
20
21
17
12
3
5
14
14
18
17
11
11
15
17
15
15
7
6
6
7
11
8
2
-1
3
11
15
19
17
7
5
2
2
4
5
-1
-7
-6
-7
-5
-6
-3
-9
-9
-5
-9
-3
-1
-9
-6
-10
-22
-17
-14
-15
-14
-13
-14
-21
-20
-22
-23
-18
-19
-19
-19
-13
-8
-7
-3
-10
-16
-16
-12
-6
-6
-10
-15
-17
-16
-10
-5
-4
-6
-11
-12
2
8
14
9
-3
-8
-5
4
9
14
12
3
-5
5
14
19
18
7
2
9
18
22
21
12
7
9
18
19
23
22
14
16
17
20
23
22
14
7
13
10
0
7
7
11
7
6
-2
2
5
4
6
-5
-1
-6
-2
-3
6
-7
-12
-11
-12
-5
-8
-4
-11
-6
-2
-7
-6
-14
-25
-18
-10
-7
-5
-4
-7
-6
-10
-9
-16
-9
-16
-10
-9
-3
3
4
7
1
2
-1
2
16
16
12
10
-1
3
-2
19
11
8
12
-11
9
9
15
18
-9
-1
-4
13
18
11
4
-4
-7
16
19
21
12
0
2
-4
12
4
11
-4
-11
-14
-12
0
0
3
-5
-9
-6
-7
-7
-10
-13
-15
-18
-12
1
-6
-4
-14
-17
-16
-6
-1
-7
-18
-19
-11
-6
-2
-12
-13
-31
-12
-2
17
12
-5
-9
-14
3
-2
1
-19
-11
-7
15
31
19
-1
-25
-20
1
29
26
29
-5
31
30
37
20
21
23
8
8
-29
-32
-42
-49
-60
-10
2
5
-8
8
-1
23
15
-9
-9
-8
5
17
49
0
-43
-55
7
42
85
-17
-116
-132
-53
47
86
100
47
33
22
40
-8
-30
-82
-122
-92
8
112
78
20
-119
-171
-90
42
107
79
43
-6
17
42
41
16
28
37
44
76
56
-13
-74
-54
-27
50
114
103
63
12
2
-5
12
12
4
21
38
37
20
-3
-44
-77
-44
-15
13
42
26
18
20
7
-48
-52
-17
0
10
5
-2
-18
-31
-49
-55
-47
-15
-12
6
19
6
-5
-32
-68
-74
-13
19
7
-32
-56
-64
-37
-21
-43
-68
-74
-33
13
38
13
-15
-21
-10
-4
5
7
-5
-10
-19
-6
14
34
21
-20
-25
-3
28
35
41
25
-15
-10
8
24
21
21
18
25
29
7
-7
3
1
7
44
53
39
31
26
35
21
12
18
33
48
44
50
45
28
6
-1
-6
8
12
22
35
43
27
5
-8
-23
-15
3
9
-2
11
14
-7
-8
-11
-15
-31
-40
-31
-7
12
-6
-15
-32
-49
-49
-38
-25
-26
-32
-17
5
-4
-32
-58
-67
-50
-36
-18
-15
-13
-4
1
-31
-59
-51
-34
-8
7
4
-21
-39
-42
-26
1
1
1
0
-1
17
33
47
0
-54
-61
-14
29
56
57
37
36
49
44
28
-10
-30
-7
31
83
98
118
97
51
40
58
52
53
56
59
63
62
46
11
9
11
16
31
50
48
23
8
4
2
-2
-30
-48
-31
-1
3
-21
-71
-88
-85
-68
-58
-76
-78
-89
-93
-106
-106
-85
-83
-87
-80
-82
-55
-36
-49
-78
-105
-99
-93
-74
-52
-44
-56
-41
-41
-41
-22
-14
-27
-11
-8
2
13
30
32
23
30
28
33
52
69
51
46
50
42
53
88
93
70
78
84
101
128
146
144
153
147
127
125
120
110
98
130
159
185
224
251
236
200
140
72
52
54
71
87
93
84
67
38
-35
-116
-174
-185
-146
-79
-16
-5
-41
-116
-179
-235
-253
-244
-222
-196
-164
-137
-137
-185
-255
-295
-294
-231
-164
-91
-73
-105
-149
-178
-172
-169
-151
-131
-107
-69
-39
-47
-105
-176
-179
-158
-107
-59
10
83
86
36
11
12
26
55
72
92
119
141
143
120
81
71
69
76
141
208
262
273
239
208
189
188
181
252
403
588
689
637
437
193
50
8
42
105
140
187
254
286
195
-45
-352
-566
-536
-290
40
243
253
107
-82
-239
-349
-435
-456
-382
-214
18
147
125
-77
-309
-475
-515
-405
-258
-104
-11
30
4
-96
-262
-412
-431
-358
-224
-90
-27
-40
-90
-187
-305
-401
-421
-343
-170
0
42
32
-30
-73
-85
-63
-11
50
142
216
256
237
170
67
12
2
44
110
167
158
145
128
132
130
107
108
130
154
177
323
686
1179
1463
1340
863
350
76
13
32
42
50
196
506
787
656
3
-872
-1503
-1480
-814
173
879
1028
741
305
-57
-390
-764
-1064
-1040
-618
122
786
907
392
-402
-986
-1082
-825
-486
-271
-191
-49
166
235
-28
-586
-1168
-1320
-982
-488
-20
186
117
-99
-287
-451
-647
-693
-620
-411
-81
122
90
-94
-359
-603
-650
-463
-230
79
312
386
462
434
310
166
7
-63
15
196
266
211
63
-107
-198
-200
-144
-5
175
288
356
562
1222
2180
3019
2952
2141
1065
287
71
-8
-29
-187
-82
325
888
1121
374
-1083
-2524
-3075
-2167
-180
1806
2890
2695
1939
979
143
-762
-1722
-2172
-1896
-591
845
1548
958
-493
-1724
-2291
-2208
-2021
-1730
-1243
-335
800
1485
1246
129
-1150
-1978
-2007
-1627
-954
-210
420
712
621
-65
-1142
-2061
-2350
-1940
-1072
-46
522
650
261
-338
-800
-1094
-1250
-1091
-485
268
987
1380
1169
538
-95
-472
-511
-379
-159
239
573
620
359
-41
-529
-1068
-1081
-713
-122
484
772
729
990
2618
4763
6251
5473
3350
1352
177
-339
-921
-1167
-1358
-559
844
2233
2211
377
-2547
-5036
-5396
-2793
1915
6030
7606
6576
4826
2674
439
-2076
-4520
-5444
-4567
-1693
1002
1937
371
-2191
-3776
-4571
-4639
-4617
-3947
-2276
563
4044
6211
5750
2969
-517
-2768
-3845
-3467
-2423
-939
364
778
668
-772
-2436
-4512
-5748
-5621
-4522
-1920
843
3026
3799
3208
2109
331
-1362
-2507
-2860
-1744
-257
1402
1964
812
-649
-2046
-2476
-2680
-2449
-1504
-583
649
1499
1868
1266
-77
-992
-1468
-1380
-1090
-709
13
1351
5089
9534
11538
9229
4678
1110
-1494
-3515
-4958
-4549
-2715
-120
2465
4086
3586
973
-2796
-5888
-6582
-3459
2957
8899
11577
10904
8875
5687
743
-4255
-7616
-8343
-7177
-4971
-2684
-1397
-935
-869
-1368
-2803
-4548
-4865
-3376
-552
2904
6167
8031
7266
4771
2033
-346
-2410
-3942
-4888
-4863
-4557
-3656
-2666
-2502
-2609
-3611
-3696
-3718
-2892
-744
1256
3402
4334
5133
5112
3428
1433
-1119
-3214
-4769
-5690
-4868
-4107
-2995
-1725
-894
29
-221
83
491
877
1701
2046
2292
1709
977
407
-400
-1215
-1771
-2436
-2446
-2386
-1214
2770
8317
12364
11281
7269
3700
410
-2533
-5433
-5759
-3636
-1279
1190
3152
4886
4331
456
-4010
-6864
-4752
1635
8082
11510
11301
10461
8136
2824
-3423
-8187
-10327
-11141
-10464
-8057
-4798
-1352
1048
2187
1862
839
-357
-1188
-1237
286
3215
5669
6359
5521
3931
1564
-1397
-4725
-7417
-8532
-8377
-6952
-5127
-3094
-1094
-299
-80
-518
-676
159
984
2584
3914
4561
4392
2865
1585
-399
-2734
-4885
-6696
-6736
-6168
-4401
-2265
-526
1299
2068
2825
3038
2435
1907
1062
863
575
420
65
-879
-1552
-2391
-2773
-3108
-2698
-1664
-585
2449
8032
12864
13138
9185
5915
2631
-1743
-5700
-7142
-5626
-4031
-1989
1436
4824
5916
2937
-1537
-4574
-4191
619
6343
9443
9807
9421
7975
3328
-2382
-6369
-9506
-12723
-14097
-11258
-6126
-1417
2209
4628
5311
4626
3323
1416
-368
-835
272
1815
3035
4078
4330
3007
-171
-4444
-8052
-9946
-10435
-9355
-6631
-2990
771
2772
3470
3017
2791
2837
1465
681
484
1537
3144
2960
2042
-12
-2097
-3759
-5779
-5996
-6387
-5774
-3482
-744
3111
4895
5339
4344
1712
-359
-2196
-2439
-1874
-1284
-354
-444
-199
389
404
-65
-1497
-2046
-2349
-1851
1281
7649
13481
13846
10202
6897
3374
-2395
-8095
-10096
-9413
-8270
-5920
-563
6392
10152
8887
4078
-816
-2627
40
4888
7378
7139
6669
4922
1080
-2705
-4647
-7046
-11976
-15356
-13387
-7791
-1800
3360
7462
8644
7466
6262
5070
3240
892
-1449
-3428
-3607
-884
2162
2757
412
-3569
-7789
-10833
-11085
-8649
-5690
-3302
-458
3443
7127
8964
9085
6507
2349
-1334
-3027
-2191
-1005
-118
439
118
-1201
-3264
-4481
-5387
-6649
-6485
-4569
-1350
1968
4257
5043
3928
1923
110
-859
-1332
-1975
-1583
-644
-57
587
1636
2122
1055
-676
-2311
-3377
-3803
-2394
3161
10951
14049
11285
8248
6553
1279
-6206
-9433
-9223
-9149
-8146
-3338
5079
11486
11714
7665
3146
130
-851
1422
3807
2931
2298
2586
1155
-759
-1358
-3238
-9026
-14545
-14151
-8674
-2824
1564
5592
8555
8644
7761
7657
6043
2119
-2220
-5713
-6709
-4341
-947
353
-447
-2507
-5670
-7709
-7419
-6232
-5177
-3446
-202
3372
6761
9536
10457
8047
3594
-225
-2530
-3262
-3536
-4039
-4137
-3675
-3164
-3003
-2741
-2322
-2596
-2629
-2451
-1310
1189
2895
3577
3417
2744
1430
-63
-695
-1019
-1245
-1393
-1354
-490
1
55
439
-459
-2070
-3009
-2850
-2897
-1273
5492
13001
13972
10703
8625
6427
-540
-7809
-9082
-8560
-9733
-9342
-3174
6413
11679
10074
6273
2888
-621
-1610
2374
5276
3060
1582
1989
179
-1495
-1348
-4157
-10947
-14636
-11607
-6440
-2349
1543
5303
6809
6222
7088
8981
7685
3108
-1653
-5162
-6115
-4265
-2039
-1329
-1975
-3726
-5753
-5737
-3827
-2548
-2581
-2253
-259
3030
6335
8882
9537
6790
2773
-340
-2164
-3444
-4511
-5726
-6623
-5888
-4581
-3269
-955
1331
1572
319
188
1586
2430
1600
178
-510
-992
-1675
-1646
-548
370
-24
-975
-855
549
1139
290
-487
-1329
-2408
-3570
-4707
-2871
5056
13443
13489
9757
9874
8451
93
-7631
-9344
-10006
-11972
-10955
-4043
6381
12451
10617
7175
4987
1014
-381
4492
6457
1626
-772
806
-438
-2385
-1837
-4216
-11051
-15076
-12504
-6869
-1728
2133
4917
6253
7225
9577
11476
9661
4523
-1016
-5113
-6862
-5778
-3373
-2006
-3042
-5360
-5911
-3943
-1697
-1163
-2167
-2506
-545
2280
4819
7972
9295
6393
2681
1224
437
-1082
-3160
-5982
-8086
-7618
-6095
-4183
-1010
1756
2230
1654
1902
2429
2024
357
-1436
-2328
-2746
-2398
-766
1057
1563
1111
221
-820
-993
-851
-1433
-2022
-2439
-3644
-4515
-250
9441
14341
10445
7880
8920
4522
-3973
-7102
-7376
-10744
-13172
-9504
-568
8496
10369
6674
4953
2690
-361
4254
10467
6439
257
1049
1092
-2455
-2097
-1619
-7914
-14652
-15543
-11774
-5601
118
3892
6103
7761
10164
12717
12844
9013
2780
-3310
-7656
-8780
-6576
-3736
-2900
-3764
-3640
-1534
-74
229
109
-1556
-3379
-1983
1224
4228
6844
7158
4952
3404
2897
1931
-13
-3302
-6996
-9294
-8998
-6869
-3270
494
2143
2441
3268
3987
3315
769
-2337
-4241
-4818
-4181
-2267
209
1636
1486
1116
871
177
-835
-2316
-3804
-3658
-3454
-2408
4524
13828
13451
7186
6692
6414
-1029
-7184
-7750
-8682
-10538
-10372
-6161
3522
11292
8008
3012
2710
136
-204
7259
8921
2963
2830
5707
2404
671
2761
-1679
-11316
-16228
-15449
-12107
-7755
-3765
314
4988
9235
12970
15383
14519
9744
2774
-3485
-6983
-7822
-7305
-6673
-6439
-5315
-1853
2126
3937
4051
2244
-1772
-4433
-3617
-1145
1914
3843
3332
2927
4828
6649
5637
1973
-1899
-4895
-7499
-8772
-6803
-3520
-2158
-1407
782
3193
5001
5259
2511
-1327
-3907
-5539
-6019
-4575
-2419
-885
-162
688
1401
2269
2542
505
-2671
-5128
-3573
4495
12430
11134
7502
8067
5598
-2424
-6462
-7026
-10258
-13932
-12690
-6195
4617
11486
8994
5768
4226
102
1520
8650
6436
-629
973
3166
-667
1665
7312
2294
-8131
-12255
-11743
-10397
-9069
-7248
-4315
-885
2960
8763
14591
16445
13071
7160
1075
-3455
-5580
-6499
-8066
-9776
-9400
-5684
-640
3984
7841
8127
3646
-658
-1765
-1797
-1925
-1962
-1762
-581
1991
5119
7426
6935
3167
-1686
-5476
-7902
-7927
-5601
-3254
-1974
-565
1898
4510
5380
4176
1951
-791
-3914
-6593
-7166
-5464
-4074
-3518
-1839
1002
2793
2972
2286
522
145
5622
12392
10515
5774
5918
4222
-2790
-6931
-7954
-9649
-11254
-11459
-8133
2162
10549
7780
3648
4190
2809
3200
8786
7695
1968
2655
3177
-1629
-95
4587
-814
-10323
-12323
-10248
-8232
-6726
-5831
-3841
-687
1666
5014
10030
12869
11091
7394
4309
1908
-51
-2571
-6064
-9057
-9963
-8646
-6014
-2531
1387
3574
3920
4631
5059
4304
3723
1988
-1993
-4145
-2536
-226
1830
4162
4541
2039
-915
-3510
-5799
-6708
-5840
-4711
-3328
-32
4420
6503
6188
5576
3864
298
-2678
-4064
-5540
-7697
-8356
-6928
-4272
-1143
1299
2292
2336
4614
10617
14627
11639
8127
6597
2344
-4079
-7721
-10153
-11947
-12929
-12269
-6668
3981
9460
7048
4972
4741
3988
6320
8477
4720
1451
1327
-929
-2001
3057
4832
-1468
-8029
-10117
-9917
-8857
-8717
-8204
-5589
-2181
1085
6339
11954
13726
11304
7620
4087
1313
-659
-3146
-6472
-8565
-8479
-7169
-4776
-875
2138
1843
693
1204
1390
745
801
1029
722
1022
2006
3292
4429
4255
2436
309
-1592
-3488
-4643
-5130
-5724
-6061
-5015
-2293
1016
3658
4658
3971
3116
2746
2081
705
-963
-2842
-4899
-6737
-6157
-3565
-2151
-2365
-1870
2086
10001
15437
13384
10873
9937
4791
-2897
-6493
-8511
-11097
-13390
-13723
-8735
2246
8094
5904
5313
6403
5136
6949
9802
6321
2796
1689
-2562
-4768
505
2249
-3210
-7740
-8552
-7947
-6303
-6704
-7679
-6261
-4392
-2582
2707
9129
12231
11957
9293
5397
3956
3767
-154
-5834
-8740
-9879
-10387
-8302
-4013
-701
439
563
1218
2925
3529
1490
-1092
-1986
-1940
-1298
1327
5339
7433
6660
4817
3097
889
-2494
-5135
-6232
-8110
-9050
-5979
-1860
385
1823
3042
3342
3155
2852
1906
420
-1277
-3180
-4407
-3902
-1695
109
-318
-1216
-122
3653
9662
13308
11284
8944
7151
3075
-1549
-4404
-7311
-9706
-12492
-13379
-7185
3504
6572
3795
4344
6015
6427
9632
11590
8167
4446
675
-3638
-3129
395
-1657
-6291
-8659
-9181
-7840
-5351
-5367
-5846
-5266
-4799
-2155
3911
8575
10445
10719
8124
4574
4407
3319
-1854
-6166
-7790
-9372
-9084
-5502
-2328
-1493
-1212
-1400
-1682
-342
645
-864
-2367
-1821
-655
924
4229
7483
7665
5959
4335
2975
1451
-895
-3901
-6537
-8331
-7981
-5277
-2211
-763
-212
852
1448
1461
1951
1850
191
-1892
-3502
-3620
-1845
-64
212
175
1557
4038
8181
12502
13267
9633
6079
3344
-316
-4034
-6265
-7966
-9948
-10508
-7622
-571
5193
5435
2691
2093
2654
4603
8269
10482
8057
4345
2816
2617
2422
909
-3128
-8160
-11077
-11289
-9594
-8413
-8005
-7469
-5476
-2144
2928
7405
8585
7546
6146
4180
3382
3713
1852
-1899
-4183
-4926
-5051
-3678
-2223
-2669
-4158
-4774
-4477
-3690
-3201
-3177
-2849
-1962
-1147
821
4442
7534
8168
7039
6123
5823
4409
836
-2859
-4650
-5477
-6408
-5611
-2754
-1001
-1287
-1265
-451
225
765
447
-622
-1621
-2835
-3804
-2707
-535
341
1024
2566
3532
4167
6585
10016
11606
11273
9785
4850
-352
-2082
-4398
-8722
-11266
-10593
-8306
-4224
1226
5774
8007
6852
2924
2765
5968
7074
6172
6033
5181
3116
2698
2828
689
-2733
-6989
-11345
-12888
-11829
-9712
-8171
-6452
-2950
1870
5702
8530
10178
8579
4530
1527
-475
-2247
-2646
-3389
-4943
-4224
-1632
-103
610
665
-1009
-3637
-5755
-6780
-6573
-5611
-4958
-4424
-2180
2489
6614
7886
8016
8237
7047
4476
1937
-447
-2470
-4301
-5946
-5994
-4083
-2512
-2064
-2146
-1652
-358
716
-28
-1290
-1470
-1979
-2667
-1619
354
1323
2160
2775
3242
4742
5720
4099
2064
2007
2719
2864
3604
4686
3956
2913
2724
2314
1696
791
-1383
-3227
-2880
-1487
-433
1118
2230
1928
2782
5700
8059
8535
7678
5864
3699
1512
-1281
-4473
-7185
-9894
-12774
-13307
-10193
-5774
-3040
-1219
1776
4801
5760
5876
5606
3320
-87
-2539
-3606
-2890
-1277
-878
-1077
-394
402
353
-625
-2882
-5870
-7916
-8735
-9311
-8159
-4448
-839
1519
4180
7473
9283
8510
6813
4756
2036
-662
-2248
-2721
-3065
-3780
-4260
-4222
-3595
-2638
-1634
-658
-505
-871
-645
-29
772
1745
2367
2371
2079
1790
1888
2079
1498
849
778
341
225
798
1674
2557
2754
2320
3391
5422
6067
5605
5198
4121
2166
143
-1209
-1199
-589
-1674
-1983
1312
4478
4623
5397
7685
7649
4825
3050
2311
60
-3752
-7590
-9476
-9463
-9728
-10344
-8695
-5774
-3953
-1621
1979
4171
4298
3558
2398
894
-496
-999
-1417
-2036
-2308
-1106
-115
-343
-636
-968
-3226
-6367
-7939
-8389
-8563
-7925
-5947
-3126
806
4683
7062
8245
8766
7408
4844
3126
1655
-776
-2900
-4110
-5008
-4801
-3547
-2455
-1966
-1629
-1593
-1294
-148
1017
1772
2575
3311
3469
3530
3257
2338
1480
765
-502
-1304
-710
259
1305
2479
2859
2221
1800
2029
2163
1941
1819
1999
2415
2886
3473
4111
5009
5206
4573
4304
4496
3971
2274
1170
1110
369
-526
379
960
-87
-1298
-998
-1548
-2641
-3351
-4154
-6103
-7273
-6962
-5776
-4065
-2641
-1855
-793
551
699
860
1137
309
-1475
-2118
-2135
-2380
-2201
-2028
-2892
-3129
-2320
-2819
-4134
-4636
-4945
-5798
-5046
-2674
-758
817
2891
4609
5783
6465
5855
4041
1504
-1138
-3164
-3917
-4159
-4481
-4534
-3806
-2194
-672
479
1571
2793
3449
3516
3988
4227
3201
2076
1235
438
-387
-1545
-2236
-1539
94
1604
2404
3394
4688
4638
3262
2371
1468
-173
-1608
-2082
-1719
-51
2188
3779
5564
7567
8365
7955
8203
7491
5359
2362
-224
-1978
-2572
-3417
-3062
-1120
710
68
378
2266
1393
-1423
-2805
-3215
-4431
-5635
-5068
-3641
-3329
-3256
-2663
-1051
-362
-429
-749
-1336
-2529
-3594
-4277
-4174
-3923
-2894
-1932
-1479
-1015
-6
906
41
-1705
-2662
-2956
-3623
-3863
-2516
-690
-124
-301
-80
898
1315
503
-475
-1175
-1747
-2017
-1383
-689
-446
277
1346
1632
1728
2289
2370
1105
268
763
897
544
216
485
1480
1940
2051
2691
3187
2231
1015
1025
993
647
166
-1061
-1835
-592
1101
1470
2817
5454
5995
5080
6066
7568
7456
6284
4313
2814
1302
-1421
-4110
-3426
-3079
-4267
-3065
1527
3957
4345
5567
6386
4921
2099
-374
-3220
-5756
-8067
-8886
-8490
-7416
-6628
-4294
-1299
486
886
1624
1348
-651
-1910
-1680
-1862
-3231
-3526
-2455
-1809
-1679
-753
-173
-890
-1686
-1434
-1143
-1566
-2221
-2893
-3250
-2968
-1571
501
1290
776
600
641
82
-318
-431
-614
-905
-1044
-462
957
1428
1082
1973
2443
1281
843
1483
1702
2227
3205
3485
3332
2894
1322
-316
-1144
-2323
-3485
-4008
-3640
-1436
1964
3911
5023
6722
7882
6483
4295
4024
4188
2764
211
-689
359
364
-512
-548
394
-280
-2220
-2429
-972
413
1073
1506
2955
4741
5120
4784
4258
3452
176
-3305
-5482
-6527
-7561
-8161
-7545
-5841
-4004
-2283
-780
360
698
22
-63
-475
-1043
-1446
-1402
-1965
-2166
-1439
-731
-94
576
403
-369
-903
-997
-1696
-3044
-3776
-3670
-3240
-2960
-2303
-1076
-146
13
203
1376
2837
2900
1770
745
228
-230
-400
-777
-1284
-812
81
613
1872
3617
4550
4196
2981
1553
754
94
-1804
-3727
-3686
-2724
-1922
-363
2036
4701
6418
6717
6567
6725
6356
4267
1979
1247
156
-1693
-2916
-1983
-1157
-693
78
1347
2048
1697
1501
1142
1447
1493
1314
1263
2293
2862
3072
3396
3645
1939
-316
-1663
-3472
-5197
-5832
-6203
-7038
-6885
-6234
-5188
-3348
-1810
-1399
-337
607
421
225
716
723
46
65
318
-122
-1057
-1613
-1540
-1902
-2355
-2522
-2819
-3324
-3920
-3672
-2447
-1441
-1205
-429
1236
2295
2310
2786
3189
2593
1189
340
137
-776
-1816
-1962
-1727
-1043
261
1461
1825
2120
2822
2716
1940
810
-157
-758
-1493
-1720
-1249
-476
537
2127
3477
4257
5325
5949
5573
4933
4154
3093
1542
-678
-2281
-3001
-2794
-2648
-1781
-787
297
1009
1525
2417
3747
3944
2579
2095
2388
2525
1316
1170
1257
625
-743
-1297
-962
-1862
-3282
-4543
-5216
-5600
-5016
-4305
-3337
-2341
-1330
-419
1057
2103
1511
759
221
-399
-1340
-1331
-1096
-1584
-1989
-1482
-957
-886
-1147
-1557
-2059
-2473
-2256
-1908
-1011
1
429
774
1237
1441
932
628
168
-579
-821
-440
177
716
671
903
1849
1803
960
874
1210
152
-848
-863
-618
-593
-657
-670
-437
89
455
1201
1847
2212
2389
3083
3800
4224
4089
3844
3203
2102
1109
-103
-772
-1502
-2324
-3100
-3208
-2431
-1864
-234
1010
1946
2427
3356
4192
4022
3462
2548
1207
-305
-697
-884
-1226
-2326
-2888
-3574
-3444
-3725
-4731
-4725
-3971
-3494
-3046
-931
1391
2166
2081
2725
2929
1674
-653
-1838
-2458
-3431
-3837
-2916
-1379
-895
-891
-542
-375
-775
-1117
-943
-550
-266
248
960
1538
1863
1567
1176
246
-803
-1334
-1508
-1138
-587
675
2245
3141
3005
2853
2757
2207
904
-354
-1281
-1494
-1121
-1335
-1038
-112
594
740
1003
1728
1864
1622
1311
1354
1670
1943
2649
3414
3729
3198
2999
2743
1841
262
-1298
-2666
-3648
-3895
-3626
-2506
-1102
93
634
2117
3810
4338
3750
3097
2005
498
-751
-1621
-2875
-4124
-4780
-4731
-4555
-4163
-3543
-2904
-2492
-2149
-633
940
2106
2299
2493
2614
2093
698
-514
-1851
-3519
-4826
-4681
-3687
-3005
-2183
-1318
-225
327
711
1423
2072
1635
719
305
544
644
578
115
-717
-1050
-1449
-1786
-1648
-962
112
1072
1838
2749
3989
4331
3400
2641
2123
916
-394
-955
-1033
-1421
-1678
-1181
-389
367
976
1710
2470
2512
2108
1724
1573
1460
1418
1822
2395
3006
2927
2709
2634
1874
267
-642
-910
-1514
-2447
-2776
-2446
-1753
-678
194
1234
1754
1633
1459
1340
608
-578
-2159
-3886
-4993
-5431
-5126
-4285
-3347
-2692
-1759
-343
647
1445
2023
1960
1476
576
-497
-1058
-1400
-2246
-3119
-3302
-3186
-2970
-2442
-1909
-981
-25
464
1190
2509
3152
2948
2517
2037
1037
-89
-767
-1467
-1868
-1765
-1715
-1844
-1150
41
703
1079
1633
2373
3057
3313
3193
3327
3670
3298
2152
1335
1103
70
-1418
-2069
-1750
-1632
-1576
-734
447
1444
2195
2746
2942
2950
2830
2148
1445
1391
1413
976
579
227
52
379
377
53
-390
-512
-842
-1112
-807
-203
-423
-1169
-1533
-1336
-883
-1183
-1385
-1887
-2432
-3345
-3748
-3279
-2926
-2961
-2691
-1620
-389
647
1326
1764
1300
819
355
-273
-1227
-2132
-2567
-2812
-2738
-2316
-1521
-736
-326
-424
-385
17
527
341
51
764
1620
1588
1241
1358
1116
331
-414
-911
-1228
-1253
-947
-357
215
740
1453
1977
2020
1959
2093
2120
2079
2159
2219
2226
2024
1697
1647
1473
830
563
705
337
-236
-196
137
584
765
839
1475
2447
2540
2140
2253
2454
1939
950
373
776
923
120
-603
-460
-495
-1284
-1463
-1002
-842
-1507
-2020
-1709
-1241
-1648
-2024
-1976
-2173
-2845
-2969
-2501
-2670
-3362
-3298
-2509
-1756
-1164
-369
464
401
56
187
665
38
-1185
-1894
-2443
-3100
-3152
-2474
-1540
-624
-124
624
1695
2015
1180
371
46
-161
-466
-483
-282
-185
-250
-58
440
687
642
735
856
828
1389
2151
2332
1928
1644
1570
1418
1280
1153
1360
1770
1986
2103
2602
3383
3587
3165
2284
1910
1643
794
-229
-619
-665
-670
-180
525
1181
1580
1978
2035
1885
1602
1110
456
-570
-1536
-1857
-1535
-1654
-1927
-1527
-1264
-1489
-1816
-1486
-1169
-1428
-2152
-2226
-1881
-1919
-2250
-2108
-1736
-1511
-1391
-1445
-1021
-836
-1227
-1667
-1529
-1694
-1742
-1567
-1814
-2019
-1457
-1148
-1547
-1513
-1067
-984
-1001
-595
219
1306
1977
1953
1474
1335
1199
586
-247
-889
-1278
-1616
-1647
-945
210
990
1615
2060
2470
3159
3594
3483
3138
2861
2462
2054
1936
1640
1505
1229
687
714
1374
2124
2736
3378
3414
3276
3116
2582
1656
761
-216
-1180
-1518
-1751
-1565
-1266
-865
-455
289
860
1006
892
327
-657
-1475
-2081
-2764
-2882
-3159
-3183
-2969
-2693
-2104
-1228
-719
-614
-446
-427
-651
-870
-1075
-1349
-1455
-1626
-1777
-1394
-860
-835
-1197
-1605
-1824
-2374
-2916
-2996
-2704
-2457
-2493
-1900
-684
459
889
985
1049
1005
948
1360
1393
769
479
474
670
909
1282
1516
1551
1388
944
976
1379
1500
1360
1541
2180
2739
3142
3633
4214
4744
4704
4314
4322
4039
3306
2404
1845
854
-23
-572
-869
-1115
-1199
-842
-674
-694
-906
-615
-655
-706
-844
-1043
-1490
-2091
-2641
-2998
-2859
-2926
-2872
-2721
-2454
-2195
-1704
-986
-596
-127
-49
-141
-336
-534
-403
-110
59
-300
-577
-922
-1400
-2019
-2534
-2778
-3085
-3439
-3690
-3357
-2470
-1467
-852
-183
616
942
982
1192
1240
576
-445
-1050
-1343
-1153
-936
-832
-638
-34
724
1442
1995
2699
3177
3241
3105
3678
4755
5130
5178
4824
4769
4487
4169
3575
2740
2319
1329
842
794
1398
1586
1402
1123
769
1013
1117
1132
937
517
-380
-576
-638
-1098
-1612
-2267
-2991
-3902
-4299
-4361
-4126
-3721
-3744
-3093
-2105
-1358
-874
-437
147
278
140
-27
151
222
-287
-995
-988
-883
-1132
-1606
-2238
-2505
-2851
-3250
-3182
-2440
-2152
-2386
-2152
-1430
-1192
-1330
-1538
-1706
-2038
-2481
-2481
-2191
-2021
-1699
-988
-115
1150
2285
3096
3563
3717
3536
3177
2912
2705
1854
1024
1260
2205
2974
2874
3123
4001
4675
4761
4463
5144
5443
4912
4134
4171
4504
3680
2328
1125
736
265
-304
-871
-993
-1314
-1607
-1493
-1290
-1133
-1407
-1419
-1704
-2207
-2525
-2403
-2468
-3152
-3470
-2974
-2452
-2464
-2267
-1761
-1106
-458
269
1223
2010
2281
1957
1515
1045
244
-1028
-2299
-3730
-4892
-5375
-5408
-5164
-4820
-4210
-3703
-3037
-1943
-980
-525
-577
-845
-1039
-1058
-1010
-1179
-1512
-1560
-1519
-1498
-1250
-984
-608
-501
-127
727
1669
2527
3119
3951
5370
6760
7391
6981
6535
6644
6005
5010
3533
2820
1968
722
146
-89
628
73
-791
-1244
-752
243
896
1813
2100
2061
2148
2295
1987
935
-343
-1522
-2880
-4112
-4360
-4089
-4105
-4463
-4160
-2585
-728
749
1362
2323
3056
3277
3242
3267
3328
2440
1191
-323
-1384
-2112
-2902
-3658
-4233
-4344
-4105
-3751
-2995
-2223
-1497
-1062
-1081
-1073
-1268
-1662
-2251
-3067
-3757
-4133
-4326
-4608
-4817
-4237
-3440
-2536
-1420
-254
1039
2156
2930
3713
4321
4405
3648
3249
3939
4549
4462
3152
3406
3898
3728
3058
2630
3564
2670
2107
1265
2246
2822
1173
-279
-1188
-540
-701
-723
-745
-1225
-1674
-1891
-1579
-1566
-1773
-2005
-2066
-2521
-2756
-1647
-954
-489
-633
586
1815
2494
2843
2952
3717
3155
2780
2149
2463
2167
1821
1365
994
1081
152
-237
-1324
-1745
-2732
-2988
-2869
-3193
-2933
-2875
-2508
-2656
-2342
-2041
-1888
-2417
-3129
-3353
-3383
-3362
-3778
-3740
-3341
-2789
-2057
-1392
-37
867
1452
1662
2111
2669
2708
2334
2502
3829
4462
4633
3693
4834
5407
5358
3963
2407
2611
913
-63
-1247
-360
-95
-1852
-2868
-2811
-1009
-334
-298
-64
-425
-587
-1240
-1264
-2103
-2890
-3772
-4201
-4233
-4416
-3357
-2974
-2278
-2623
-1042
963
2712
3799
4174
5115
5037
5139
4942
5620
5454
4081
2945
2198
1988
742
-579
-1978
-3127
-4003
-4806
-4300
-3578
-3022
-3106
-2600
-1734
-778
-219
-216
-594
-1539
-1843
-2262
-2338
-2762
-2893
-2557
-2258
-1304
-824
187
1152
1978
2373
2603
3246
3189
2691
3137
4651
5860
4996
4037
5130
5702
5309
2846
2240
1973
215
-1469
-2427
-777
-1089
-2650
-3738
-3817
-2304
-2055
-2155
-2332
-2727
-2694
-3138
-3040
-3292
-3181
-3409
-3706
-4002
-3488
-2332
-1464
-1008
-1398
-344
761
1673
2058
2816
4155
4287
3652
3407
4314
4441
3463
1832
1270
1012
-69
-759
-1406
-888
-1584
-2441
-2618
-1961
-880
-1491
-2085
-2657
-2563
-2463
-2479
-2620
-2623
-2462
-2727
-2398
-1828
-265
767
1332
1801
1942
3244
3785
4063
3692
3448
3176
2620
1779
2383
3825
4452
4038
2673
4305
4926
5424
4127
2354
2692
975
266
-1216
-492
450
-1992
-3243
-4775
-3129
-2287
-2304
-2622
-3810
-3616
-4321
-4149
-4784
-4517
-4534
-4877
-5319
-5281
-3181
-1763
-650
-413
384
2388
3172
3777
3709
3961
3464
2216
1236
986
1092
734
-139
-861
-245
-256
413
292
333
249
-529
-1000
-1682
-1814
-2255
-3192
-3685
-3918
-3225
-2242
-1695
-1630
-1186
-1261
-1211
-1394
-1192
-185
25
843
1033
2411
3814
4662
5178
4947
5035
4953
3718
3612
4616
5773
5648
3425
3709
4479
5504
4525
2381
2538
1219
-274
-1756
-1562
367
-1119
-2736
-4523
-3267
-1211
-752
-510
-1674
-2103
-3664
-4581
-5162
-5149
-5228
-5672
-5895
-5862
-4119
-1803
-161
521
213
585
596
724
631
381
871
217
12
289
1778
3439
4123
3967
3310
2620
1948
1175
-55
-1393
-3143
-4872
-5953
-5983
-4880
-4085
-3886
-3493
-2780
-1131
9
867
980
338
-474
-1232
-1095
-434
356
501
496
866
2115
3116
3670
3855
3560
3360
2600
1754
3335
5257
6968
5993
4932
6155
6898
7405
5320
4206
3385
782
-596
-1391
-70
569
-1319
-2592
-4234
-3050
-2065
-1183
-1451
-3546
-4829
-5366
-5019
-5040
-4626
-3995
-3638
-3911
-3778
-1830
15
1238
945
65
-151
-748
219
317
567
296
-383
267
310
1497
2378
2562
1289
-677
-1325
-1208
-1080
-1370
-1972
-2649
-3123
-2925
-1789
-919
-1402
-2220
-3098
-3732
-3615
-2922
-2196
-2867
-3610
-3324
-2005
-524
1091
2189
3297
3182
3545
4587
5285
5587
4373
3640
2898
1561
2283
4521
7158
7239
5162
5656
6410
7156
5774
3575
2736
157
-1444
-1254
795
2546
662
-468
-1871
-2396
-1909
-549
332
-2566
-5679
-6392
-4617
-3738
-3819
-3399
-2912
-3318
-4161
-2887
-1238
-361
-645
-1504
-1558
-2112
-858
1271
2505
2039
1176
2060
2844
3162
3320
2859
1260
-1488
-3208
-3543
-3030
-3050
-3522
-4233
-4778
-4021
-3152
-2198
-2588
-3768
-4451
-4732
-3608
-1933
-665
106
-426
-320
77
500
1088
369
151
-660
-597
500
1644
3242
3903
3831
3704
3153
3762
5486
7615
9020
7513
5914
5757
5619
5263
3591
2602
941
-1988
-1472
581
3353
2646
454
-706
-2709
-3536
-2470
242
943
-2082
-3907
-3466
-2156
-1906
-1623
-1459
-3342
-6314
-7134
-4957
-2783
-1598
-873
115
578
507
2208
4236
4480
2566
25
-659
-667
89
1154
1620
1021
-466
-825
-142
497
-415
-2294
-4468
-5984
-6958
-6927
-5363
-3984
-3307
-2982
-2458
-1208
-919
-594
-1072
-2822
-4498
-5370
-3390
-1133
943
2632
3545
4466
4609
4812
4377
3327
1460
-338
-1952
-1068
2431
6600
9325
9493
9046
8327
6933
6128
4518
2524
-976
-3699
-2352
300
3056
3357
2838
1649
-1307
-2606
-1326
-12
-889
-3821
-4999
-5183
-4786
-3083
-603
567
-1278
-3831
-3554
-2538
-1565
-579
678
690
-1056
-1847
-374
1429
1845
1390
654
-225
-753
843
3322
4362
2990
1096
-495
-1848
-2827
-3491
-3663
-5127
-6333
-6656
-5411
-2799
-1271
46
-180
-1090
-2474
-3911
-3936
-4236
-4620
-5357
-4858
-2457
381
2757
4001
4414
3426
1658
22
-379
-170
-206
-68
258
2822
6248
10320
12252
11351
8043
4459
2056
414
-639
-1765
-2189
-1815
982
4223
6698
6724
4305
589
-3538
-5232
-4517
-2797
-1610
-1893
-1905
-1828
-1141
-29
585
-296
-2926
-5452
-6128
-5228
-2920
163
2056
1898
-233
-1408
-1431
-485
571
1291
1602
1133
2089
4104
5913
5156
2318
-914
-4711
-7399
-8507
-6758
-3968
-2038
-388
225
730
329
-332
-1463
-4111
-6525
-8448
-8108
-5602
-1831
1892
3547
3916
3039
1914
600
-559
-1495
-2383
-3032
-2559
-717
1976
4230
5598
5136
4104
4139
5755
7600
7277
5374
2775
1029
750
1865
3485
4131
3253
3147
3541
4278
3099
536
-2436
-5290
-6041
-4048
-275
2172
2185
1312
343
-970
-1999
-2766
-2729
-3149
-3696
-3566
-2609
-1585
-1020
-446
-213
-1156
-2503
-3420
-3422
-2115
-27
2110
3279
2858
1307
-750
-2416
-2843
-2879
-2683
-3041
-2651
-1213
185
780
353
-132
-1317
-3068
-3672
-3064
-1555
-547
342
1495
2177
1953
597
-472
-1137
-1571
-1293
-489
900
1741
2255
2168
1721
1449
725
339
87
167
1010
2811
5125
6512
6616
5246
2592
-610
-2809
-2679
-683
1474
3710
6052
7428
6806
4173
1624
-643
-2535
-2953
-1192
2019
4049
4339
3616
1802
-907
-3767
-4885
-4689
-3949
-2714
-1318
-28
-12
-612
-1629
-3063
-4761
-6121
-6109
-5337
-3822
-2004
101
1635
1403
-153
-2811
-4972
-6115
-6145
-5010
-3425
-1112
819
1687
1389
323
-964
-2511
-3391
-3190
-2093
-846
-409
-100
686
1376
1319
961
822
967
859
660
1004
1687
2052
1690
1039
792
1254
2776
4891
6868
7824
7367
6137
4261
3105
3385
4235
4628
4590
5036
5443
4515
2476
459
-1343
-2540
-2772
-683
2171
3456
3171
1403
-654
-3063
-4612
-4499
-3838
-2566
-1852
-1092
-733
-1170
-1707
-2721
-3628
-4557
-5122
-5153
-4921
-4134
-3035
-1358
181
798
729
-494
-1771
-2697
-2835
-2433
-1913
-1233
-1386
-2409
-3743
-4433
-3912
-3101
-1696
143
1189
1121
-487
-1836
-2235
-1950
-1386
-1102
-493
158
214
273
570
1048
1212
451
-267
-867
-927
-744
532
3558
6195
7542
7119
6039
4750
3498
3913
5796
7896
8004
7270
6963
6270
4640
2455
1302
753
631
1715
4396
6804
6376
3644
236
-2899
-5622
-6887
-6212
-4610
-2818
-1424
-316
-571
-2256
-4131
-5848
-6492
-6170
-4746
-3028
-2276
-1317
-556
-167
-838
-2428
-3462
-4333
-4041
-2627
-616
1027
691
-301
-1895
-3607
-4858
-5315
-4346
-2752
-861
520
909
309
-789
-1722
-1888
-2215
-2067
-1513
-958
-586
-738
-491
-556
-716
-687
-373
765
1681
2021
1666
1475
2835
3913
3806
2480
1650
2017
2454
3648
6016
8358
8420
6446
5489
5612
5120
3496
2166
1902
1917
2470
4536
6716
6567
4027
868
-1717
-3640
-4234
-3122
-1662
-503
-23
75
-467
-1979
-3034
-3811
-3935
-3833
-3382
-2663
-2650
-2733
-2938
-3597
-4670
-5752
-5459
-4342
-2161
633
2766
3301
1641
-690
-2592
-4176
-4945
-4450
-2892
-1305
-912
-713
-847
-1242
-2017
-2743
-2577
-2466
-2012
-1591
-1119
-380
-211
-388
-980
-1494
-1584
-1304
-334
799
1781
1923
1807
2200
2531
2074
1284
993
1596
2129
3244
5375
7192
6978
5485
5236
5887
5245
3554
2071
1448
1295
2185
5006
7702
7383
4144
481
-1991
-3297
-3034
-1224
146
421
80
-115
-835
-2418
-3331
-3659
-3733
-3807
-2892
-1346
-819
-907
-926
-942
-1940
-3612
-4131
-3426
-1953
-401
1003
1725
677
-1304
-2923
-3672
-3665
-3405
-2921
-2153
-1480
-618
-318
-263
-748
-1594
-2026
-2536
-2337
-1837
-1078
-400
-675
-1201
-2244
-3004
-2897
-2059
-526
476
895
517
359
1774
3471
4169
3176
1753
1309
773
990
2702
5155
6340
5351
5054
5252
4941
3195
1328
796
790
1526
3447
5526
5650
3513
945
-895
-1659
-1585
-1032
-570
-477
-766
-1151
-1627
-2519
-2953
-3173
-3213
-2779
-1595
38
992
1273
919
-222
-2302
-4122
-4683
-3719
-1697
597
2143
2115
1079
-84
-735
-1274
-1911
-2197
-2172
-1864
-1609
-882
-196
-145
-1024
-2105
-2632
-2884
-2836
-2636
-2009
-1309
-1220
-1168
-1484
-1479
-1237
-1081
-692
-426
4
-8
-80
1154
2782
3500
2593
1087
675
703
1253
3060
5167
5901
4117
2891
3709
4707
4478
3170
2344
1297
521
1517
3942
5355
4071
1497
-594
-1919
-2468
-1858
-661
-75
-194
-674
-1183
-2127
-3214
-3711
-3630
-3122
-2191
-789
576
968
662
-146
-1645
-3398
-4302
-3431
-1746
-233
958
1268
684
-615
-1404
-1195
-960
-896
-1185
-1420
-1398
-1230
-795
-430
-576
-1135
-1684
-1932
-1660
-904
181
673
272
-777
-1964
-2563
-2578
-1737
-547
181
571
317
217
1060
2820
3709
2755
999
463
1165
1825
3174
4775
5434
3808
1994
2893
4711
5174
3603
2017
1004
429
1180
3338
5002
3764
464
-2734
-4239
-3792
-1791
326
958
473
-869
-2055
-3091
-3598
-3174
-3243
-3665
-3615
-2235
-466
149
69
-548
-1765
-3239
-3981
-2863
-1072
212
460
-12
-738
-1297
-1255
-639
10
216
-43
-347
-357
-98
103
-211
-1006
-2070
-2751
-2808
-1819
-455
749
1367
1051
209
-1020
-1690
-1405
-556
313
850
1549
2000
2011
2674
3882
4264
2784
801
304
840
1557
2629
3639
4059
3030
2531
3609
4530
3821
1757
362
-201
461
2433
4596
5083
2680
-708
-3256
-4021
-3302
-1793
-451
-530
-1039
-1570
-1787
-2305
-3237
-3970
-4777
-5096
-4385
-2647
-716
236
358
-116
-1034
-1639
-1325
-67
977
700
-233
-1121
-1536
-1486
-1091
-309
-131
-582
-1245
-1340
-639
2
-111
-984
-2257
-3250
-3112
-2099
-421
1030
1609
1067
7
-785
-1227
-1168
-790
-289
32
-72
-48
431
1735
3603
4905
4843
3643
2367
2131
2505
2987
3660
3917
3470
2165
2234
3511
4031
2780
559
-695
-705
528
2568
4181
3885
1305
-1419
-2958
-2769
-1711
-601
-616
-1427
-1746
-1810
-1831
-2423
-3144
-3920
-4613
-4672
-3578
-1625
-13
381
-244
-1101
-1761
-1671
-1104
-281
447
474
44
-690
-758
-219
166
130
-496
-845
-832
-385
263
507
-231
-1503
-2502
-2647
-1875
-1033
-449
-631
-1013
-1320
-1508
-1213
-1028
-763
-856
-808
-766
-708
-486
-63
1427
3126
4480
5042
4858
4393
3701
3122
3045
3297
3099
2575
2816
3936
4603
3948
2618
1513
791
942
2215
3682
3657
1292
-1287
-2460
-2240
-1718
-1487
-1138
-1371
-1864
-2286
-2223
-1998
-2788
-4223
-5108
-4628
-3412
-2236
-1465
-997
-1346
-2195
-2611
-2059
-775
-205
217
520
457
-72
-739
-244
120
69
-297
-273
367
749
1103
995
421
-795
-2118
-2506
-2002
-1073
-708
-714
-754
-750
-875
-1039
-795
-571
-736
-1206
-1100
-803
-866
-1199
-627
1033
2198
2529
2196
2179
2213
2135
2897
3670
4265
3730
3444
4512
5286
4981
3206
1675
927
1063
2488
4262
4886
3166
420
-1254
-1659
-1724
-1793
-1578
-1364
-1365
-1313
-755
-525
-1397
-3314
-4930
-4970
-4022
-3097
-2580
-2073
-1878
-2340
-2884
-2706
-1605
-703
-380
-54
481
733
395
408
702
693
274
-59
458
1163
1614
1560
765
-289
-1284
-1652
-1520
-1151
-642
-873
-1571
-1696
-1095
-395
-509
-836
-823
-980
-1209
-1261
-958
-776
-318
670
1464
1674
1165
1159
1319
1440
2006
3030
4135
4284
4457
5083
5164
3706
1449
-48
-342
589
2154
3700
3953
2651
914
-309
-816
-1264
-1654
-2174
-2589
-2176
-1214
-372
-744
-1962
-3168
-3754
-3622
-2803
-1666
-1321
-1998
-2725
-2664
-2369
-2253
-1953
-1431
-949
-533
197
1181
1415
949
209
-155
4
526
1372
1955
1943
1374
502
25
231
718
711
-6
-914
-1708
-2292
-2370
-1700
-875
-645
-920
-607
45
-77
-1084
-1564
-819
203
706
1019
1579
1741
1127
619
1136
2341
2918
2608
2846
4019
4940
4140
2734
1742
983
408
701
2205
2937
1948
407
-321
-252
-547
-874
-844
-935
-1331
-1692
-1471
-1451
-2405
-3791
-4412
-3681
-2232
-1398
-1201
-1443
-2093
-2907
-3242
-2549
-1745
-1685
-1915
-1612
-391
706
1240
1510
1340
774
324
820
1649
1760
932
-42
-378
-82
594
1487
2083
1743
492
-784
-1326
-1345
-1323
-1339
-836
-81
665
948
813
335
-417
-419
280
1040
1088
725
624
570
537
916
1635
1974
1680
1903
3203
4195
3661
2244
1279
1310
1898
2708
3483
3088
1232
-1057
-2138
-1799
-1320
-1282
-1746
-2029
-1908
-1580
-1368
-1585
-2219
-3288
-4024
-3823
-2574
-1200
-811
-1168
-1721
-1946
-1913
-1672
-1094
-799
-1094
-1963
-2377
-1872
-955
-204
37
231
459
698
1029
1367
1161
318
-608
-710
255
1387
2086
2115
1759
1057
249
-122
-178
-467
-951
-1011
-96
851
958
455
348
783
1021
1180
1712
2477
2528
1873
1576
1763
1775
989
709
1955
3319
3449
2359
1493
1214
1277
1883
2915
3318
1962
-402
-1762
-1563
-834
-708
-1131
-1689
-1994
-1942
-1813
-1631
-2105
-3162
-4073
-3953
-2518
-1154
-883
-1550
-2374
-2696
-2741
-2299
-1340
-437
-298
-814
-1143
-1180
-1370
-1724
-1793
-1284
-662
-203
314
759
883
591
187
38
179
560
866
966
889
676
283
-198
-284
-148
-135
-369
-339
202
647
898
1312
2022
2265
1946
1612
1626
1870
1866
1958
2089
2288
2303
2055
2027
2069
2041
1289
401
172
700
1682
2421
2925
2619
1358
-270
-1352
-1327
-832
-545
-657
-958
-1266
-1695
-1997
-2135
-2508
-3060
-3387
-2994
-2093
-1276
-654
-712
-1334
-2159
-2294
-1582
-982
-574
-283
-23
-135
-401
-381
-145
-84
-426
-458
-59
309
17
-720
-1156
-1182
-944
-591
13
532
706
382
-124
-259
-152
-259
-457
-365
36
59
-302
-406
85
1009
1782
2377
2496
1977
1264
960
1330
1950
2416
2709
2865
3013
3082
2995
2394
1250
178
-177
397
1208
1822
1712
1028
61
-858
-1229
-1121
-839
-915
-1237
-1397
-1263
-1406
-1891
-2382
-2578
-2537
-2458
-2014
-1290
-662
-633
-1100
-1329
-1205
-1018
-1030
-745
-93
264
252
46
178
51
-524
-850
-557
63
200
77
-227
-570
-958
-1277
-1204
-984
-657
-407
-233
-88
-57
-43
-287
-408
-131
277
476
342
93
-232
-424
20
979
1915
2337
2264
2058
1639
1358
1483
1832
1977
2004
2341
2593
2415
1952
1482
1117
748
738
1254
1568
1269
562
-137
-808
-1496
-1651
-1292
-882
-745
-816
-994
-1414
-1991
-2499
-2724
-2760
-2562
-2071
-1628
-1033
-470
-312
-555
-876
-697
-532
-572
-368
175
659
628
544
601
560
432
467
827
961
570
38
-246
-194
-214
-443
-724
-826
-665
-359
-115
-45
-263
-811
-1300
-1190
-506
140
327
90
-73
84
507
849
1138
1338
1418
1533
1628
1852
2110
2039
1794
1565
1736
1952
1821
1610
1314
1220
930
816
933
866
544
-111
-608
-1043
-1470
-1770
-2000
-2061
-2136
-2076
-1969
-1921
-1899
-1853
-1861
-1906
-1831
-1762
-1746
-1777
-1385
-814
-379
-239
-134
-56
-173
-258
-171
7
22
2
18
248
570
965
1253
1291
1158
837
438
171
43
120
197
242
340
470
605
533
331
-218
-891
-1181
-931
-324
354
768
848
713
596
804
1079
1206
1139
1133
1262
1453
1908
2235
2133
1604
1330
1453
1538
1523
1263
960
550
465
720
809
554
-76
-516
-741
-769
-665
-763
-1139
-1808
-2267
-2351
-2251
-2201
-2267
-2343
-2412
-2432
-2406
-2311
-2282
-2104
-1749
-1257
-760
-539
-453
-487
-406
-194
127
512
547
361
231
390
613
620
780
1075
1184
941
680
779
827
689
545
596
673
514
375
490
644
365
-229
-795
-899
-659
-260
163
477
608
490
620
1086
1447
1395
1089
1091
1378
1720
1925
2041
1865
1187
774
772
1034
1017
796
692
646
591
352
189
-61
-332
-623
-762
-646
-550
-774
-1402
-1798
-1761
-1704
-2032
-2416
-2456
-2558
-2795
-2833
-2282
-1696
-1503
-1353
-984
-605
-671
-846
-687
-414
-134
-17
-33
-66
-172
-42
213
436
662
771
730
568
575
694
790
809
869
938
889
772
658
739
729
624
622
534
414
259
281
322
278
162
71
189
395
617
823
974
1042
1076
1244
1400
1524
1541
1459
1296
1253
1314
1170
990
799
655
529
393
430
490
275
-272
-806
-930
-967
-1076
-1175
-1236
-1286
-1434
-1380
-1177
-1088
-1361
-1956
-2353
-2552
-2515
-2265
-2002
-1863
-1842
-1711
-1434
-1114
-760
-479
-328
-363
-382
-336
-230
-140
82
499
936
1160
1253
1227
1067
847
641
435
386
526
683
820
916
1027
994
872
878
1019
1043
987
801
661
386
119
104
209
280
168
164
328
503
771
1049
1297
1261
1070
997
1055
1115
921
814
654
480
358
429
555
356
-22
-577
-896
-990
-789
-487
-462
-479
-660
-853
-949
-879
-661
-629
-824
-1123
-1289
-1531
-1887
-2092
-2087
-2002
-1999
-1734
-1332
-941
-706
-612
-449
-258
-129
-81
-100
-27
28
205
376
455
523
481
397
379
540
692
687
649
733
857
903
903
1093
1320
1219
1071
1045
960
639
305
265
372
277
7
-50
71
-8
-222
-183
147
391
409
415
547
602
280
-40
-34
145
262
238
279
314
194
-167
-551
-699
-722
-689
-680
-580
-425
-423
-661
-860
-663
-448
-415
-527
-458
-351
-572
-783
-719
-419
-309
-420
-462
-430
-458
-559
-474
-253
-40
112
62
-49
-19
-8
29
136
320
531
588
596
801
1122
1239
1143
1012
957
844
740
816
1005
976
630
293
75
57
94
215
410
398
268
14
-127
-116
-154
-452
-770
-795
-736
-540
-385
-240
-263
-462
-675
-730
-465
-70
154
110
27
-141
-270
-378
-298
-21
79
-252
-738
-851
-762
-637
-574
-529
-497
-512
-443
-203
61
146
-59
-307
-316
-145
37
114
28
-91
-199
-212
-52
210
362
262
180
232
420
474
546
673
854
1002
1128
1397
1587
1661
1622
1539
1346
982
630
433
502
688
740
584
390
263
145
196
371
386
157
-161
-241
-188
-84
-178
-503
-791
-1132
-1491
-1603
-1471
-1327
-1402
-1472
-1371
-1285
-1228
-1105
-946
-959
-1008
-973
-842
-663
-562
-574
-708
-824
-918
-838
-593
-330
-184
-337
-601
-783
-626
-447
-238
141
358
211
-79
-136
1
82
84
217
489
686
719
832
1000
1010
891
780
797
944
1064
1116
1248
1521
1725
1724
1682
1684
1721
1665
1519
1511
1533
1472
1438
1455
1502
1278
827
489
455
508
407
180
-157
-550
-860
-819
-573
-293
-296
-513
-739
-952
-1126
-1324
-1479
-1701
-1860
-1747
-1588
-1438
-1407
-1443
-1481
-1483
-1319
-1144
-1067
-1263
-1476
-1581
-1620
-1571
-1505
-1351
-1085
-715
-465
-403
-475
-693
-929
-914
-625
-372
-266
-377
-374
-28
458
752
919
963
797
571
611
1008
1285
1201
1011
1008
1270
1575
1797
1957
2046
2033
1897
1960
2047
2056
1933
1837
1879
1950
2067
1919
1705
1496
1216
1015
969
959
776
466
124
-229
-378
-462
-565
-471
-290
-273
-441
-701
-1081
-1483
-1762
-1972
-1964
-1824
-1850
-1893
-1893
-1813
-1754
-1646
-1489
-1510
-1538
-1559
-1567
-1615
-1752
-1900
-1987
-2014
-1893
-1590
-1209
-890
-855
-805
-768
-798
-714
-645
-542
-502
-367
-281
-144
170
427
658
812
917
863
880
1008
1156
1383
1562
1568
1485
1608
1916
2288
2577
2569
2323
2025
1883
1921
2110
2180
2050
1931
1765
1673
1687
1644
1512
1324
1224
1181
1216
1180
906
503
68
-248
-345
-227
-115
-177
-345
-637
-945
-1087
-1195
-1328
-1514
-1707
-1879
-1900
-1783
-1687
-1651
-1675
-1691
-1820
-1803
-1668
-1638
-1682
-1732
-1782
-1923
-2036
-2071
-1917
-1714
-1495
-1314
-1171
-1144
-1171
-1028
-770
-501
-512
-633
-701
-685
-534
-235
64
189
213
280
466
725
994
1151
1117
1137
1295
1546
1791
1913
1952
2005
2012
2020
2134
2134
2003
1858
1838
1927
1823
1572
1384
1226
1120
1127
1179
1285
1247
959
670
499
472
341
219
159
152
71
-68
-88
-172
-264
-529
-788
-881
-982
-1113
-1247
-1244
-1229
-1280
-1318
-1375
-1320
-1254
-1275
-1367
-1341
-1240
-1286
-1357
-1342
-1315
-1490
-1658
-1661
-1554
-1422
-1476
-1422
-1205
-972
-790
-682
-503
-492
-499
-502
-282
88
344
390
285
267
311
391
499
659
822
920
992
1253
1550
1717
1703
1634
1580
1630
1708
1723
1740
1721
1629
1396
1260
1196
1184
1154
1031
1001
912
734
571
451
448
426
365
338
403
482
464
371
222
-13
-254
-426
-517
-601
-733
-837
-963
-1110
-1187
-1177
-1186
-1189
-1232
-1257
-1288
-1335
-1274
-1108
-1002
-1047
-1192
-1347
-1341
-1326
-1264
-1192
-1251
-1330
-1357
-1214
-1075
-912
-748
-674
-568
-497
-355
-185
-49
15
85
224
275
308
318
413
549
667
815
929
1057
1133
1140
1162
1291
1380
1321
1232
1220
1334
1366
1283
1199
1152
1079
928
816
800
854
747
564
489
507
465
324
396
600
655
553
493
483
407
201
40
21
-63
-351
-608
-614
-549
-617
-772
-810
-768
-849
-949
-958
-889
-933
-1092
-1150
-924
-697
-714
-795
-850
-954
-1114
-1180
-1091
-963
-980
-1036
-896
-625
-422
-291
-252
-237
-222
-155
-26
160
337
382
362
413
475
491
437
453
474
495
486
617
804
825
701
530
580
625
709
842
1012
1130
1097
1032
890
715
460
160
56
121
156
196
263
292
126
-53
-130
-95
-35
-35
67
159
93
-92
-177
-182
-242
-389
-499
-564
-502
-505
-566
-541
-561
-747
-999
-1099
-1020
-852
-818
-711
-602
-490
-515
-601
-548
-496
-539
-698
-728
-643
-526
-352
-126
22
9
-75
-100
-19
21
80
102
129
244
456
689
847
854
836
757
712
777
845
906
914
821
652
626
628
661
679
660
680
746
771
807
778
668
469
253
227
273
328
346
325
298
228
112
31
-26
-42
-103
-210
-238
-194
-164
-200
-234
-235
-256
-435
-558
-534
-551
-671
-794
-747
-670
-733
-846
-841
-739
-722
-772
-748
-583
-448
-513
-529
-415
-344
-520
-646
-520
-374
-319
-344
-352
-277
-216
-242
-249
-167
-201
-273
-164
105
403
473
455
424
400
384
336
449
610
647
603
557
487
380
288
322
457
594
657
737
834
854
792
655
569
488
395
300
361
452
419
320
268
243
117
-20
-73
-73
-41
-87
-132
-190
-205
-209
-167
-113
-168
-317
-532
-626
-622
-528
-513
-571
-677
-756
-741
-654
-520
-479
-554
-646
-630
-480
-344
-279
-280
-320
-410
-492
-354
-136
-42
-110
-161
-172
-172
-191
-160
-84
-19
-7
-27
71
246
281
191
167
185
284
432
649
827
858
699
481
346
242
197
258
369
502
624
721
805
794
772
661
553
447
362
349
403
449
426
378
304
275
250
218
126
23
-56
-172
-260
-252
-209
-256
-399
-486
-513
-574
-648
-626
-558
-559
-646
-686
-618
-578
-522
-411
-359
-340
-343
-314
-271
-187
-194
-334
-416
-428
-349
-219
-148
-128
-123
-192
-214
-184
-178
-245
-316
-281
-184
-113
-51
7
6
-22
-48
22
108
193
303
392
497
526
530
553
521
467
441
515
579
649
740
779
759
744
746
732
757
733
675
567
446
329
244
153
139
124
72
7
38
61
3
-144
-351
-479
-570
-625
-593
-504
-493
-536
-561
-519
-551
-623
-679
-696
-638
-507
-426
-382
-322
-302
-348
-310
-214
-142
-87
-116
-122
-144
-220
-290
-254
-129
-68
-62
-112
-155
-221
-251
-210
-193
-203
-225
-172
-92
22
86
107
82
1
-7
58
190
294
338
406
465
529
580
605
660
704
711
748
839
827
723
659
665
679
634
530
434
359
226
193
210
150
12
-160
-230
-245
-216
-191
-196
-255
-342
-402
-475
-517
-512
-547
-619
-634
-618
-520
-522
-493
-449
-407
-388
-334
-256
-165
-79
-61
-75
-104
-109
-114
-154
-232
-267
-279
-257
-272
-209
-196
-178
-169
-189
-196
-223
-260
-276
-174
10
174
219
242
232
200
211
209
249
311
356
365
420
483
504
530
516
591
699
763
827
756
645
555
506
524
534
530
438
382
383
371
339
269
146
-27
-218
-318
-343
-302
-257
-225
-192
-193
-209
-283
-359
-443
-534
-609
-608
-533
-491
-497
-501
-470
-464
-430
-398
-376
-290
-238
-237
-197
-131
-133
-149
-146
-149
-153
-217
-279
-270
-223
-165
-114
-73
-96
-159
-219
-175
-102
-34
5
31
56
71
112
139
221
284
291
314
340
333
270
250
276
335
438
512
561
604
542
469
444
493
562
533
499
483
433
379
341
343
354
271
146
5
-100
-209
-312
-320
-251
-219
-240
-239
-273
-313
-350
-390
-394
-377
-425
-458
-498
-531
-500
-488
-481
-443
-412
-395
-405
-396
-358
-320
-297
-247
-154
-123
-99
-125
-180
-181
-190
-183
-201
-181
-75
-50
-93
-108
-72
-58
-50
-24
35
100
76
89
153
285
388
425
455
501
512
472
439
419
411
426
471
554
639
679
678
698
759
755
673
559
476
419
364
367
442
449
312
117
-3
-71
-133
-146
-170
-191
-258
-340
-437
-513
-489
-520
-505
-465
-377
-357
-435
-538
-566
-617
-633
-578
-491
-380
-369
-381
-347
-332
-400
-454
-411
-353
-272
-202
-180
-157
-154
-204
-244
-206
-125
-57
-85
-90
21
67
29
-27
24
84
101
110
181
230
191
148
197
358
512
577
571
543
477
360
318
385
428
433
394
427
492
537
499
444
379
287
247
307
405
444
356
184
80
-23
-45
-16
-26
-82
-210
-303
-380
-434
-436
-425
-412
-383
-350
-355
-370
-392
-409
-469
-487
-451
-390
-318
-272
-248
-208
-252
-315
-309
-252
-177
-139
-117
-97
-86
-149
-181
-103
1
42
95
132
144
107
68
12
-7
-28
-38
48
145
226
221
130
38
7
17
151
285
405
399
328
289
262
298
344
361
360
364
318
279
251
228
210
219
216
261
357
383
346
236
116
14
-9
21
28
-8
-112
-240
-345
-343
-275
-197
-161
-174
-191
-201
-181
-198
-228
-196
-258
-276
-213
-193
-152
-97
-123
-140
-151
-184
-152
-107
-55
-12
3
10
-21
-86
-109
-83
-50
5
59
115
154
149
94
56
8
-47
-39
-29
13
58
50
-8
-40
-22
-15
-36
-33
-28
3
7
9
84
107
66
46
76
102
93
17
-10
8
18
2
4
16
-38
-164
-260
-240
-148
-89
-87
-61
-75
-105
-202
-253
-244
-246
-255
-221
-154
-132
-187
-225
-154
-106
-82
-60
8
-5
0
-10
45
100
104
42
11
64
97
133
126
158
171
146
74
100
143
127
82
77
126
176
167
174
232
272
261
232
263
244
200
156
171
222
225
175
103
70
78
58
61
126
180
193
196
214
226
198
138
68
68
98
123
82
42
69
41
3
-15
-43
-62
-82
-104
-97
-55
-75
-157
-190
-173
-213
-209
-220
-223
-239
-252
-232
-237
-216
-231
-248
-234
-219
-201
-197
-196
-159
-120
-125
-147
-148
-146
-104
-58
-17
-9
-17
-30
-53
-29
5
-8
-47
-33
-5
28
65
90
122
123
140
144
162
208
234
244
240
256
262
217
167
136
141
124
117
153
188
195
153
117
129
106
54
48
64
52
-56
-170
-194
-201
-213
-217
-149
-112
-155
-204
-230
-209
-199
-254
-264
-225
-204
-194
-214
-214
-223
-271
-301
-248
-191
-176
-206
-180
-143
-139
-128
-73
-41
-39
-40
-78
-63
-74
-83
-95
-56
31
39
59
141
172
114
70
63
76
119
134
151
177
154
116
143
217
263
264
295
324
349
362
364
378
368
339
318
339
396
399
363
318
285
245
193
179
186
184
143
114
93
73
12
-74
-134
-148
-152
-146
-144
-151
-174
-215
-263
-237
-237
-270
-282
-249
-245
-293
-355
-386
-374
-357
-327
-268
-208
-218
-254
-293
-237
-184
-164
-107
-30
-14
-3
4
-21
-39
-38
-46
-42
32
83
93
72
56
44
53
61
85
149
123
66
40
50
68
58
50
52
50
51
92
123
162
175
160
167
173
189
210
238
259
272
242
226
179
134
125
104
94
66
82
68
20
-10
-11
-36
-37
-33
-68
-60
-99
-171
-210
-227
-250
-233
-213
-178
-157
-190
-246
-297
-275
-220
-186
-118
-94
-106
-125
-149
-138
-85
-71
-73
-31
33
54
6
-8
13
4
-12
-2
7
36
23
40
99
115
96
66
56
40
13
1
7
22
36
20
3
-16
-14
-16
0
25
80
112
148
188
213
217
193
196
214
247
222
234
225
217
212
191
224
241
208
127
103
76
32
-18
-64
-76
-103
-115
-126
-116
-145
-192
-230
-247
-218
-228
-255
-270
-262
-267
-255
-232
-187
-138
-151
-150
-117
-81
-114
-115
-67
-8
27
56
102
125
116
82
93
78
90
70
49
65
85
81
58
40
24
6
-39
-65
-33
-31
-47
-49
-36
-23
-6
-59
-72
-67
-107
-83
-31
56
102
114
107
120
125
88
72
110
132
124
166
229
272
266
208
164
114
54
20
20
43
29
-15
-24
-16
-54
-68
-74
-98
-78
-107
-115
-128
-153
-176
-171
-178
-183
-142
-151
-142
-117
-111
-94
-96
-119
-118
-110
-102
-82
-33
-10
2
19
22
-14
-22
-3
2
27
33
60
61
51
39
22
38
15
-36
-37
-54
-56
-41
-15
-37
-49
-57
-60
-23
40
71
56
53
24
33
70
97
104
143
137
165
201
227
245
277
260
232
243
212
203
174
146
139
138
127
111
86
62
28
-3
-11
-6
-16
-22
-59
-92
-106
-123
-139
-158
-135
-145
-129
-133
-109
-58
-70
-97
-110
-124
-122
-99
-57
18
16
-13
4
-2
7
3
-1
23
-4
-29
-24
-24
-40
-42
-86
-108
-88
-120
-128
-106
-117
-130
-148
-169
-174
-159
-125
-118
-106
-101
-107
-109
-73
-9
-14
10
53
53
86
115
138
190
179
162
178
194
195
172
150
168
157
147
179
175
125
75
51
6
17
5
-8
9
-19
-54
-61
-81
-108
-117
-158
-200
-199
-187
-177
-141
-109
-119
-134
-166
-193
-192
-155
-134
-109
-90
-85
-83
-66
-37
-25
-29
-21
-26
-34
-1
57
75
104
80
64
44
13
10
25
44
44
31
22
29
38
28
18
25
25
67
122
164
197
225
210
217
221
232
231
229
238
268
285
271
275
260
265
227
219
224
181
132
130
123
102
103
79
7
-7
-31
-50
-41
-57
-78
-101
-113
-128
-132
-125
-148
-141
-148
-198
-225
-205
-186
-194
-188
-205
-188
-194
-213
-181
-176
-197
-185
-187
-180
-135
-130
-157
-168
-133
-128
-137
-115
-123
-143
-132
-161
-140
-93
-88
-75
-96
-109
-126
-134
-103
-77
-66
-50
-36
1
42
66
102
121
124
96
102
128
139
167
174
197
221
231
244
237
231
216
177
171
169
193
183
182
173
118
89
79
62
52
52
16
23
9
-18
-13
-9
-26
-37
-74
-89
-113
-138
-110
-103
-92
-77
-79
-79
-59
-62
-71
-47
-32
-24
-13
16
6
-1
-27
-37
-27
-7
3
-4
-19
-63
-106
-139
-106
-86
-44
-29
4
49
53
43
17
20
22
15
8
68
95
106
84
80
83
73
77
102
146
172
172
149
167
159
167
172
145
97
99
52
46
35
-5
-22
-56
-26
-43
-58
-74
-97
-123
-132
-133
-116
-112
-143
-154
-140
-161
-163
-168
-184
-176
-191
-151
-157
-149
-150
-157
-171
-177
-161
-143
-101
-78
-60
-55
-53
-39
-28
-31
-51
-40
-26
-20
19
26
33
11
-17
-30
-29
-21
1
44
46
64
73
72
60
62
61
63
80
85
115
99
128
176
167
177
179
197
225
214
212
231
224
251
250
241
261
248
239
213
194
163
130
87
61
16
13
-5
-13
-28
-36
-45
-52
-78
-133
-120
-164
-146
-155
-168
-171
-157
-147
-155
-147
-144
-158
-133
-89
-70
-63
-58
-72
-102
-84
-83
-62
-65
-50
-49
-18
22
31
30
20
16
-9
-36
-39
-40
-6
18
15
23
2
13
-2
7
10
4
5
-18
-1
9
10
-3
1
9
-17
-35
-31
-27
-27
-34
-17
-34
-39
-55
-56
-60
-40
0
10
32
23
6
-33
-61
-50
-75
-96
-112
-135
-132
-128
-112
-99
-94
-98
-106
-92
-70
-70
-61
-54
-44
-35
-43
-43
-20
-5
-10
-2
0
7
25
55
69
96
121
141
170
183
197
196
195
176
164
149
133
134
130
131
139
155
160
153
149
164
157
168
148
124
119
98
85
83
114
133
106
75
48
38
27
9
29
53
39
-3
-7
-24
-55
-63
-61
-48
-35
-54
-58
-55
-50
-74
-88
-70
-80
-75
-90
-111
-133
-136
-153
-169
-174
-157
-163
-174
-152
-141
-141
-141
-130
-143
-150
-165
-169
-169
-156
-158
-169
-134
-118
-95
-85
-66
-21
-38
-15
4
19
34
47
48
49
69
72
52
66
83
99
103
97
114
127
136
150
158
144
126
114
117
141
158
154
155
123
99
100
98
84
81
58
37
46
43
21
20
11
-35
-46
-56
-63
-58
-83
-84
-71
-95
-102
-95
-101
-105
-116
-128
-148
-138
-126
-135
-146
-136
-106
-101
-69
-51
-47
-37
-43
-5
-8
-30
-21
-47
-43
-22
-12
10
26
9
15
41
44
68
87
103
110
116
133
111
100
91
80
68
82
108
126
109
139
140
135
145
144
132
113
129
124
118
126
125
102
89
85
90
83
77
60
57
16
-2
6
-19
-35
-15
2
3
-6
-22
-12
-19
-20
-55
-68
-96
-138
-137
-116
-110
-114
-112
-122
-80
-89
-105
-123
-149
-182
-189
-173
-182
-184
-185
-179
-169
-128
-140
-162
-141
-126
-123
-109
-92
-109
-110
-142
-163
-141
-130
-123
-101
-63
-53
-68
-79
-52
-15
-14
-11
-1
27
41
43
77
116
128
152
148
162
189
192
211
238
253
240
255
281
275
273
284
263
256
251
253
228
203
180
127
92
66
48
49
42
27
30
14
-22
-48
-40
-54
-35
-60
-78
-53
-76
-115
-117
-94
-148
-148
-164
-161
-169
-145
-134
-114
-103
-108
-114
-109
-98
-111
-109
-135
-135
-128
-133
-129
-135
-151
-142
-160
-163
-137
-120
-121
-109
-60
-25
-18
2
18
38
29
42
74
99
127
147
135
136
136
146
171
201
223
256
270
253
265
255
221
213
222
210
200
218
213
187
175
135
87
86
54
36
43
39
15
-13
-34
-59
-70
-82
-90
-103
-122
-159
-138
-126
-141
-141
-155
-186
-201
-182
-176
-157
-137
-120
-134
-153
-156
-159
-166
-185
-172
-199
-199
-186
-176
-146
-132
-125
-112
-99
-112
-110
-110
-113
-92
-73
-57
-63
-52
-37
-35
-8
31
46
95
110
114
132
127
97
99
117
120
161
141
159
158
167
179
195
195
177
162
146
140
140
161
147
144
130
126
125
114
103
84
61
40
18
15
6
-8
-7
-15
-35
-45
-29
-28
-9
-8
-22
-21
-50
-91
-99
-108
-119
-100
-114
-117
-121
-145
-147
-144
-136
-122
-116
-120
-94
-109
-102
-93
-117
-107
-133
-130
-132
-118
-114
-101
-77
-70
-58
-39
-31
7
21
31
48
34
38
37
32
32
58
50
56
72
92
105
122
135
137
141
126
134
146
140
146
160
168
179
181
177
172
163
158
137
128
143
129
127
133
120
140
134
104
90
63
28
23
25
13
21
3
-16
-17
-35
-39
-36
-70
-78
-88
-116
-128
-138
-144
-153
-148
-160
-166
-159
-161
-158
-160
-153
-157
-180
-159
-163
-145
-132
-127
-113
-113
-119
-111
-115
-115
-102
-109
-81
-76
-67
-58
-49
-42
-39
-10
-7
-8
6
-3
11
34
30
31
24
23
33
47
51
59
91
83
70
94
96
113
84
91
115
99
93
87
82
66
82
72
64
94
79
59
52
40
42
32
34
24
25
19
14
34
45
44
28
32
-5
-14
-20
-36
-40
-41
-32
-47
-21
-16
-5
-9
-18
-34
-34
-28
-38
-24
-34
-48
-42
-27
-28
-23
-38
-29
-32
-28
-11
-9
-25
-22
-14
-16
-8
-5
-7
-9
18
21
29
22
11
27
33
54
67
69
82
60
44
46
34
28
25
19
30
36
44
48
56
54
37
51
32
38
31
8
-3
5
12
6
-3
-11
-20
-34
-43
-41
-36
-23
-25
-22
-13
-29
-37
-43
-48
-48
-62
-59
-53
-68
-78
-90
-104
-107
-99
-102
-84
-68
-59
-53
-39
-20
-14
-20
-29
-27
-19
-29
-26
-23
-16
-6
4
5
11
20
34
35
44
57
59
69
61
67
53
49
49
61
68
63
73
77
68
52
39
43
39
40
32
41
38
33
26
26
19
3
0
-31
-31
-33
-36
-45
-39
-31
-43
-38
-44
-49
-42
-47
-53
-47
-48
-50
-54
-68
-72
-61
-71
-52
-34
-51
-33
-20
-18
-6
14
1
2
-4
-9
13
25
32
29
37
27
24
44
51
52
54
72
62
77
86
81
81
95
105
103
112
105
86
67
60
59
58
62
61
58
57
50
56
54
57
53
37
19
10
-11
-35
-40
-46
-52
-63
-68
-57
-59
-53
-51
-52
-51
-58
-56
-61
-59
-64
-65
-85
-99
-105
-105
-104
-107
-89
-91
-80
-78
-82
-68
-61
-63
-48
-40
-41
-42
-34
-28
-35
-25
-32
-27
-27
-18
-7
1
9
10
14
8
7
10
16
15
22
18
21
24
23
16
21
17
22
30
26
29
34
47
46
56
55
53
60
56
48
46
48
51
56
53
49
42
40
39
33
28
37
34
35
39
40
45
36
30
30
13
5
10
4
-9
-5
-4
-5
-16
-25
-36
-37
-35
-38
-31
-31
-36
-32
-39
-47
-34
-37
-42
-34
-39
-32
-37
-52
-43
-40
-43
-37
-19
-19
-8
10
5
11
14
13
5
6
15
16
30
24
34
36
31
30
32
38
39
33
36
35
34
37
48
50
55
66
49
46
45
42
31
37
39
29
24
13
19
8
-4
-3
-6
-15
-21
-25
-32
-26
-36
-44
-34
-34
-45
-44
-43
-43
-37
-43
-46
-46
-49
-47
-44
-42
-33
-28
-37
-27
-35
-38
-25
-27
-12
-18
-28
-26
-29
-31
-43
-35
-33
-32
-25
-13
0
8
9
0
-2
-11
-16
-16
-6
-2
3
-6
-6
6
8
24
33
39
41
45
39
41
43
43
39
39
40
43
36
38
29
31
35
26
38
36
36
34
47
54
49
49
54
45
42
35
20
24
8
-1
7
2
-13
-14
-13
-15
-7
1
-2
-15
-18
-31
-29
-31
-33
-36
-45
-47
-57
-57
-49
-43
-46
-35
-42
-30
-25
-31
-25
-25
-36
-36
-37
-40
-37
-39
-36
-39
-42
-41
-45
-45
-35
-28
-30
-29
-24
-21
-25
-21
-8
-4
-9
-3
3
17
21
23
31
36
31
29
38
40
38
34
49
42
45
46
34
31
38
24
30
32
27
27
22
18
13
29
25
21
25
17
19
19
27
32
29
24
15
10
19
24
25
31
23
22
20
17
18
15
10
14
2
2
4
9
4
2
2
-9
-19
-11
-10
-10
0
-1
-5
-16
-19
-25
-16
-17
-11
-4
-6
-8
-7
-2
-5
2
1
3
1
9
5
5
9
1
6
4
-1
-2
9
1
-2
-1
-3
-6
0
0
5
8
4
13
4
3
1
-14
-13
-9
-16
-22
-15
-22
-26
-21
-13
-11
-6
-6
-14
-17
-20
-28
-25
-20
-25
-26
-24
-19
-19
-13
-12
-9
-8
-8
-9
-14
-11
-11
-18
-22
-24
-30
-35
-37
-43
-35
-31
-32
-23
-28
-26
-24
-24
-24
-22
-20
-32
-37
-39
-37
-37
-31
-25
-19
-18
-15
-9
-1
1
1
7
2
5
4
-5
-5
-5
-2
7
18
20
27
31
34
32
32
35
34
36
40
40
34
45
44
35
41
41
37
39
43
49
52
56
58
62
62
58
64
59
56
55
49
41
39
41
35
33
36
32
28
33
32
30
24
23
19
15
19
14
7
8
9
3
1
-2
-3
-7
-13
-18
-19
-22
-25
-22
-23
-24
-30
-22
-23
-31
-30
-25
-27
-30
-29
-34
-33
-40
-34
-36
-41
-36
-40
-45
-48
-43
-40
-35
-36
-31
-28
-21
-21
-24
-18
-23
-28
-31
-32
-36
-23
-23
-19
-11
-10
-11
-16
-15
-12
-10
-9
0
0
3
8
4
2
-2
-4
-7
-3
-1
2
-1
1
5
2
2
-2
-7
-7
-5
-4
5
7
5
1
7
0
-3
5
8
5
4
6
-1
2
2
8
12
9
13
15
13
18
22
13
15
21
15
13
11
12
4
0
2
4
15
15
16
22
20
20
18
23
21
15
14
12
8
4
7
15
15
13
17
15
15
14
14
11
7
1
-1
3
5
9
8
9
7
6
2
-2
-1
0
-1
1
0
-6
-5
-10
-10
-9
-12
-12
-11
-10
-12
-15
-14
-19
-19
-24
-22
-23
-25
-18
-12
-5
0
-3
1
-4
-9
-6
-11
-10
-6
-6
-6
-7
-4
-2
-3
1
7
7
5
3
8
9
5
2
0
-5
-3
2
3
9
10
6
3
6
4
7
2
5
1
-3
-6
-10
-7
-5
-5
1
9
4
6
3
5
6
5
2
3
1
-5
3
10
12
13
22
22
25
22
18
18
14
8
6
3
3
7
8
9
8
8
11
11
5
6
-3
-13
-16
-19
-17
-16
-19
-16
-13
-14
-12
-12
-14
-19
-19
-23
-18
-22
-26
-26
-30
-30
-32
-27
-22
-21
-20
-16
-21
-19
-18
-19
-15
-13
-8
-6
-3
-1
4
8
9
10
11
12
14
10
14
16
14
19
17
15
14
15
19
20
18
19
20
23
18
16
13
11
5
7
5
7
4
3
5
6
9
8
4
4
5
10
9
4
8
6
0
2
3
1
2
3
0
-1
2
5
7
2
9
7
7
8
5
2
1
-5
-5
-10
-15
-10
-11
-12
-13
-13
-16
-15
-16
-15
-15
-11
-11
-13
-10
-9
-11
-12
-2
-1
2
6
6
6
4
3
8
7
9
8
9
8
12
13
17
19
11
13
13
10
13
11
14
13
12
13
13
10
0
3
-1
-2
5
5
2
2
0
1
-1
-6
-8
-7
-14
-19
-20
-30
-31
-27
-30
-27
-22
-25
-23
-16
-18
-11
-9
-12
-15
-15
-21
-21
-16
-18
-17
-15
-14
-13
-8
-2
-3
0
4
2
2
9
6
8
15
11
13
13
13
11
8
13
14
13
14
16
20
17
20
22
18
15
16
14
14
11
14
8
9
7
9
6
3
0
2
2
-1
7
1
-7
-3
0
-1
2
2
0
-2
-2
-3
-5
-5
-8
-10
-12
-9
-7
-5
-2
-1
1
-4
-9
-10
-16
-17
-17
-21
-16
-15
-11
-17
-13
-10
-14
-12
-12
-14
-10
-7
-8
-4
-5
-3
1
8
12
16
18
14
15
13
12
14
13
11
15
19
18
22
22
18
21
21
18
22
22
16
16
13
10
7
8
9
9
9
4
10
9
7
10
13
7
6
2
-1
0
-6
-6
-7
-7
-8
-6
-6
-2
-5
-6
-8
-8
-8
-12
-11
-11
-14
-13
-9
-7
-7
-5
-2
-2
-4
-2
0
-2
-1
-4
0
-4
-5
0
-3
-5
-11
-11
-14
-12
-14
-13
-12
-15
-11
-12
-13
-14
-10
-10
-9
-11
-13
-10
-10
-10
-9
-10
-10
-9
-11
-8
-3
-6
-5
-6
-7
-6
-5
-3
-3
2
5
2
4
4
2
1
2
3
6
3
3
4
4
-3
-2
0
0
0
-2
2
2
-3
0
2
-1
3
1
-1
-2
0
-1
-1
2
-4
-1
2
1
5
8
10
12
11
8
10
6
3
6
3
4
7
7
8
15
11
17
20
16
20
19
16
19
19
17
17
15
17
17
15
18
19
22
20
20
18
20
19
12
12
12
11
5
4
8
5
-2
4
-1
-4
-3
-1
-1
-1
-1
-5
-6
-8
-9
-11
-16
-18
-18
-21
-17
-16
-18
-20
-15
-18
-19
-13
-12
-13
-10
-12
-10
-10
-14
-9
-9
-10
-8
-5
-5
-1
-3
-7
-6
-8
-11
-9
-12
-13
-12
-14
-13
-12
-10
-9
-8
-8
-10
-8
-10
-9
-7
-12
-11
-8
-4
-6
-6
-3
-1
3
0
1
3
2
-3
0
0
-4
-6
-7
-5
-7
-8
-9
-8
-10
-12
-14
-12
-13
-16
-13
-10
-13
-10
-7
-7
0
3
5
8
9
12
10
12
11
14
13
10
12
14
20
23
25
27
28
25
29
34
31
35
27
27
29
27
29
29
28
24
26
26
27
22
22
18
15
16
14
15
15
17
15
13
12
13
9
9
5
0
-2
-4
-4
-5
-4
-7
-8
-11
-11
-10
-11
-12
-15
-16
-18
-22
-22
-22
-23
-23
-24
-28
-24
-25
-27
-26
-30
-25
-23
-25
-22
-17
-19
-16
-13
-15
-11
-9
-7
-8
-11
-11
-10
-12
-10
-8
-7
-3
-5
-2
7
3
3
5
8
6
4
3
5
5
3
5
5
0
0
-1
-4
0
0
-1
-1
2
-1
1
-1
0
4
4
5
5
7
5
3
4
3
-4
-4
-1
-4
-3
-5
-5
-3
-6
-5
-3
-4
-3
-5
-3
0
1
2
4
1
1
1
5
4
4
6
5
4
1
4
6
2
2
1
1
4
3
3
4
3
9
14
14
16
16
10
9
8
1
7
7
6
11
12
12
12
11
15
15
11
12
7
8
9
4
3
4
5
4
3
1
7
1
-1
-2
-6
-8
-6
-7
-8
-3
-6
-6
-6
-2
-4
-5
-6
-6
-5
-4
-3
-1
1
-3
-1
-2
-2
-3
0
0
-2
-1
-1
-6
-3
-2
0
2
0
4
1
-3
-4
0
-4
-4
-3
-3
-6
-6
-9
-10
-9
-10
-6
-6
-5
-8
-9
-6
-6
-7
-6
-7
-9
-7
-6
-9
-6
-3
-6
-5
-3
-6
-4
-1
0
2
0
0
0
1
2
5
7
9
7
7
6
4
4
2
0
0
1
2
0
4
-2
0
-1
-3
-3
-5
-4
-3
-4
-4
-5
-7
-8
-9
-4
-5
-6
-4
-2
-2
-3
-3
-1
0
0
2
2
-2
-1
-1
-3
0
1
4
4
6
7
8
10
11
10
13
18
15
17
19
13
15
17
15
18
18
16
14
14
13
10
12
7
8
6
6
5
7
4
1
0
0
-5
-2
-3
-5
-1
-5
-4
-7
-6
-7
-6
-8
-8
-8
-12
-12
-13
-14
-14
-17
-15
-11
-9
-10
-7
-9
-12
-10
-11
-9
-12
-13
-14
-15
-12
-9
-4
-3
-4
-5
-4
-2
-1
2
4
6
7
10
12
14
12
12
12
14
15
13
16
16
16
15
13
11
10
11
13
15
17
16
15
12
8
9
5
6
2
0
-3
-3
-7
-5
-8
-5
-4
-7
-5
-9
-9
-11
-11
-17
-15
-17
-18
-17
-14
-15
-15
-14
-15
-10
-10
-7
-10
-10
-12
-9
-11
-9
-8
-10
-12
-11
-5
-3
-3
-1
-2
-2
2
0
-1
-1
-5
-2
0
-1
2
0
-2
2
1
0
-1
-1
-2
-1
0
1
-1
-1
-3
-1
-3
-2
-2
-3
1
3
4
8
9
5
8
7
7
4
5
6
6
8
6
9
6
6
6
6
3
4
6
5
7
5
6
3
4
1
2
4
3
5
8
7
6
7
3
5
5
7
3
3
4
4
1
4
5
3
7
5
5
5
5
5
6
5
4
8
6
7
12
13
10
11
11
13
10
8
11
9
7
6
8
5
6
5
7
4
6
7
5
4
5
3
0
-1
-2
-3
-7
-8
-5
-8
-7
-10
-10
-9
-11
-11
-11
-12
-14
-17
-15
-16
-17
-19
-18
-19
-20
-19
-18
-17
-17
-17
-18
-16
-18
-13
-17
-17
-16
-16
-14
-9
-7
-8
-5
-6
-7
-10
-5
-4
-3
-2
-2
-1
1
-2
2
0
3
4
2
1
3
0
0
1
5
9
5
11
10
10
12
14
13
14
17
13
14
13
10
9
10
8
5
6
4
7
7
6
9
7
8
8
6
7
5
3
2
2
-1
0
-2
-2
-5
-3
-4
-3
-4
-3
-3
-4
-1
-4
-6
-4
-6
-8
-4
-5
-4
-5
-5
-5
-7
-5
-7
-5
-4
-2
-4
0
0
-1
4
3
5
6
7
4
4
6
6
9
11
15
13
13
14
12
14
12
11
11
9
9
9
8
7
4
5
4
4
5
6
2
5
1
0
1
2
-1
2
1
0
-1
0
-1
-4
-3
-7
-7
-5
-8
-11
-8
-11
-9
-6
-9
-9
-9
-10
-11
-10
-10
-11
-10
-13
-9
-8
-7
-5
-5
-5
-7
-8
-8
-6
-5
-3
-2
-1
-2
0
4
3
4
7
6
6
6
5
6
3
3
5
7
6
7
8
7
5
4
3
2
2
0
-1
-1
-2
-3
-2
-3
0
1
0
-1
-1
-3
-3
-4
-4
-5
-4
-3
-4
-7
-10
-7
-7
-6
-4
-6
-6
-6
-6
-7
-6
-6
-6
-8
-6
-6
-4
-3
-4
-1
1
1
2
1
1
1
1
2
4
4
6
7
6
6
8
9
9
7
8
9
6
6
6
5
8
7
6
6
5
6
6
5
5
7
5
6
3
4
4
2
5
3
2
4
4
3
1
3
4
4
4
5
3
1
3
0
0
1
-1
-1
1
-1
0
-1
-3
-3
-3
-5
-4
-3
-2
-2
1
0
-1
-2
0
0
-2
-2
-3
-3
-5
-6
-6
-6
-6
-7
-7
-6
-6
-4
-2
-2
-2
-2
-2
-3
-2
-1
0
-3
-1
-3
-4
-4
-1
-3
-4
-2
-6
-4
-4
-7
-6
-6
-5
-5
-3
-1
2
1
3
2
2
1
-1
0
-2
2
1
4
6
8
7
7
8
6
5
7
7
6
5
4
4
3
2
3
5
2
2
2
1
0
1
0
-3
-2
-3
-4
-3
-2
-4
-4
-7
-5
-5
-7
-5
-5
-6
-7
-9
-7
-6
-10
-8
-7
-5
-8
-5
-5
-4
-5
-5
-3
-2
-1
0
1
2
3
3
2
-1
-1
0
0
-1
1
-2
0
0
2
4
5
8
8
8
7
10
9
11
12
13
14
13
13
12
14
12
12
14
13
12
12
11
11
9
8
6
6
6
6
6
6
6
5
5
3
-3
-4
-5
-6
-8
-6
-6
-8
-10
-10
-9
-12
-10
-11
-12
-15
-15
-14
-15
-15
-13
-12
-11
-9
-8
-6
-5
-6
-4
-3
-3
-3
-2
0
1
2
1
3
3
5
5
8
9
7
9
10
9
8
7
4
4
4
5
3
2
2
2
0
-1
0
1
-2
-3
-5
-5
-9
-9
-8
-8
-8
-9
-7
-8
-8
-9
-8
-8
-10
-9
-7
-9
-9
-7
-7
-7
-6
-6
-5
-4
-3
-3
-2
-2
-1
3
3
4
4
4
4
5
3
2
0
-1
-1
-1
0
1
-2
-1
-1
-1
2
0
3
6
3
3
0
2
0
-2
-2
0
0
0
0
3
4
6
6
7
11
8
7
7
6
4
8
7
8
9
6
7
7
7
7
9
10
8
8
6
6
6
5
7
3
5
6
6
6
6
5
1
0
-5
-3
-4
-3
-2
-1
-3
-4
-4
-3
-4
-5
0
0
1
2
3
1
3
1
3
5
3
5
5
6
5
4
2
2
4
2
3
1
2
0
0
0
1
2
1
1
-1
0
-1
-4
-3
-5
-7
-7
-10
-11
-10
-9
-10
-7
-7
-8
-7
-8
-8
-7
-7
-9
-8
-7
-5
-6
-4
-4
-4
-5
-3
-5
-5
-5
-7
-5
-6
-7
-7
-6
-8
-6
-6
-5
-3
-3
-1
0
1
0
0
-2
-2
-2
-1
0
0
-1
3
0
0
3
0
-2
-1
-1
-1
0
0
2
-1
0
0
1
2
2
-1
-1
0
0
1
1
2
0
0
-2
2
3
3
5
5
6
5
8
5
8
7
7
9
6
7
9
7
6
8
7
5
6
5
4
3
4
3
5
5
5
5
5
6
5
4
3
3
2
0
-1
0
0
1
0
-3
0
3
0
1
2
4
3
1
0
1
2
1
3
2
2
2
5
2
3
4
2
2
4
3
2
4
1
0
1
0
0
0
2
-1
-2
-1
-3
-3
-2
-3
-3
-3
-4
-6
-7
-8
-10
-9
-10
-8
-8
-10
-9
-12
-11
-10
-10
-10
-10
-11
-9
-9
-7
-7
-6
-6
-4
-5
-4
-3
-4
-3
-1
-1
-1
-1
0
-2
0
2
1
2
3
4
4
3
2
4
3
1
2
1
0
1
1
1
0
2
1
1
0
1
0
0
-1
1
0
0
1
2
3
2
2
1
1
2
4
3
3
5
5
5
6
8
5
6
9
4
3
4
3
4
3
3
2
1
0
2
3
3
2
1
0
0
1
0
-1
0
-2
-4
-4
-5
-6
-5
-2
-1
-3
-1
0
-2
0
1
0
1
-1
-3
-4
-3
-3
-2
-3
-1
1
-1
0
1
2
2
2
3
3
0
0
1
1
3
3
2
1
2
2
2
2
4
2
1
3
3
2
3
2
2
3
1
1
2
-1
-2
-2
-5
-3
-3
-4
-2
-2
-3
-1
-3
-3
-1
-3
0
-3
-3
-4
-6
-6
-5
-4
-3
-2
-4
-2
-3
-3
-3
0
2
1
-1
0
1
1
2
-1
0
0
1
1
2
0
1
2
0
1
0
3
2
1
1
1
1
1
5
3
2
3
2
1
3
5
2
2
2
2
0
0
0
-1
-1
-1
-1
-1
-2
-1
0
0
0
1
3
2
0
0
1
-1
0
0
-1
-1
0
-3
-3
-3
-4
-2
-5
-6
-4
-3
-3
0
-1
-2
-1
-1
-1
1
1
0
3
2
2
4
1
3
2
2
4
5
4
5
6
4
3
3
3
3
5
6
4
5
4
2
1
1
1
0
-2
-2
-1
-4
0
0
-1
1
1
0
-1
0
-2
-3
-3
-2
-4
-3
-4
-5
-6
-5
-4
-5
-4
-5
-5
-6
-5
-3
-3
-2
-1
-1
-1
-1
-2
0
0
3
2
3
5
3
5
5
4
4
6
2
3
4
3
5
5
3
3
0
0
-1
-3
1
-1
-5
-1
-1
-2
-2
-2
-3
-3
-2
-1
-1
-2
-2
-4
-4
-6
-6
-5
-5
-6
-3
-4
-2
-3
-2
-1
-2
-1
-1
0
-1
1
-1
0
1
0
-1
-1
-1
-2
-1
0
2
2
2
2
2
2
2
3
2
3
3
4
3
3
1
1
2
3
0
0
2
2
1
1
2
0
1
3
3
3
4
3
3
0
1
0
0
3
3
2
2
3
4
3
3
2
1
0
0
0
1
-2
0
-1
-2
-1
-1
0
1
0
-1
-2
0
0
-1
-1
1
3
2
2
3
3
2
1
2
3
3
2
4
2
4
5
5
4
3
2
-1
1
1
2
0
0
-2
-1
-3
-2
-3
-2
-2
-3
-2
-3
-2
-2
-4
-5
-5
-6
-6
-7
-7
-7
-9
-7
-7
-7
-6
-9
-8
-7
-7
-7
-5
-6
-5
-4
-3
0
-1
-1
1
1
0
0
0
-1
0
1
1
2
4
4
3
2
4
4
3
2
2
2
-1
1
1
2
4
2
5
6
5
6
6
3
3
1
1
-1
-1
1
2
3
3
4
4
4
3
3
3
1
0
0
0
-1
-2
0
1
1
1
1
2
2
1
1
-1
1
2
1
1
-2
-2
-1
-1
1
1
2
0
1
0
-1
0
-1
0
-3
-2
-2
-1
-3
-4
-1
-2
-2
-3
-2
-3
-4
-3
-2
0
-2
-2
-1
1
1
2
4
4
6
5
4
3
6
5
4
4
4
2
1
4
5
5
5
5
4
3
3
1
0
0
-2
-2
-1
-2
1
0
1
2
1
0
0
0
-1
0
0
2
1
2
3
-1
3
3
2
1
2
1
2
1
0
0
-1
-1
-2
-3
-3
-3
-2
-4
-4
-3
-5
-5
-4
-6
-5
-6
-5
-3
-4
-6
-6
-7
-8
-6
-4
-3
-5
-4
-5
-3
-2
-4
-3
-2
-1
-1
-1
-1
-1
-2
0
0
2
1
2
2
3
3
4
3
2
3
3
3
4
4
5
6
3
4
4
3
3
1
1
1
0
0
0
0
0
1
-1
1
-3
-3
-2
-2
-1
1
1
0
-2
-2
-1
-2
-1
1
0
1
2
3
2
1
1
-2
-3
-1
0
-1
1
1
2
2
2
2
2
1
0
-1
1
1
0
0
-1
-1
-1
0
-1
0
0
0
2
1
0
0
1
-2
-2
-2
-1
-2
-1
1
2
3
1
0
1
2
2
2
2
1
1
0
1
-3
-2
-1
-3
-1
1
1
1
1
0
-1
-1
-2
-2
-1
-3
-2
0
-1
1
2
2
0
0
-1
0
0
2
2
3
3
3
3
3
3
2
0
-1
0
0
-1
0
1
1
1
2
3
2
5
4
4
3
3
3
4
3
5
4
3
2
2
2
2
2
1
-1
0
0
-1
0
-1
-2
-2
-1
-2
-2
-2
-4
-4
-4
-6
-6
-6
-6
-5
-7
-7
-7
-7
-7
-7
-7
-6
-7
-6
-4
-6
-5
-4
-4
-3
-2
-1
-2
-1
0
-1
-2
-1
-3
-3
-2
-3
-2
-2
-1
1
2
4
3
3
2
2
1
2
2
3
3
2
2
3
3
6
7
6
8
7
7
7
6
4
6
5
6
6
8
9
7
8
5
6
6
4
5
4
3
3
3
1
2
0
1
0
0
-1
-2
-2
0
-1
-3
-2
-4
-3
-5
-5
-6
-5
-7
-5
-4
-4
-4
-3
-4
-4
-3
-4
-2
-3
-4
-5
-5
-4
-4
-5
-4
-3
-6
-6
-6
-5
-3
-1
-1
1
0
1
2
0
1
0
-1
0
-3
-2
-1
1
2
1
3
4
3
2
4
4
4
5
4
4
5
3
3
3
0
1
0
0
1
3
3
4
3
5
5
2
6
3
1
2
1
0
-2
-4
-4
-3
-3
-1
-2
-2
-1
-1
-3
-2
-2
-4
-5
-4
-5
-4
-5
-4
-3
-2
-3
-3
-3
-2
-2
0
1
2
2
3
1
0
0
0
2
0
0
1
0
0
0
0
2
1
-2
0
0
-1
0
1
0
2
4
3
4
4
5
4
5
5
6
6
7
7
4
3
3
1
0
1
1
1
0
0
0
1
3
3
3
4
4
4
3
3
1
-1
-1
-1
-2
-1
0
-1
-1
-1
-3
-2
-2
-2
-2
-1
-2
-2
-3
-3
-5
-4
-5
-6
-5
-5
-4
-5
-3
-4
-4
-6
-5
-4
-5
-7
-7
-7
-6
-5
-5
-4
-2
-1
-1
0
0
-1
-2
0
-2
0
1
-1
1
1
1
1
-2
0
0
2
3
4
4
5
4
4
4
3
3
4
2
3
4
4
4
4
4
3
4
4
3
4
4
3
2
2
1
2
0
0
1
-1
-1
-2
0
-1
-2
-2
-2
-1
-1
-2
-2
-2
-3
-4
-4
-6
-7
-5
-6
-6
-3
-5
-5
-4
-5
-4
-2
-1
-2
-3
-2
0
0
1
2
0
0
2
2
3
6
5
5
5
7
7
7
5
5
4
4
6
5
5
5
7
6
5
7
5
4
5
5
3
3
3
1
1
1
-1
-1
0
-1
-3
-1
-3
-3
-2
-1
-1
-2
-1
-1
-2
-4
-4
-4
-4
-6
-7
-6
-6
-5
-4
-4
-2
0
0
1
0
1
0
0
-1
-2
-2
-2
-2
-2
-4
-3
-3
0
0
0
2
2
2
1
2
0
-2
-2
-5
-4
-1
-1
0
-1
-1
-1
0
2
2
3
1
1
1
2
3
3
3
3
3
1
2
3
3
1
2
2
3
2
0
2
2
-1
1
1
1
0
-1
1
3
3
2
4
4
2
1
1
-2
0
1
-1
0
-1
-2
-3
-2
-5
-4
-3
-3
-2
-2
-2
-3
-1
-3
-2
-2
-5
-4
-7
-7
-5
-5
-3
-2
1
1
1
1
-1
-2
-2
-2
-1
-1
-3
-2
-1
-1
0
2
1
0
1
2
2
2
2
1
0
1
0
0
1
-1
0
0
1
0
0
1
2
1
2
2
1
-1
0
1
0
-1
1
1
1
2
2
3
2
2
4
5
4
4
5
4
4
2
3
2
-1
-2
-2
-3
-3
-1
-1
0
0
0
-2
0
0
-1
-1
0
-1
-2
-4
-4
-4
-4
-3
-2
0
1
0
3
2
2
4
4
2
2
2
1
1
1
3
3
0
-1
0
0
-1
0
2
2
2
1
1
2
0
-1
0
0
-1
-1
0
2
1
0
1
0
0
2
1
2
0
-1
-2
-2
-3
-4
-3
-2
-2
-1
0
-1
0
2
2
1
2
1
0
0
-2
-3
-4
-3
-1
-1
-2
-2
-1
-1
2
3
3
3
2
0
-2
-1
-2
-3
-4
-5
-4
-3
-3
-2
0
1
2
4
5
5
4
5
4
3
2
2
2
1
0
-1
-1
1
1
0
3
3
3
4
3
3
2
1
0
-3
-2
-3
-4
-3
-5
-5
-4
-3
-4
-3
-3
-2
-3
-3
-3
-4
-3
-5
-5
-4
-4
-4
-3
-3
-2
1
-1
0
0
0
0
1
0
-1
1
0
0
1
2
2
3
3
2
3
3
3
5
5
5
4
3
3
3
3
2
4
3
2
3
3
2
5
6
6
7
6
7
5
4
4
6
5
4
5
4
4
2
3
3
1
0
1
1
-1
-1
-1
-1
-3
-2
-2
-4
-3
-5
-6
-6
-6
-7
-5
-4
-2
0
0
-2
-2
-3
-5
-5
-6
-7
-7
-7
-6
-6
-4
-3
-4
-2
-2
0
-1
-2
-2
-3
-4
-3
-3
-2
-2
-3
-3
-1
0
3
1
-1
0
1
1
1
-1
-4
-6
-3
-2
-1
-2
-3
-3
-5
-3
-1
-2
-2
-1
-4
-1
0
0
-1
-2
-3
-1
-2
-1
0
-1
0
1
3
3
4
3
6
4
4
5
4
4
5
5
4
4
3
5
3
5
5
7
6
7
7
5
5
3
2
2
1
1
2
2
2
4
4
5
5
5
5
4
5
4
5
4
2
1
4
2
3
3
2
3
4
6
6
4
4
3
1
0
0
0
0
0
3
3
2
1
1
2
3
0
0
-1
0
-2
-1
-1
-1
-2
-3
-5
-7
-6
-7
-8
-6
-7
-8
-8
-9
-9
-10
-7
-7
-8
-7
-8
-9
-10
-11
-11
-11
-11
-11
-8
-7
-5
-4
-3
-3
-5
-5
-5
-5
-6
-3
-3
-5
-1
0
1
2
3
4
3
3
4
5
4
2
2
2
2
2
1
1
2
2
4
5
6
5
6
5
4
5
4
4
3
3
3
2
-1
0
0
-2
0
1
1
2
4
3
2
3
2
1
0
0
1
0
-1
-2
-3
-4
-3
-1
0
1
2
3
1
2
1
1
0
-1
-3
-3
-2
-2
0
2
2
3
4
4
1
2
2
1
1
2
2
1
1
1
2
1
1
2
2
2
4
6
6
6
7
5
5
5
3
3
3
3
2
2
0
3
1
1
1
0
0
1
2
0
2
0
-1
-3
-3
-3
-3
-3
-3
-2
-3
-4
-4
-4
-3
-3
-2
-3
-5
-5
-5
-6
-4
-6
-3
-2
-4
-3
-3
-3
-2
0
-1
-1
1
0
0
1
3
2
1
1
3
2
2
1
1
2
4
4
5
4
4
2
2
0
1
0
-1
0
-1
0
0
0
-1
-1
0
-1
-2
-3
-3
0
-2
-2
-2
-2
-1
-3
-3
-5
-7
-6
-6
-5
-4
-4
-5
-3
-3
-3
-3
-3
-4
-4
-4
-4
-4
-3
-2
-1
0
-1
0
1
0
0
0
-1
-1
0
-2
0
1
3
3
5
4
3
3
2
2
4
4
4
3
3
0
1
0
-1
1
0
0
0
2
2
5
6
6
5
4
3
-1
-1
0
-1
0
1
-1
0
0
0
1
-1
1
-1
-1
0
0
-4
-3
-1
-3
-2
-2
0
0
0
1
2
1
0
1
2
3
1
3
3
2
2
1
2
2
1
0
1
2
0
2
2
2
2
3
4
3
4
2
1
1
0
0
1
2
2
2
2
2
5
5
4
6
5
3
2
2
0
0
0
-3
-4
-2
-2
0
1
1
4
1
0
0
-1
-1
-3
-2
-4
-5
-6
-5
-7
-5
-4
-3
-3
-2
-1
-2
-2
-2
-1
-2
-1
-4
-3
-3
-4
-4
-4
-2
-5
-3
-2
-1
-2
-4
-2
-2
-2
-1
-2
-2
-3
-5
-5
-6
-6
-6
-6
-6
-3
-3
-1
0
-1
2
2
2
2
3
3
2
2
3
3
4
4
5
4
5
6
6
6
6
7
8
6
6
6
6
4
5
3
2
2
3
3
4
3
5
6
3
2
1
1
-1
-2
-3
-3
-5
-6
-6
-4
-4
-3
-2
-2
0
-2
-3
-2
-3
-5
-4
-5
-4
-4
-2
-3
-4
-1
-2
-3
-2
0
1
2
1
2
1
1
1
1
1
0
0
0
-1
-1
2
0
4
5
6
5
4
4
3
0
0
-1
0
1
0
0
0
-1
-1
-1
-1
2
0
1
2
0
0
-1
-2
-3
0
-2
-1
-1
1
1
-1
0
0
-2
-2
-3
-4
-2
-4
-3
-3
-3
-3
-1
-2
-3
-3
-2
-3
-2
0
-1
-2
0
0
-2
-1
-1
0
1
2
1
1
2
2
2
5
5
6
6
7
7
6
8
7
7
5
4
4
3
2
2
2
3
1
1
0
1
1
-1
0
-1
-2
-4
-2
-3
-3
-5
-6
-6
-6
-5
-6
-6
-7
-5
-6
-5
-6
-6
-8
-8
-7
-7
-7
-7
-4
-5
-5
-3
-3
-3
-1
-1
-2
1
-3
-1
0
-1
1
3
4
4
5
7
8
9
8
9
9
7
9
6
5
7
9
7
7
8
7
6
8
10
9
12
10
9
10
10
8
6
3
1
3
1
2
3
2
2
1
2
2
2
2
1
-1
-1
-2
-2
-3
-3
-6
-5
-7
-9
-7
-6
-9
-9
-8
-7
-6
-7
-9
-8
-9
-10
-10
-9
-7
-8
-8
-8
-7
-7
-7
-7
-4
-7
-5
-3
-4
0
-1
-2
-2
1
-2
0
-1
-1
0
-2
-1
0
-1
1
4
1
3
4
4
4
3
3
2
-1
-1
0
0
0
0
1
2
3
3
3
4
3
3
2
1
1
1
2
0
0
-1
-1
0
0
1
1
1
2
0
1
2
2
1
3
2
1
1
0
0
1
1
1
1
1
3
2
2
2
4
3
2
1
1
0
-1
0
0
0
0
-1
0
0
-1
1
0
0
1
1
1
1
1
2
3
1
1
1
3
3
4
6
7
5
5
4
3
4
2
1
0
1
0
1
1
1
1
2
1
2
2
2
3
3
1
1
0
0
0
0
0
1
0
0
1
0
0
0
-1
-1
-2
-3
-5
-5
-7
-7
-7
-5
-5
-4
-4
-4
-3
-2
-2
-2
-3
-3
-3
-4
-3
-3
-2
-5
-4
-2
-3
-3
-1
1
0
-1
-2
-3
-3
-2
-1
-1
-1
0
1
1
1
0
0
-1
-2
-2
-1
0
1
1
1
1
0
0
1
-1
0
0
1
1
0
-2
0
-1
1
0
0
3
2
2
4
2
2
2
-1
-1
0
0
-1
-1
-2
-4
-5
-3
-2
-1
0
-2
-1
-1
-1
-3
-2
-4
-4
-4
-4
-3
-3
-3
-1
2
1
1
2
1
-1
0
1
1
1
0
0
1
2
3
4
5
5
6
5
5
6
5
5
5
4
3
5
3
3
4
5
6
5
5
6
6
7
4
5
3
2
4
5
2
3
4
3
3
2
0
0
1
1
2
0
0
0
-2
1
0
1
0
0
-1
0
-2
-3
-4
-4
-5
-3
-3
-5
-4
-4
-3
-3
-1
-1
-2
-3
-3
-5
-4
-4
-4
-4
-5
-4
-4
-5
-4
-2
-4
-3
-2
-2
-3
-3
-3
-3
-2
-2
-2
-3
-3
-3
-3
-2
-1
0
3
1
3
4
3
1
4
2
0
0
-2
-3
-2
-1
-1
0
-1
1
0
0
1
-1
-1
0
-1
0
-1
-1
-1
-2
1
-1
-1
-1
0
1
2
1
2
1
1
3
2
2
2
1
0
1
0
0
0
0
0
0
-1
0
-1
1
2
1
3
3
1
1
-2
-1
0
-3
-2
0
0
0
2
1
0
2
2
4
3
3
3
0
0
0
0
-2
0
0
0
1
2
1
2
4
3
3
3
1
-1
1
1
1
0
0
0
1
1
-1
-1
0
0
0
-1
-1
-3
-4
-5
-3
-4
-4
-5
-4
-4
-4
-3
-4
-2
-2
-2
-3
0
-2
0
2
3
5
4
5
5
6
4
4
4
4
5
5
6
8
7
8
8
7
9
7
5
5
5
3
5
4
4
4
4
5
3
4
3
1
1
-1
-1
-3
-3
-4
-4
-5
-3
-4
-4
-4
-4
-6
-5
-6
-9
-8
-8
-9
-8
-7
-6
-5
-5
-4
-4
-4
-5
-3
-4
-5
-5
-4
-3
-5
-3
-2
-4
-2
-2
-2
-3
-2
-2
-4
-1
-3
-3
-2
-2
-1
-2
-4
-3
-2
-1
-1
-1
0
1
2
3
3
3
3
3
3
4
5
5
6
5
5
6
6
6
6
5
5
5
5
4
5
6
7
8
7
5
3
4
4
2
2
2
1
0
1
3
4
2
3
3
3
1
0
-1
-1
1
-1
0
0
-1
-1
-2
-1
-1
-1
-2
-3
-1
-1
-1
-1
-3
-3
-2
-2
-3
-2
-3
-2
-3
-3
-2
-3
-1
-2
-2
-1
-2
-3
-2
-2
-2
-2
-2
-2
-2
-2
-1
-1
-1
0
0
-1
-1
-3
-3
-4
-3
-1
0
1
1
0
0
0
1
0
1
0
1
0
1
2
1
-1
-2
-2
-2
-3
-2
-3
-2
-2
-1
-2
-3
-2
-1
-2
-2
-2
1
0
-3
-1
-2
-2
-4
-2
-2
-1
-1
0
1
2
1
3
3
3
3
4
4
2
2
1
2
3
1
2
2
1
2
5
5
5
7
8
5
4
4
3
2
3
1
0
-1
-1
-1
-1
-1
-1
-1
0
0
-2
-1
-1
-2
-2
-3
0
-1
-1
-2
-2
-1
-2
-1
-1
0
0
-1
-1
-2
-3
-2
-3
-1
-2
-3
-1
-2
-1
-1
0
1
0
0
1
3
2
3
4
5
3
3
3
4
3
4
2
3
4
3
4
5
4
4
4
3
2
1
3
2
2
1
3
1
1
1
3
3
2
2
1
2
2
0
0
0
-1
-1
0
-1
-1
0
-1
0
-2
-4
-4
-4
-5
-5
-6
-8
-8
-7
-6
-6
-5
-6
-6
-5
-5
-3
-4
-4
-4
-6
-4
-4
-4
-3
-3
-2
-1
-1
1
-1
-2
0
-1
-1
0
1
0
3
2
1
1
1
1
1
0
0
-2
-2
-1
0
-1
0
0
-3
-1
1
-1
-1
-2
-1
-1
-2
-2
-2
-3
-2
-1
-1
0
0
1
1
1
1
1
0
0
0
0
-1
1
0
1
2
3
4
6
6
6
7
7
8
8
7
5
5
5
5
3
4
4
2
3
4
4
4
3
4
2
3
2
1
1
1
-1
-1
-1
-1
-2
-1
-1
-3
-4
-3
-2
-2
-2
-3
-3
-3
-4
-4
-5
-3
-3
-4
-3
-5
-5
-6
-3
-3
-2
-1
0
-1
0
-1
-1
-2
-1
1
0
2
2
2
3
4
5
6
6
6
7
4
4
4
3
3
5
4
4
4
3
