-5
-6
-9
-6
-8
-3
-3
-3
-2
-6
-4
-1
0
2
0
-2
-1
-4
1
1
0
-2
3
2
2
2
0
3
4
0
3
8
5
10
9
12
11
5
5
5
5
2
1
2
4
-2
-1
2
2
1
1
3
2
1
-1
2
5
-1
0
3
1
-5
-5
-2
-4
-9
-7
-6
-11
-10
-10
-10
-11
-6
-11
-9
-8
-9
-6
-8
-3
-3
-2
-4
2
2
1
0
-5
-7
-7
-9
-6
0
1
5
2
8
7
2
6
3
2
4
2
-5
-3
-3
-3
3
2
3
9
5
4
-1
2
-7
-5
-4
-1
4
4
2
1
7
1
3
4
6
8
8
5
6
3
4
6
2
5
5
1
3
8
11
8
7
-1
7
4
3
7
4
2
-7
-4
-4
-2
-3
-2
-3
-3
-5
-7
-5
-4
-6
-3
-7
-6
0
-5
-3
-4
-2
-8
-5
-1
0
-1
-4
-3
-5
-6
-2
1
0
4
2
2
8
7
8
15
9
6
10
5
5
8
7
5
6
-2
1
6
7
5
6
10
9
9
10
10
9
3
0
6
1
2
-6
-9
-10
-12
-12
-10
-6
-5
-6
-9
-7
-10
-12
-15
-15
-15
-13
-15
-11
-12
-12
-8
-8
-7
-4
-4
-5
-2
-6
-4
-2
-7
-9
-5
-5
-5
-4
-2
-3
-7
-3
2
5
4
5
4
1
0
3
0
-2
-2
-5
-1
0
6
8
7
10
9
9
9
13
11
7
6
1
3
-2
-1
2
-2
5
1
4
3
4
1
2
3
-1
1
0
1
6
1
0
0
-3
2
-3
-5
-1
3
5
3
9
11
12
7
5
5
0
-3
-6
-1
-1
3
1
2
5
7
2
0
3
2
-1
-3
4
0
0
0
0
-3
-3
2
2
3
5
7
5
4
4
6
1
1
4
-2
-3
-1
0
0
8
4
3
0
-3
-3
0
0
0
-1
-1
-2
-8
2
1
3
4
5
4
2
0
1
0
0
-1
-2
4
0
0
1
0
-3
-3
0
0
3
-2
-4
-10
-10
-6
-4
-6
-8
-6
-9
-11
-10
-12
-9
-7
-5
-3
-2
-4
-9
-12
-15
-15
-13
-12
-12
-10
-9
-6
-5
0
0
0
7
5
6
1
-4
-8
-6
-6
-2
2
5
0
-3
2
1
-2
0
2
-2
2
-2
4
0
-3
-2
-3
2
-1
5
4
2
1
3
6
1
4
0
-2
-5
0
1
5
8
5
7
5
8
10
10
7
10
8
6
10
9
6
7
10
11
16
16
19
18
16
10
8
9
6
6
1
2
1
1
0
3
5
0
1
2
-3
-5
-1
-5
-1
-1
-7
-4
-7
-7
-8
-7
-10
-2
-3
-2
-1
-1
-3
-5
-5
-4
-6
-11
-9
-15
-12
-10
-9
-6
4
1
2
3
1
2
3
2
0
2
-1
0
-1
-3
-8
-1
-2
-5
1
0
2
5
4
1
-1
-1
-5
-1
-2
2
-3
-2
-5
-7
-2
-3
-1
1
5
4
11
8
7
3
1
1
-2
2
3
3
2
7
7
5
5
4
5
1
0
-3
-6
-5
-4
-1
-4
1
-1
4
4
6
6
6
6
0
4
-1
-5
-7
-14
-11
-14
-13
-14
-9
-3
-5
-5
-3
-7
-6
-8
-9
-8
-7
-6
-8
-6
-6
-3
-1
4
3
11
7
5
7
8
8
8
12
5
6
4
3
0
5
6
10
14
12
9
9
1
0
2
-2
-5
-5
-11
-7
-3
-3
-4
-2
-2
-3
-1
-4
-3
-1
-2
-3
-5
-2
-1
-8
-9
-11
-7
-6
-6
-1
4
4
7
11
11
10
5
4
-1
1
1
-3
3
5
6
7
10
13
10
5
9
10
7
9
5
7
-2
2
5
1
5
6
10
8
8
3
0
-5
-4
-6
-6
-8
-10
-10
-7
-7
-1
1
-2
-2
0
0
-2
6
0
-3
-3
-6
-7
-3
-8
-8
-5
-7
-4
-1
4
1
3
1
-1
-3
-6
-5
-6
-3
-4
-2
2
1
2
5
0
1
8
7
4
7
3
-1
0
-2
-4
-4
-4
-3
-4
-4
3
3
5
8
8
3
3
1
-2
-4
-2
-7
-8
-4
-6
-5
-5
-6
-7
-3
-1
2
0
2
-2
-4
-5
-5
-4
-5
0
-5
-4
-2
-1
-3
-2
1
-3
-1
1
-3
-3
-4
-4
-5
-5
-3
-3
-3
0
5
3
4
6
10
10
10
10
9
5
0
0
-1
-2
-1
5
1
4
8
4
5
3
-2
-1
0
-3
2
5
2
5
7
7
5
5
9
9
11
10
9
5
7
4
0
3
4
4
-2
-5
-5
-1
0
0
2
-1
-3
-4
-3
-8
-7
-6
-13
-11
-12
-7
-11
-8
-4
-6
-4
-2
-1
-4
1
-3
-1
-2
-5
-1
-6
-4
-7
-4
0
5
4
6
5
2
1
-1
1
0
0
0
2
-2
0
3
5
11
13
14
15
13
12
10
7
4
0
1
4
2
0
4
4
7
8
7
6
4
2
1
-1
-1
-2
-2
-5
-4
-2
-1
-4
-1
2
-2
0
-1
-2
-3
-6
-11
-10
-15
-16
-16
-15
-18
-15
-8
-5
-4
-3
-5
-8
-9
-16
-13
-14
-16
-17
-12
-11
-13
-10
-9
-4
-2
-1
4
4
2
2
4
-1
1
1
0
-1
-2
2
1
4
8
11
13
12
13
15
12
13
10
13
14
11
12
14
13
13
15
11
13
18
13
11
9
5
6
-3
-2
-2
-1
1
2
1
-4
4
-4
1
3
2
-3
1
1
-1
-1
-8
-11
-9
-10
-6
-1
-5
-4
-5
-6
-9
-8
-4
-4
-6
-2
-5
-9
-9
-8
-2
0
4
6
11
9
8
8
7
4
3
3
4
8
3
5
7
8
4
6
7
9
7
7
3
1
1
-1
-3
-3
-6
-6
-3
-3
1
1
6
3
4
4
2
3
4
-1
-1
-8
-10
-9
-10
-12
-10
-9
-8
-8
-3
-4
-8
-5
-5
-7
-5
-3
-10
-14
-16
-20
-18
-18
-17
-16
-13
-12
-9
-12
-9
-5
-8
-5
-7
-10
-8
-11
-12
-6
-1
-4
-2
1
0
0
1
0
2
1
0
0
0
2
2
8
15
15
20
22
21
21
20
20
19
13
16
16
10
10
6
10
12
11
14
15
14
12
12
11
11
11
16
13
15
8
10
5
3
7
3
0
1
-1
-4
1
2
1
-8
-9
-11
-11
-7
-7
-11
-12
-15
-18
-9
-10
-9
-6
-9
-7
-7
-6
-9
-10
-10
-9
-7
-8
-2
2
1
4
5
10
8
5
9
5
4
5
6
5
6
4
4
8
5
8
12
14
15
13
11
11
5
2
8
6
5
6
3
0
-4
-1
-5
-5
-4
-12
-6
-14
-13
-12
-12
-9
-8
-11
-10
-12
-20
-21
-21
-19
-22
-19
-20
-18
-22
-26
-24
-24
-23
-21
-20
-15
-14
-7
-3
-3
-1
2
3
-1
0
0
-3
-7
-7
-6
0
-1
2
10
8
12
13
14
14
16
13
8
11
6
9
6
9
9
13
15
12
16
16
19
22
22
19
19
16
11
13
14
17
20
18
21
26
24
26
24
24
18
13
10
9
6
1
-3
-5
-6
-5
0
-2
0
-2
0
-2
0
-2
-3
-6
-11
-9
-20
-19
-17
-25
-26
-21
-26
-25
-19
-23
-21
-16
-10
-11
-8
-9
-9
-14
-13
-12
-10
-11
-15
-11
-11
-8
-7
-2
-2
-3
0
3
1
-1
3
7
7
7
10
9
13
14
14
14
13
6
4
1
1
3
0
5
5
2
0
3
3
2
0
0
5
2
1
2
3
-1
-3
-7
-5
-4
-6
-6
-8
-7
-9
-8
-4
-6
-7
-1
-1
4
6
6
9
3
1
4
0
-1
5
4
3
4
8
8
6
3
5
5
4
6
8
10
11
9
11
14
13
15
16
11
10
10
7
4
5
4
-2
0
-1
1
1
2
2
1
2
0
-1
-1
-7
-6
-7
-16
-16
-18
-19
-18
-17
-15
-15
-16
-15
-13
-12
-10
-11
-11
-8
-14
-10
-12
-13
-10
-8
-5
-2
4
4
2
0
1
2
-1
-4
-3
-3
-1
4
6
9
8
4
5
11
5
11
12
9
7
3
5
0
1
-1
0
1
-2
0
3
2
4
6
9
6
7
5
4
0
-6
-6
-6
-13
-6
-3
-1
3
7
11
9
11
8
5
0
2
1
1
9
6
6
6
3
0
-2
-2
1
0
-4
-1
-2
-8
-8
-5
-5
2
2
-1
-5
-3
-7
-1
-2
-3
-2
-1
-2
-1
0
0
3
1
-2
0
4
5
12
16
19
13
18
16
11
7
4
3
1
4
7
3
5
8
4
7
9
14
8
14
16
13
12
8
-2
-5
-4
-5
-2
-8
-1
0
-1
-2
-5
-7
-8
-15
-11
-10
-12
-11
-20
-19
-18
-15
-16
-12
-8
-11
-11
-12
-14
-16
-14
-17
-17
-13
-13
-18
-18
-16
-16
-14
-12
-7
-8
-8
-11
-8
-12
-13
-11
-10
-7
-10
-5
0
-2
0
1
-1
-1
1
2
6
14
10
11
13
14
13
12
15
13
11
10
17
10
15
15
14
16
15
16
15
17
17
16
15
20
18
12
11
13
11
11
16
13
11
11
6
4
7
0
0
4
1
0
2
-1
3
9
8
7
9
10
3
-2
-3
-4
-9
-10
-9
-12
-7
-6
-7
-5
-2
-1
0
-1
-4
-2
-6
-11
-9
-14
-13
-13
-15
-10
-14
-14
-8
-4
-8
-4
-5
-6
-4
-2
-5
-6
1
-4
-4
-5
-5
-2
-2
-1
1
2
4
7
5
4
2
0
3
-2
2
5
5
5
6
4
2
5
3
3
2
-1
0
-4
-7
-6
-6
-4
-5
-5
-8
-8
-9
-11
-9
-11
-13
-17
-18
-20
-17
-18
-17
-14
-14
-12
-11
-7
-1
-3
-1
7
4
3
3
4
1
1
4
5
6
5
8
9
12
13
12
13
8
12
14
8
12
11
8
8
7
5
7
5
7
9
2
8
8
3
5
2
3
6
3
3
6
6
8
15
16
18
23
21
13
18
11
4
-1
0
-1
-3
-4
0
-2
3
8
6
9
5
6
5
-1
-2
-1
-4
-5
-11
-8
-10
-10
-7
-10
-7
-9
-12
-12
-6
-13
-14
-10
-14
-16
-15
-12
-16
-16
-16
-16
-18
-16
-15
-12
-10
-13
-11
-6
-9
-8
-9
-5
-7
-8
-3
-5
-3
1
6
8
15
14
11
9
8
4
4
8
7
8
9
10
10
11
14
16
16
18
16
15
13
13
13
11
7
9
6
-1
-1
4
1
-2
-4
-1
-5
-3
3
0
3
5
5
8
4
3
3
3
3
-2
-2
-6
-9
-16
-14
-12
-17
-12
-11
-12
-12
-12
-10
-10
-6
-4
-3
0
2
2
2
-3
-5
-6
-11
-11
-13
-12
-8
-6
-5
-2
-1
-1
-2
-1
2
-2
1
-4
-2
-6
-7
1
2
3
0
3
1
5
1
7
6
0
3
-2
-1
1
1
3
4
5
5
4
4
4
5
0
0
3
-4
-5
-4
-7
-5
0
0
0
2
5
1
0
0
1
4
7
9
8
6
6
5
4
5
8
14
14
15
17
12
12
12
10
13
14
13
7
12
10
11
14
11
18
17
15
13
15
13
6
5
3
-1
2
1
-1
-1
0
-2
-4
-5
-7
-6
-8
-9
-14
-13
-18
-20
-22
-25
-25
-28
-26
-25
-22
-24
-19
-15
-14
-12
-11
-10
-10
-9
-9
-8
-12
-15
-15
-15
-17
-12
-11
-13
-9
-8
-9
-3
-5
-1
0
3
7
9
8
10
10
7
7
11
12
11
14
11
11
12
11
10
15
13
12
16
12
10
9
12
9
13
12
6
9
6
3
6
7
7
8
12
6
3
3
0
1
-5
-5
-1
-3
-2
0
-3
0
0
0
-1
-2
-6
-12
-10
-9
-10
-13
-11
-8
-12
-8
-7
-6
-2
-3
-2
1
2
3
-1
2
-2
-5
-4
-1
-6
-3
0
-5
0
0
2
3
3
2
4
2
2
14
8
11
14
4
6
3
2
4
4
5
1
3
2
2
2
-1
1
-5
-2
-4
-3
-3
-3
-1
-3
-5
-6
-3
1
1
2
3
-2
2
0
-2
2
-5
-5
-2
-4
-5
1
-2
-1
1
-2
-1
4
3
7
8
4
2
-1
-3
-3
-8
-7
-5
-8
-7
-7
-5
-4
-1
0
0
0
3
0
-4
0
-1
1
3
-3
-3
1
-3
-3
-1
-2
-5
-3
-6
-5
-1
1
0
1
2
1
0
0
-3
-2
-1
-2
2
1
3
-3
-4
0
-2
2
3
0
-1
0
-1
4
4
5
4
4
5
2
2
3
3
5
3
1
2
2
3
0
-2
-1
1
6
7
7
8
6
3
3
6
5
8
12
9
11
9
5
4
8
3
5
8
12
10
9
10
6
4
6
3
1
0
-3
-3
-6
-4
-10
-9
-11
-14
-10
-15
-12
-7
-5
-5
0
1
1
0
-3
-4
-1
-6
-8
-9
-8
-10
-5
-5
-10
-7
-6
-6
-6
-7
-8
-14
-12
-11
-13
-7
-6
-8
-6
-3
-4
-3
-5
-9
-9
-9
-9
-10
-5
-1
1
3
1
4
2
6
6
6
7
0
1
1
5
5
6
9
9
9
10
11
7
12
9
7
9
6
4
1
0
0
3
4
8
10
16
15
15
15
13
13
8
9
4
3
3
7
1
1
1
-4
-4
-3
-2
-7
2
0
-3
-2
-2
-4
-10
-4
-7
-7
-7
-6
-3
-4
-5
-9
-10
-13
-10
-10
-12
-11
-5
-6
-6
-5
-3
-3
-4
-1
-3
1
-2
-3
-5
-4
-5
-6
-2
-3
-2
-1
-1
-2
1
3
0
5
-1
7
8
6
11
14
15
10
11
8
5
10
14
13
13
8
12
9
8
8
7
10
11
7
6
9
6
3
5
5
3
5
6
7
2
-2
-2
-7
-7
-9
-9
-9
-6
-7
-6
-6
-12
-9
-9
-11
-7
-9
-12
-4
-4
-4
-2
-1
1
-1
-6
-6
-6
-7
-5
-7
-8
-6
-7
-10
-10
-2
-6
-3
-1
-4
-1
1
2
4
3
8
4
0
0
-3
-1
-1
3
5
3
3
2
2
2
-2
0
0
0
-1
-2
0
0
-1
-5
-2
-3
-5
-3
-8
-6
-1
-4
-5
-6
-2
-8
-7
-5
-5
-4
-3
-1
-5
-5
-1
-2
-6
2
4
1
4
3
3
1
-1
-4
-5
-5
-5
-7
-7
-5
-3
0
-2
1
4
10
9
12
15
9
11
13
12
12
17
16
16
13
13
8
6
7
13
13
13
12
12
16
17
15
14
13
12
11
12
18
10
7
10
3
0
7
7
4
4
3
1
-1
-2
-4
2
0
-10
-6
-1
-5
-8
-7
-10
-12
-14
-16
-14
-14
-13
-11
-12
-12
-10
-15
-18
-19
-22
-23
-24
-21
-23
-19
-15
-14
-6
-3
-3
1
1
1
0
0
-2
-4
-1
-1
2
6
4
2
0
3
3
2
3
5
0
1
2
0
3
5
3
1
3
-4
2
1
-3
0
-1
-3
-5
-1
-3
-3
-4
-1
0
2
2
0
5
0
-1
-3
-1
-1
0
3
4
4
7
6
3
6
3
2
3
7
8
4
8
7
3
4
7
7
8
8
5
7
9
6
6
5
2
-1
0
0
-1
2
3
3
1
4
1
-1
-1
-8
-13
-13
-12
-11
-11
-10
-9
-8
-5
1
0
0
2
-2
-1
-3
-3
-2
-5
-6
-4
-3
-2
0
1
0
-1
2
3
3
6
4
5
8
5
3
5
3
2
3
-6
0
3
2
7
10
5
3
4
5
9
9
4
8
5
8
15
13
12
9
6
3
3
-3
-6
-6
-5
-3
-1
3
5
2
7
6
2
4
2
1
3
3
1
1
-2
-3
-5
-5
-7
-8
-7
-10
-14
-13
-9
-10
-10
-11
-11
-13
-14
-10
-12
-9
-14
-12
-11
-12
-11
-10
-10
-9
-14
-12
-9
-9
-8
-5
-3
2
2
2
5
11
11
13
11
9
15
10
10
10
11
7
6
5
-1
0
-1
3
6
12
9
13
15
6
8
7
5
4
3
-2
-1
-3
-6
-8
-10
-6
-10
-9
-5
-6
-6
-5
-2
-8
-5
-6
-1
-3
2
-2
-2
-4
-1
5
1
1
3
4
4
9
2
7
7
5
3
7
2
2
5
3
6
5
9
4
6
6
4
6
3
4
6
8
5
8
7
7
6
5
7
6
4
4
2
-1
1
0
0
-5
-5
-5
-10
-5
-5
-6
-11
-6
-5
-7
-3
-1
2
1
-4
-7
-9
-8
-11
-15
-13
-16
-18
-16
-12
-9
-11
-8
-7
-7
-5
-4
-7
-3
-6
-5
-2
-6
-1
1
-1
-1
-3
-2
0
4
6
4
5
0
-2
-2
0
3
3
0
-1
3
7
7
6
8
7
4
5
10
10
12
15
15
16
13
11
7
6
8
3
5
4
-2
-1
3
5
6
9
8
14
14
16
19
16
11
13
13
7
8
5
5
3
2
2
1
0
1
1
-2
-4
-2
-1
-5
-4
-7
-8
-9
-4
-4
-6
-6
-5
-11
-8
-6
-11
-8
-13
-16
-15
-18
-21
-18
-18
-20
-21
-22
-15
-13
-17
-12
-9
-16
-15
-11
-9
-5
-2
-5
-6
-10
-10
-9
-7
2
-1
0
1
-2
1
0
5
10
11
15
15
15
16
20
21
22
19
12
17
16
14
10
10
8
6
4
5
7
8
4
-1
0
7
2
3
9
9
7
3
1
-4
-1
-6
-7
-2
-7
-11
-5
-10
-12
-5
-9
-8
-6
-5
-5
-4
-5
-8
-8
-5
-2
-7
-3
-7
-7
-10
-7
-11
-12
-10
-11
-4
-7
-3
-3
-2
-1
2
7
4
3
6
5
5
9
8
8
12
15
16
19
13
12
16
10
5
12
12
7
12
18
21
20
21
20
12
13
8
10
13
10
13
13
13
9
11
7
9
7
7
4
1
2
-5
-9
-9
-13
-18
-14
-19
-16
-17
-20
-18
-16
-15
-16
-10
-12
-16
-19
-15
-21
-23
-19
-16
-13
-13
-14
-8
-8
-14
-10
-8
-14
-15
-16
-13
-9
-13
-7
-6
-7
-5
1
4
7
6
1
4
2
2
-3
-1
1
0
2
0
1
3
1
-1
-1
-5
-5
-4
3
4
9
8
6
7
10
13
8
10
6
6
1
-1
4
0
0
9
10
11
19
15
16
13
15
14
14
13
11
9
12
8
8
7
5
9
11
11
10
8
3
2
3
0
1
2
-1
3
0
3
2
3
3
3
2
-5
-4
-3
-5
-4
-6
-6
-13
-13
-11
-12
-11
-6
-5
-6
-3
-7
-10
-8
-5
-6
-5
-3
-9
-11
-7
-3
-7
-10
-11
-14
-13
-12
-8
-2
3
4
4
3
3
2
4
6
9
2
5
7
2
6
8
2
-6
-1
0
4
2
3
2
3
3
1
3
0
8
1
8
4
2
-6
-2
2
0
5
5
6
1
2
-1
-1
-6
-3
-6
-9
-14
-8
-2
-12
-9
-8
-10
-10
-12
-13
-11
-9
-9
-3
-4
-2
-4
-2
1
-1
-2
4
5
2
6
12
4
2
8
8
8
7
8
8
5
1
-3
2
4
2
9
7
8
8
10
13
14
16
14
16
11
10
4
2
2
-7
-4
3
3
7
10
12
9
2
-3
-1
-9
-9
-5
-7
-5
0
-4
-5
1
0
-1
-7
-6
-9
0
-1
-6
-4
-6
-7
-3
3
-1
5
0
-2
-2
-7
-8
-5
-5
-9
1
0
-3
0
-2
-2
-6
-2
-4
-5
-3
-3
-1
-2
2
3
2
-3
-4
-4
0
-3
-5
-2
-9
-4
-2
-1
-1
0
-1
-8
-6
-4
-9
-13
-5
-5
-5
-3
-2
-3
-2
-4
-7
-1
-4
-1
3
1
6
4
4
4
10
12
10
8
12
12
13
9
3
11
5
2
3
1
-3
-1
-2
-3
1
4
5
-1
-2
-4
-3
-3
-3
-4
1
2
6
3
0
7
1
-2
1
0
-2
-1
-1
-2
5
3
3
0
-2
-2
-6
-5
-3
-3
2
-1
-5
-7
-3
-5
-9
-8
-5
-5
-2
3
0
4
3
6
3
6
4
6
4
7
10
8
8
7
8
8
9
6
7
5
5
3
2
3
5
11
8
13
11
10
11
6
1
0
5
7
6
6
9
2
-1
-6
-9
-11
-7
-7
-12
-8
-5
-3
-12
-10
-10
-13
-15
-9
-7
-11
-7
-10
-6
-3
-4
-6
-6
-6
-11
-7
-9
-4
-5
0
0
-7
-2
-5
-3
-1
2
5
2
4
5
9
7
1
-1
-3
-9
-8
-4
-7
-8
-7
-8
-7
-12
-9
-11
-13
-11
-12
-11
-6
-7
-10
-7
-7
-5
-4
3
4
5
4
5
5
5
7
0
0
-4
-4
1
0
1
4
8
12
18
18
20
20
13
14
9
16
14
15
16
15
17
17
13
13
15
10
14
12
12
9
8
9
0
7
-1
0
-1
-3
-1
1
-4
-6
-8
-11
-11
-14
-10
-9
-12
-13
-4
-9
-5
-4
-6
-2
2
3
-3
-4
-4
-4
-4
-3
5
10
2
5
4
0
-3
-1
-4
-7
-6
-7
-2
4
7
7
8
-1
-7
-1
-1
-2
0
1
-5
-10
-7
-9
-6
-4
-2
-3
2
-3
-3
2
-3
-2
-1
-2
-7
-4
-2
-1
3
8
13
8
3
6
-3
-4
0
-3
2
1
3
-1
4
5
3
3
6
9
0
1
-9
-9
-11
-19
-12
-8
-10
-7
-2
0
-2
-1
-3
-3
-6
-10
-7
-11
-7
-11
-15
-14
-7
-8
-5
-1
3
4
3
2
0
4
3
5
10
10
12
8
10
7
6
7
6
5
5
10
5
5
8
11
12
12
9
5
5
7
10
9
6
3
1
2
-2
-3
-1
4
6
0
5
4
-4
-3
-6
-8
-6
-8
-11
-7
-4
0
-3
1
3
3
-1
-5
0
-1
-4
0
-1
-11
-8
-8
-9
0
0
1
0
5
0
-3
-3
-6
-6
-6
-3
-9
-6
-10
-8
-3
-3
-1
-7
-5
1
-2
-6
-1
-2
-4
2
8
8
8
7
6
3
5
6
4
4
2
3
5
6
10
12
12
11
8
8
10
8
6
6
6
8
4
5
8
1
-2
-4
-7
-3
-3
-2
0
-1
-2
-3
3
-6
-3
0
-5
-6
-2
-8
-7
-5
-8
-9
-7
-5
-9
-4
-2
-2
1
-3
-3
-1
3
3
3
8
9
3
-2
-2
-2
-1
3
4
1
-1
-6
-5
0
5
2
3
-2
-3
-1
-8
-2
-3
-1
-4
-1
-3
4
7
8
6
3
-3
-16
-11
-15
-12
-8
-10
-12
-11
-7
-4
-3
3
6
4
2
-1
1
0
6
11
9
7
4
0
-2
-4
-7
-7
-5
-6
-2
-10
-8
-7
-2
-3
1
8
6
6
2
6
-2
-4
-3
-3
-6
-4
-8
-6
-2
-3
3
3
5
8
8
3
9
7
5
10
16
14
14
18
10
10
6
4
4
1
2
3
3
5
2
5
6
-2
4
11
10
5
10
7
2
5
8
4
-2
-4
-5
-2
4
11
12
11
7
3
-2
-4
-5
-5
-8
-11
-8
-7
-6
-1
-2
-2
-1
-4
-6
-5
-6
-6
-2
3
0
-1
0
-4
-2
-6
-7
-4
-4
-5
0
0
-8
-6
-8
-11
-2
1
-7
-3
1
-9
-5
-4
-9
-10
-9
-10
-13
-5
-4
-2
-1
4
5
7
11
8
7
9
6
1
0
2
-5
-8
-2
-5
-2
0
-3
-7
-4
-9
-10
-8
-6
-7
-5
-3
1
-2
-6
-4
-8
-6
-8
-10
-12
-11
-11
-10
-9
-6
-12
-9
-1
0
9
12
3
4
5
-2
-1
1
0
4
9
10
13
10
9
8
11
6
3
5
11
7
8
13
14
12
11
12
11
12
11
9
14
21
21
22
24
27
24
22
13
12
7
6
10
5
8
5
3
-4
-6
-6
-3
-2
-3
1
0
-1
-9
-11
-9
-18
-13
-13
-16
-10
-12
-11
-10
-10
-11
-8
-9
-7
-7
-4
-8
-10
-6
-7
-1
-10
-9
-9
-9
-3
-10
-6
-5
-6
-4
-6
-5
-6
0
2
4
3
8
5
2
-2
-7
0
-1
0
-2
0
1
1
4
3
3
-1
-4
3
0
5
11
10
12
12
5
9
6
4
0
1
0
-1
-3
-1
-4
-1
-5
-9
-6
-1
1
1
6
3
1
-1
-3
-9
-6
-6
-12
-14
-16
-16
-17
-18
-15
-7
-12
-11
-9
-17
-7
-4
-10
-6
-7
-6
-1
7
7
10
6
5
3
4
6
7
8
10
6
4
7
7
8
7
12
16
16
10
19
20
21
19
23
27
22
27
23
22
17
11
11
12
4
8
3
5
1
1
5
-1
1
-1
-3
-3
-3
-4
-4
-5
-3
-6
-9
-11
-16
-9
-12
-15
-12
-10
-10
-9
-4
-10
-12
-11
-8
-8
-4
-4
-4
0
-6
-7
-9
-8
-11
-13
-13
-10
-10
-12
-13
-15
-6
-9
-9
-13
-11
-11
-14
-13
-8
-6
-4
7
0
-2
-2
-2
-1
4
7
7
8
6
4
4
7
2
2
9
10
7
11
14
9
13
17
15
10
15
13
13
20
20
20
18
18
13
4
8
2
5
0
3
0
4
2
-5
3
3
3
2
0
-2
-3
-5
-9
-8
-7
-8
-7
-2
0
-6
-6
-6
-3
-5
0
0
-7
-9
-5
-8
-8
-5
-4
-4
-1
7
3
-3
3
10
-1
1
7
6
7
4
10
9
4
5
7
-2
-3
3
-7
-12
-12
-9
-7
-2
0
0
3
0
3
-2
-13
-18
-15
-20
-19
-16
-11
-12
-19
-18
-20
-19
-16
-19
-21
-10
-13
-9
-7
1
0
-1
-1
-5
0
3
4
5
11
11
9
8
10
9
11
8
11
20
16
16
11
16
14
5
12
12
2
5
7
7
11
8
11
7
14
13
6
9
3
6
4
6
4
4
3
-4
3
0
1
5
-3
-2
1
2
9
12
2
5
3
0
3
7
10
7
10
3
1
2
-1
-4
-1
-1
-7
1
5
6
3
3
0
-8
-8
-9
-5
-10
-10
-6
-9
-14
-17
-15
-16
-8
-11
-12
-11
-9
-12
-9
-6
-5
-5
-8
3
2
-1
0
7
2
3
-1
2
3
-7
-12
-12
-11
-11
-12
-6
0
-2
3
0
-4
-3
-4
-4
-2
4
-2
-2
-3
-14
-12
-12
-10
0
-1
1
2
-4
-4
-5
-2
-3
-4
0
1
-2
3
5
7
6
7
10
13
9
9
10
7
9
6
6
5
2
2
4
8
9
13
13
17
15
7
3
3
1
3
6
4
11
4
4
5
4
3
1
-1
5
-2
-5
1
-7
-4
-6
1
2
2
5
-2
0
5
-1
-3
-4
-2
-9
-9
-7
-5
2
8
10
3
10
-1
7
-3
-2
-5
-8
2
8
0
2
10
2
6
4
5
6
14
9
5
1
-4
-7
-12
-4
-10
-12
-6
-8
1
10
15
17
14
3
4
-6
-6
-6
-8
-5
-4
-7
-2
-2
-10
-6
-11
-15
-12
-3
-9
-10
-11
-8
-4
-8
-4
0
0
-5
-12
-10
-8
-11
-5
-7
-11
-14
-16
-12
-12
-7
-7
-3
1
3
5
5
4
-3
-2
-1
-3
-1
-2
0
4
0
0
2
-2
-4
5
5
8
8
7
1
1
-1
-4
0
2
-2
-1
3
1
-1
0
2
2
3
2
4
1
1
5
2
8
9
5
6
6
6
13
22
20
15
6
6
8
7
10
12
14
4
5
11
11
9
8
8
7
10
16
20
14
13
11
4
-2
4
3
-2
1
-1
-6
-11
-11
-12
-15
-14
-14
-14
-12
-11
-7
-8
0
-4
-1
0
-1
-1
-6
-8
-11
-4
-5
-12
-9
-8
-8
-5
-1
2
11
9
3
6
3
1
-1
11
8
7
3
0
-6
-9
-7
-4
-7
-8
-5
-3
0
-1
0
1
3
4
2
6
5
-4
-10
-10
-14
-17
-16
-16
-12
-7
-8
-7
-4
-7
-2
0
5
9
14
10
1
8
2
2
3
0
-4
-5
-4
-2
1
-1
5
4
2
4
6
3
2
11
6
7
7
7
8
7
2
-3
-3
-4
-4
-3
4
1
-7
-12
-3
-5
-2
-5
-3
0
-4
-8
-5
-3
-5
-4
-1
4
-4
-5
-8
-7
-11
-5
-2
-3
-2
-3
-5
-6
-1
-2
6
8
6
1
3
3
2
5
4
6
-1
1
2
0
4
1
-3
-1
-5
-5
1
1
9
10
5
5
7
0
3
12
7
9
2
3
9
8
6
3
6
3
-1
4
1
2
6
6
12
8
13
9
7
9
7
12
11
11
10
-2
3
6
5
3
-4
1
-1
-2
1
3
2
0
0
-2
6
-1
1
2
-1
-1
-7
-4
-6
-9
-13
-11
-4
-5
-8
-1
-4
-12
-7
-7
-15
-12
-8
-15
-17
-11
-9
-10
-12
-9
-9
-6
-4
2
2
5
3
-4
-7
-4
-5
-8
-3
-9
-4
2
-1
5
5
4
8
5
6
5
4
6
11
2
-4
0
-4
-7
-4
2
-1
-3
-5
-7
-5
-9
0
3
1
2
-4
3
4
-3
3
0
1
3
-1
0
5
3
0
-4
-2
-2
-3
-2
4
8
4
-1
0
0
0
6
-2
-1
-7
-7
-9
-9
-3
-3
-3
-2
-3
-7
-7
1
-1
-3
-6
-6
-7
-2
7
0
5
6
2
-1
2
2
-3
1
1
-2
0
4
6
4
1
4
-2
6
8
10
14
8
10
13
15
13
9
10
13
13
19
20
22
15
13
15
14
13
6
11
11
11
12
20
11
12
13
3
-2
2
3
0
5
4
-4
-9
-9
-8
-7
-9
-6
-12
-16
-17
-10
-14
-7
-8
-2
1
-3
-6
-9
-12
-18
-5
-5
-2
-5
-10
-15
-12
-17
-16
-10
-15
-12
-4
-9
-7
-6
-12
-12
-7
-4
-12
-12
-6
-10
-5
2
6
3
0
-1
4
4
8
13
13
14
3
1
-1
1
3
9
10
3
4
3
0
-3
-1
2
0
-2
3
0
-8
-5
2
-3
-4
-4
-5
-7
-9
-7
-11
-6
-14
-11
-3
-3
-6
-4
7
-1
-7
-2
-8
-9
-5
-4
-2
0
-1
4
6
9
8
4
10
3
-2
1
1
-7
-6
-1
-4
-2
7
2
6
8
6
3
10
13
9
3
7
8
0
8
6
7
6
3
2
7
5
6
0
-1
9
2
3
8
8
6
15
12
6
5
12
5
0
2
-3
8
7
2
8
5
3
7
3
8
5
3
6
5
12
8
3
1
1
-1
-2
-4
-10
-6
-7
-4
3
-6
-3
-13
-16
-15
-6
-9
-6
0
-7
-4
-3
-8
-2
0
-3
2
7
4
-4
-2
-6
-3
10
13
13
12
10
6
10
6
5
11
12
13
12
11
7
6
9
9
14
13
11
7
6
4
3
1
1
0
2
-1
-8
-7
-19
-20
-15
-23
-24
-24
-22
-29
-29
-27
-24
-15
-23
-27
-22
-22
-21
-15
-17
-23
-30
-35
-34
-35
-30
-35
-29
-23
-18
-18
-17
-24
-22
-20
-19
-13
-10
-9
-8
-5
-9
-9
-6
-2
6
7
10
10
13
25
33
33
35
40
46
47
51
55
50
48
43
57
60
57
56
59
66
53
51
60
55
50
55
52
56
45
40
37
29
24
17
14
11
10
10
-2
-6
-7
-20
-24
-27
-33
-39
-41
-48
-59
-57
-63
-72
-72
-72
-69
-78
-79
-79
-80
-80
-78
-79
-81
-83
-83
-79
-73
-76
-77
-73
-67
-57
-55
-52
-41
-36
-20
-16
-7
1
-1
4
10
12
24
35
45
53
55
53
56
55
60
77
82
92
99
112
114
122
125
130
138
155
150
160
153
133
143
141
145
144
140
124
117
104
98
77
64
59
43
33
25
17
-3
-21
-43
-62
-78
-97
-108
-129
-142
-145
-156
-159
-177
-192
-196
-199
-193
-186
-177
-183
-175
-189
-193
-192
-192
-192
-188
-181
-181
-170
-174
-167
-164
-150
-141
-125
-111
-91
-82
-72
-57
-46
-35
-19
2
19
32
58
77
94
109
114
128
142
165
176
199
201
199
202
206
212
219
230
240
255
267
280
304
317
317
303
279
267
267
271
271
256
217
203
180
161
155
132
109
69
64
63
61
33
-3
-51
-112
-133
-149
-166
-161
-171
-195
-222
-248
-259
-271
-271
-285
-276
-272
-257
-259
-272
-292
-325
-337
-324
-311
-295
-279
-281
-279
-279
-288
-297
-283
-279
-262
-238
-230
-214
-202
-206
-196
-168
-150
-111
-71
-18
-1
24
45
52
76
97
138
152
168
186
210
233
239
254
251
260
267
306
325
316
306
308
315
293
312
318
310
305
298
334
385
382
367
341
328
329
337
357
364
323
260
257
252
237
213
171
122
110
118
143
148
100
50
-13
-85
-134
-167
-184
-208
-246
-267
-292
-328
-356
-392
-422
-444
-417
-392
-395
-389
-416
-455
-502
-503
-499
-466
-450
-443
-403
-418
-438
-445
-440
-456
-441
-412
-374
-331
-329
-308
-318
-316
-312
-254
-215
-153
-112
-82
-53
-40
-15
9
71
121
166
201
236
257
295
336
350
381
382
408
441
474
487
478
497
471
475
484
484
483
496
487
504
523
579
597
631
628
587
594
586
589
574
583
549
515
486
480
464
402
328
278
291
311
315
300
221
111
-49
-136
-231
-283
-333
-376
-408
-460
-501
-557
-647
-707
-735
-751
-723
-700
-686
-697
-763
-825
-858
-857
-859
-841
-823
-766
-705
-683
-693
-737
-750
-755
-745
-680
-635
-634
-607
-590
-583
-550
-521
-472
-405
-284
-147
-128
-89
-41
-28
-33
23
141
214
299
366
429
458
435
481
534
600
659
729
747
792
793
792
786
739
703
711
730
742
778
714
681
698
762
858
943
975
957
929
944
962
949
950
869
866
817
780
813
748
661
585
536
557
600
601
512
358
108
-82
-245
-314
-418
-478
-511
-576
-727
-829
-915
-1086
-1148
-1135
-1112
-1069
-1057
-1063
-1141
-1189
-1236
-1232
-1264
-1226
-1179
-1165
-1129
-1109
-1159
-1227
-1285
-1367
-1333
-1287
-1206
-1150
-1107
-1070
-1057
-1091
-1080
-978
-850
-676
-520
-424
-391
-297
-249
-168
-40
122
242
354
504
621
714
743
775
837
930
991
1141
1238
1236
1266
1223
1194
1242
1247
1286
1315
1354
1363
1395
1357
1348
1306
1334
1521
1705
1742
1671
1610
1524
1512
1519
1577
1502
1416
1357
1364
1408
1310
1159
962
834
863
890
869
779
543
175
-306
-556
-728
-820
-942
-1042
-1100
-1305
-1479
-1511
-1640
-1880
-2000
-1953
-1871
-1780
-1707
-1768
-1873
-2067
-2128
-2113
-2136
-2079
-1939
-1980
-2007
-2039
-2120
-2212
-2255
-2183
-2124
-2042
-1890
-1737
-1690
-1612
-1582
-1508
-1403
-1327
-1078
-790
-639
-471
-343
-225
-160
34
281
457
645
824
1037
1131
1280
1336
1445
1521
1689
1825
1965
2037
2066
2091
2027
2105
2097
2030
2080
2115
2158
2110
2020
1967
2047
2346
2501
2565
2615
2436
2291
2370
2361
2410
2305
2244
2099
2073
2118
1916
1661
1333
1191
1183
1307
1303
1172
812
286
-243
-684
-885
-1157
-1300
-1425
-1582
-1830
-2054
-2189
-2501
-2703
-2770
-2673
-2796
-2554
-2338
-2478
-2565
-2644
-2786
-2812
-2795
-2730
-2476
-2440
-2410
-2393
-2593
-2758
-2815
-2740
-2657
-2488
-2253
-2057
-2055
-2083
-2027
-2016
-1980
-1739
-1398
-1132
-938
-731
-466
-420
-321
-108
56
327
547
784
922
1025
1155
1258
1342
1430
1676
1893
2152
2299
2465
2424
2271
2230
2254
2161
2130
2170
2258
2294
2171
2124
2049
2040
2410
2828
2907
2777
2642
2607
2685
2783
2814
2590
2350
2239
2322
2430
2270
2124
1692
1289
1284
1604
1647
1536
1210
650
24
-501
-764
-892
-975
-1229
-1459
-1666
-2021
-2259
-2414
-2586
-2756
-2682
-2432
-2260
-2283
-2374
-2485
-2827
-2952
-2810
-2817
-2748
-2610
-2608
-2703
-2787
-2877
-2967
-3009
-3006
-2923
-2820
-2802
-2626
-2508
-2504
-2495
-2499
-2312
-2173
-1874
-1463
-1220
-1081
-1010
-768
-590
-482
-281
46
348
416
758
981
1183
1303
1462
1667
1788
2032
2291
2451
2292
2346
2331
2323
2373
2502
2528
2531
2491
2551
2564
2413
2557
2959
3313
3175
3225
3071
3029
3006
3139
3312
3039
2748
2694
2681
2774
2845
2564
2066
1834
1746
1887
2023
1985
1627
922
241
-395
-644
-918
-1204
-1306
-1260
-1529
-1787
-2014
-2370
-2662
-2873
-2745
-2639
-2522
-2332
-2408
-2666
-2787
-2913
-3113
-3123
-2964
-2932
-2766
-2606
-2800
-2834
-3101
-3319
-3282
-3135
-2991
-2882
-2691
-2548
-2609
-2768
-2759
-2610
-2363
-2042
-1676
-1289
-1182
-1056
-904
-774
-661
-429
-173
194
462
788
1041
1064
1146
1186
1434
1651
1986
2235
2333
2333
2248
2279
2213
2197
2182
2206
2319
2350
2482
2516
2386
2572
3008
3164
3093
3064
2906
2716
3037
3335
3272
2991
2710
2448
2572
2852
2876
2610
2131
1905
1988
2090
2155
2101
1654
869
129
-224
-549
-705
-953
-1060
-1216
-1369
-1645
-1942
-2281
-2616
-2665
-2516
-2285
-2249
-2075
-2145
-2486
-2728
-2767
-2688
-2871
-2805
-2610
-2414
-2289
-2401
-2575
-2809
-3140
-3199
-3025
-2802
-2669
-2493
-2551
-2649
-2744
-2765
-2689
-2530
-2100
-1673
-1468
-1337
-1200
-1267
-1141
-936
-636
-312
-98
154
455
598
620
789
901
942
1247
1616
1814
1940
2020
2109
2000
1872
1769
1863
1946
2026
2127
2145
2077
2084
2478
2789
2899
2882
2925
2779
2753
3032
3369
3245
3009
2824
2747
2994
3051
3028
2857
2572
2564
2655
2793
2808
2531
2006
1347
709
344
69
-239
-445
-524
-806
-974
-1124
-1418
-1849
-2212
-2318
-2156
-1937
-1883
-1745
-1876
-2154
-2376
-2416
-2315
-2376
-2377
-2340
-2294
-2261
-2260
-2394
-2646
-2867
-3158
-3089
-3113
-2943
-2791
-2675
-2856
-2994
-2980
-3060
-2958
-2756
-2495
-2242
-2067
-1941
-1812
-1691
-1608
-1336
-1151
-1039
-711
-410
-165
35
312
409
437
666
983
1207
1249
1473
1536
1407
1464
1565
1542
1528
1574
1689
1820
1844
1750
2157
2706
2923
2911
2926
2758
2653
3051
3567
3585
3300
3201
3102
3277
3705
3776
3460
3146
2965
3147
3534
3653
3353
2898
2224
1446
860
548
405
109
112
110
-132
-538
-906
-1152
-1636
-1927
-1807
-1621
-1592
-1540
-1630
-2109
-2446
-2553
-2461
-2433
-2468
-2422
-2497
-2575
-2542
-2541
-2725
-3108
-3306
-3377
-3478
-3319
-3073
-3013
-3164
-3236
-3398
-3438
-3498
-3382
-2921
-2765
-2637
-2332
-2186
-2088
-1941
-1822
-1547
-1326
-1079
-616
-250
100
131
274
336
384
578
947
1233
1300
1453
1473
1509
1604
1595
1558
1574
1681
1927
2024
2121
2669
3360
3231
2937
3167
3142
2985
3454
3978
4201
3972
3793
3683
3819
3965
3648
3385
3147
3215
3417
3786
3805
3585
3061
2072
1007
518
531
641
531
493
325
-29
-596
-1144
-1618
-2129
-2263
-1654
-1202
-1130
-1233
-1602
-2319
-2873
-2926
-2812
-2929
-2825
-2587
-2417
-2720
-3106
-3386
-3401
-3520
-3569
-3765
-3680
-3271
-3143
-3272
-3654
-3931
-4009
-3866
-3681
-3172
-2607
-2583
-2982
-3064
-2487
-2066
-1948
-1496
-985
-894
-892
-666
-393
-258
-49
321
464
713
928
1019
1062
1128
1331
1695
1795
1547
1436
1611
1601
1441
2326
4692
7010
6575
4034
3023
3732
3099
1466
1802
3150
3412
3271
3810
3601
1777
-446
-1008
41
1677
3708
5520
5749
4250
2556
1130
-633
-1315
-38
1742
2578
2641
1789
-315
-2691
-3811
-3486
-2662
-1348
448
1406
738
-573
-1856
-3181
-3731
-2650
-846
9
-186
-825
-1825
-3449
-4516
-4270
-3588
-2893
-2181
-1559
-1758
-2679
-3663
-4034
-4080
-3429
-2221
-1270
-1033
-1391
-2087
-2963
-3605
-3347
-2423
-1391
-631
-534
-969
-1645
-1954
-1931
-1636
-1089
-290
419
568
276
-344
-784
-682
-9
644
936
1027
1099
799
314
337
357
395
1797
5301
8107
7053
3750
2000
2060
1750
1255
2306
3514
2840
1997
2346
2082
308
-839
-362
806
2617
4708
5999
5609
3968
2156
855
-185
-209
578
1526
1814
1165
-340
-2380
-3689
-4007
-3338
-1797
-132
849
647
-174
-854
-1292
-1218
-441
522
681
308
-303
-1280
-2528
-3297
-3424
-2966
-2411
-2104
-2510
-3349
-3933
-4121
-3704
-2588
-1459
-835
-620
-929
-1627
-2157
-2267
-1913
-1545
-1362
-1478
-1838
-2389
-2884
-3104
-2914
-2081
-1244
-547
-489
-922
-1556
-1185
-244
192
448
790
1006
404
-290
-432
-30
466
799
1249
1474
713
132
2334
6513
7893
5117
2585
2910
2639
1062
942
2325
2177
1520
2397
3206
2140
494
-525
-240
1253
3385
5676
6849
5732
3090
898
-453
-1663
-1531
270
1672
1458
260
-1542
-3788
-4822
-4231
-2209
-22
1610
1731
889
-168
-855
-1072
-461
661
1789
1777
286
-1589
-3233
-4463
-4593
-3563
-2407
-2052
-2411
-3464
-3961
-4073
-3802
-2693
-910
83
342
441
-258
-1556
-2108
-1821
-1705
-1871
-1602
-1589
-2098
-2857
-3461
-3283
-2762
-2052
-906
-126
-503
-1304
-1381
-741
16
507
923
957
732
436
-242
-750
-501
135
514
770
691
-200
329
4099
8096
7742
3992
1977
2435
2102
1151
1815
2895
2293
1520
2257
2922
1576
-468
-1001
421
2701
4576
6136
6195
3893
1052
-481
-1399
-1673
-847
799
1629
829
-1084
-3203
-4445
-4140
-2717
-652
1181
1840
1101
12
-571
-422
-176
497
1509
2076
1069
-1279
-3344
-4585
-4995
-4527
-3346
-2382
-2561
-3456
-4133
-4072
-3396
-2309
-518
852
747
326
-41
-873
-1247
-827
-631
-1061
-1547
-1847
-2438
-2836
-2901
-2636
-2378
-1863
-1086
-556
-791
-1397
-1300
-216
952
1198
869
759
617
216
-238
-201
167
159
-58
-392
-229
-150
-204
2489
7663
9570
5662
1789
1607
1653
656
1346
3076
3117
2265
2141
2218
1240
-722
-1910
-422
2574
4601
5968
6312
3866
353
-1255
-1581
-1945
-1160
762
1652
880
-1036
-3462
-4973
-4403
-2567
-650
1133
2010
1210
-132
-534
-421
-88
639
1567
2056
1449
-623
-3101
-4778
-4793
-4375
-3651
-2680
-2597
-3446
-4027
-3749
-3665
-2709
-822
392
529
370
101
-510
-703
-535
-603
-1276
-1733
-2403
-2776
-2660
-2324
-2016
-1644
-1354
-1299
-1060
-926
-1547
-1400
80
1399
1384
1218
1391
1015
141
183
910
830
-133
-593
-357
-398
-657
-637
710
4915
9594
8345
2584
343
1433
1040
745
3084
4396
3117
1857
1142
738
221
-1250
-1281
1942
4665
5172
5519
4463
666
-1965
-1623
-1309
-1252
-144
824
421
-1257
-3181
-4879
-4659
-2788
-950
503
1522
1030
-339
-651
92
714
1135
1673
1926
1430
-257
-2342
-3350
-3501
-3746
-3552
-2675
-2582
-3503
-4173
-3686
-2775
-2155
-1151
442
934
278
-233
-319
-318
-9
509
11
-1184
-2433
-3306
-3388
-2567
-1539
-1140
-963
-1169
-1464
-1622
-1799
-1610
-371
1270
1998
1491
638
73
-190
-93
208
131
-118
-345
-630
-996
-1452
-773
3332
8708
9225
4165
399
599
868
567
2102
4157
3810
2256
1208
772
-175
-1621
-2033
648
4406
6307
6676
5559
1967
-1666
-2284
-1273
-525
331
918
289
-1103
-2787
-4731
-5164
-3328
-769
892
1632
1072
-550
-1442
-606
1140
2349
2603
2504
1908
277
-2070
-3665
-3510
-2641
-2327
-2453
-2688
-3606
-4649
-4406
-3159
-2119
-1277
-302
336
228
-115
-433
-312
318
908
867
-233
-1996
-3331
-3711
-3234
-2473
-1460
-676
-886
-1706
-2384
-2738
-2517
-1190
779
1840
1789
965
-315
-671
68
250
147
674
799
-136
-614
-1232
-2574
-969
5054
9854
8437
3147
-178
-163
495
728
2276
4257
3936
2078
1184
680
-497
-1642
-663
2216
5302
7223
6880
4395
714
-1869
-2081
-999
52
895
729
-587
-2458
-4008
-4705
-4136
-2311
15
1530
1669
583
-826
-1470
-167
1675
2639
2792
2392
1368
-247
-2261
-3499
-3181
-2820
-3070
-3182
-3343
-4283
-5012
-4286
-2939
-1857
-894
151
405
89
-142
67
304
378
475
376
-801
-2847
-3957
-3694
-3085
-2460
-1440
-735
-1194
-2055
-2347
-2324
-1504
294
1547
1716
1714
1326
-307
-1208
-435
328
473
1086
1657
548
-1352
-2717
-2030
2818
9094
9531
4029
112
164
248
287
2168
3947
3742
2661
1696
910
-104
-1678
-2102
1062
5248
7094
7234
5940
1883
-2113
-2400
-844
-250
361
1212
500
-1539
-3788
-5202
-4850
-3003
-1234
424
1775
1350
-769
-1710
-684
620
1794
2915
3201
1885
372
-1066
-2424
-3215
-3375
-3292
-3192
-3290
-4043
-4943
-4842
-3760
-2521
-1070
175
487
74
-283
-247
135
744
1163
499
-1000
-2661
-3809
-3847
-2874
-1958
-1896
-1771
-1490
-1961
-2849
-2684
-1243
54
633
1137
1727
1432
294
-470
-482
-198
380
1100
1497
1325
82
-1534
-233
5449
9419
6332
644
-947
642
1006
826
2137
3404
3100
2329
2013
1485
-176
-2181
-1041
3274
6802
7910
7267
4612
395
-1870
-1523
-602
283
1138
1046
-450
-2513
-4858
-6117
-4508
-1294
555
925
879
-60
-1425
-1580
38
1632
2446
3013
3141
1789
-899
-2780
-2771
-2126
-2448
-2924
-3046
-3861
-5313
-5681
-4727
-3371
-1877
-485
482
417
-73
-263
-49
725
1360
1078
175
-971
-2480
-3651
-3828
-3490
-2952
-2308
-1783
-1573
-1974
-2999
-3194
-1482
573
1379
1452
1570
1161
529
264
91
-288
-377
884
2529
2621
-16
-2071
1715
8519
8862
2219
-1678
-264
563
-103
1272
2841
2017
1066
2049
3371
2807
-217
-2495
-108
4761
7668
7907
6578
3088
-652
-1771
-1257
-1195
-752
394
426
-1001
-3139
-5598
-6151
-3343
-31
1301
1549
1411
-158
-1590
-1139
416
1358
1964
2652
2859
1662
-1190
-3551
-3570
-2508
-2285
-2545
-2659
-3457
-5000
-5558
-4552
-3170
-1746
-63
939
1032
526
-177
-369
848
1994
1083
-677
-1625
-2297
-3154
-3613
-3361
-2947
-2406
-1778
-1528
-1914
-2276
-2231
-1384
225
1751
1862
564
285
1126
758
-364
-66
670
876
1520
1608
460
2100
7176
8357
3048
-1152
-298
1136
792
976
2096
2042
963
696
2188
3402
1210
-1994
-816
3651
6487
7343
6831
3929
139
-999
-407
-488
-389
24
-519
-1499
-2758
-5027
-6190
-4028
-584
1338
1623
731
-894
-1786
-1217
426
1803
2126
1518
1253
1715
651
-2312
-3704
-2664
-2099
-2369
-2616
-3423
-4833
-5171
-4444
-3695
-2707
-1329
-193
575
1245
987
385
931
1992
1740
335
-962
-1949
-2413
-2563
-2649
-2897
-2832
-2597
-2611
-2307
-1756
-1547
-1053
264
1007
956
640
475
551
855
720
182
442
1084
1012
349
362
2665
7781
9974
4563
-1761
-1627
485
-127
176
2429
2654
864
-109
525
1704
1170
-1096
-933
3226
6780
7375
6355
3653
-46
-1620
-887
-142
616
1180
-68
-2410
-4040
-5590
-6713
-4891
-814
2070
2429
1351
-540
-2165
-2249
-441
1843
2965
2585
1551
827
-46
-1616
-3074
-2899
-1907
-2248
-3470
-3924
-4462
-5236
-4573
-2992
-2041
-1761
-1024
-418
533
1383
1347
1402
2504
2576
697
-720
-1424
-2363
-2745
-2295
-2218
-2523
-2433
-2993
-3593
-2775
-1148
-191
897
2434
2162
292
-723
-48
601
1049
1469
1039
846
1072
162
-556
3165
9219
9761
3998
-867
-389
1130
378
-181
1579
2422
1083
430
1597
1679
-780
-2741
-1098
3059
6619
7951
6684
2944
-824
-2122
-1310
-634
-29
1027
1034
-1106
-4132
-6414
-6934
-5167
-1687
1670
3013
1883
-815
-2434
-1629
-294
636
1605
2316
2033
1091
53
-1362
-2780
-2935
-2116
-2013
-2762
-3755
-4391
-4561
-4058
-3264
-2317
-1123
-354
-656
-535
98
501
1516
3207
3106
875
-1201
-1881
-1956
-1674
-1496
-1861
-2142
-2102
-2524
-3459
-3326
-2224
-760
590
1788
2186
1244
-164
-667
-388
-100
443
1663
2557
1258
-723
542
5699
9372
7254
2098
-49
470
663
564
1775
2367
974
-208
614
1907
1229
-1354
-2566
239
4587
7021
7186
5456
1608
-1735
-2070
-638
-120
-190
-25
-19
-1660
-4749
-6913
-6281
-3580
-815
1445
2813
1645
-1389
-2929
-1139
1253
1923
1769
1692
1051
-303
-1425
-1655
-1376
-1386
-1598
-1628
-2250
-3894
-4841
-4355
-3102
-1907
-938
-481
-401
-511
-885
-899
-93
1710
3390
3176
933
-1440
-2399
-2142
-1537
-949
-557
-533
-1034
-2171
-3280
-3674
-2588
-382
1596
2238
1783
971
465
-50
-385
-231
68
259
716
828
-136
226
4954
9447
7685
2251
-145
445
609
716
2052
2982
1817
508
670
1477
424
-2537
-3392
386
5312
7622
7312
4660
206
-2664
-2536
-1036
66
661
546
-582
-2673
-5637
-7748
-6316
-2184
1058
2008
1671
418
-1627
-2743
-1540
737
2274
2517
1921
891
-948
-2899
-2983
-1246
-211
-1144
-1895
-2326
-3640
-4719
-4102
-2901
-1945
-747
256
366
-233
-1234
-1754
-634
1374
2502
2182
844
-976
-2720
-3134
-2122
-1014
-171
248
173
-989
-2752
-3600
-2859
-916
1837
3510
2648
982
-67
-888
-1071
-197
1000
1453
1798
1127
-1128
-928
4518
9363
7460
2388
650
1750
1441
586
1641
2807
1539
98
1457
3271
1385
-2702
-3676
-103
4423
7163
7693
5635
1142
-2507
-2846
-1587
-912
-230
706
519
-1918
-5583
-8028
-7070
-3233
889
3217
3077
761
-2172
-3200
-1728
141
1355
2429
2770
1585
-630
-2525
-3420
-3171
-2355
-1627
-1229
-1518
-3078
-4480
-4233
-3005
-1862
-702
551
1095
306
-1096
-1586
-615
1070
2104
1696
197
-1589
-3192
-3907
-3048
-1359
-283
197
264
-673
-2328
-3462
-3020
-840
2323
3768
2798
1089
118
-445
-838
-404
383
1167
1895
1472
299
2013
6414
7869
4154
987
1643
2360
1270
1176
2317
1997
840
1067
2568
2547
-121
-3041
-2866
952
5552
8316
8064
4534
-494
-3289
-2996
-2021
-957
735
1839
454
-3194
-7065
-8862
-7139
-2666
1987
4603
3911
383
-2706
-3000
-1622
-239
1201
2984
3717
2151
-685
-2998
-3965
-3814
-2458
-1465
-1306
-2241
-3287
-4592
-4187
-2981
-1331
187
2010
2268
747
-914
-1932
-1305
1013
2933
1916
-56
-2114
-3944
-5175
-4118
-2460
-771
552
1028
-359
-2474
-3651
-3127
-730
2018
3367
2863
2056
1304
-41
-1262
-744
807
1651
1881
1825
2187
4815
6974
3955
-702
-89
2797
2244
995
2535
3352
1802
1082
2144
2892
1987
-445
-2091
-336
3425
6147
7136
6382
2969
-908
-2623
-2700
-2558
-1397
604
1380
-408
-4107
-7649
-8180
-5182
-1164
2377
4542
4038
782
-2240
-2775
-1347
-97
1359
2992
2958
1021
-1475
-3037
-4001
-4208
-3307
-1855
-800
-1170
-3079
-4489
-3954
-2508
-1048
778
2307
2557
1356
-433
-1433
-667
770
1295
813
-433
-1752
-3431
-4688
-4717
-3323
-1251
480
983
12
-1489
-2712
-2246
-28
2136
2713
2016
958
113
-527
-1027
-1102
-529
769
2675
5829
8794
7330
1005
-3440
-1761
991
1107
1443
3516
3821
2030
969
1522
1422
-65
-1204
-463
2262
5177
6367
5526
3505
1260
-779
-1928
-1585
-517
125
86
-91
-1080
-3936
-7379
-8126
-5488
-1447
1797
3536
3438
1383
-1200
-2314
-1630
-132
1455
2978
3361
1598
-1187
-2962
-3434
-3220
-2460
-1810
-1554
-1387
-1776
-2946
-3754
-3228
-1865
-502
1061
2646
2896
1372
-538
-1029
21
400
153
552
627
-1164
-3839
-5272
-4611
-2782
-884
273
433
-299
-1781
-2473
-1386
385
1015
1075
1482
1594
575
-600
-584
-189
-276
411
3588
7736
8419
3765
-1570
-2402
-287
472
459
2106
3723
2747
1514
1764
1707
568
-276
-324
1081
3854
5956
5947
4446
2419
410
-1331
-2210
-1729
-462
90
-132
-481
-1863
-4566
-6510
-6346
-4456
-1679
1699
3962
3550
1207
-996
-1742
-1665
-678
1263
2808
2725
1443
54
-1251
-2911
-4316
-4068
-2389
-915
-549
-1261
-2544
-3308
-2837
-1872
-1165
224
2351
3075
1746
521
209
-438
-1018
-368
767
402
-1913
-3953
-4468
-3536
-2361
-1279
-629
-656
-1171
-1400
-962
41
610
825
1264
1623
991
-639
-1825
-1606
-736
-30
1355
4612
8359
7622
2169
-2215
-1758
-217
-286
508
3305
4852
3964
2576
1685
474
-1249
-2325
-1137
2327
6054
7421
5814
2860
356
-1949
-3626
-3334
-1121
1158
1971
1343
-675
-3832
-6623
-7247
-5352
-2135
1000
3246
3772
2092
-677
-2703
-3292
-2406
-270
2455
3752
2928
830
-836
-1918
-2937
-3717
-3378
-1649
154
176
-1602
-3197
-3569
-2984
-2085
-471
1603
2720
2082
967
697
439
-367
-780
254
1258
326
-1969
-3538
-3357
-2254
-1235
-540
-412
-586
-906
-1146
-697
564
1476
1185
638
776
793
-164
-614
-74
-323
-1494
-778
2545
5375
5243
2705
271
-355
121
596
1422
2677
3734
3868
3738
3393
2213
338
-1427
-1552
482
3541
5523
5268
3459
1027
-1365
-2981
-3680
-3547
-2164
54
1299
725
-1444
-4060
-5742
-5087
-2687
-129
1523
2524
2336
871
-808
-2130
-2934
-2371
-29
2417
2985
1706
327
-575
-1609
-2689
-2856
-1757
-307
440
281
-686
-1693
-2252
-1763
-532
751
1406
1368
944
577
244
-413
-844
-564
-128
-599
-1532
-2024
-1980
-1400
-662
-403
-883
-1506
-1217
-540
-367
-152
126
-112
-442
-355
-231
-720
-1189
-949
-658
-784
-972
-1218
-1306
-458
962
1216
446
326
1216
2084
2729
3158
3139
3174
3421
3450
3359
3530
3352
3192
3294
3365
3557
3754
3442
2649
1889
849
-434
-1072
-623
-442
-1075
-1610
-1630
-1508
-989
-264
-497
-1334
-1366
-657
-510
-1191
-1618
-1479
-1073
-502
154
382
-214
-816
-728
-779
-1529
-2113
-1732
-1086
-1116
-2003
-2635
-2604
-2410
-1900
-1107
-772
-836
-975
-1371
-1777
-1666
-1690
-1833
-1232
-645
-1254
-1943
-1575
-1080
-938
-668
-242
-209
-155
331
681
110
-621
-732
-87
830
1478
1198
254
98
272
-64
-712
-724
297
1852
2965
2567
1305
349
243
1150
2556
2973
2755
3204
3803
3594
3135
2861
2391
2012
2340
2994
3531
3974
3678
2598
1316
36
-681
-603
-116
60
-187
-614
-848
-992
-1267
-1510
-1565
-1517
-1320
-580
-158
-720
-1642
-2256
-2250
-2025
-1546
-1069
-811
-473
-155
-373
-1225
-1851
-1621
-929
-545
-728
-1322
-1398
-1123
-1030
-1297
-1642
-1857
-1612
-1332
-1461
-1854
-1825
-1507
-1300
-1134
-1197
-1429
-1367
-750
-39
255
60
-171
134
478
587
199
-664
-1361
-1284
-332
574
796
440
323
526
476
-117
-918
-980
381
2058
2701
2035
804
-61
85
1061
2042
2271
2415
3034
3281
2660
1959
2347
2880
2457
1874
2189
3124
3995
4174
3383
2037
700
24
75
541
560
77
-150
344
640
3
-939
-1618
-1783
-1457
-867
-786
-1220
-1411
-1368
-1408
-1471
-1819
-2356
-2296
-1372
-516
-591
-1145
-1396
-892
-307
-830
-1539
-1445
-856
-289
-199
-594
-1237
-1683
-1940
-2076
-2309
-2559
-2625
-2075
-1493
-1457
-1679
-1843
-1650
-1098
-537
-486
-527
-65
622
975
777
-46
-815
-1121
-683
215
881
869
684
682
712
100
-862
-1117
-596
654
2091
2881
2511
1274
176
-265
19
1116
2145
2844
3271
3044
2251
1892
2827
3546
2809
1531
1295
1992
3270
4158
3645
2338
1232
611
380
699
596
-51
-200
763
1384
998
143
-947
-1717
-1877
-1586
-1250
-1000
-1071
-1093
-1051
-1465
-2498
-3035
-2508
-1795
-1793
-2155
-1900
-1173
-123
484
-90
-883
-971
-683
-225
20
243
61
-676
-1217
-1701
-2461
-3206
-2689
-1751
-1678
-2038
-1956
-1589
-1429
-1464
-1491
-1613
-1315
-278
624
842
332
-393
-917
-1045
-626
254
713
696
630
719
335
-519
-1121
-1137
-580
76
1300
2371
2167
1169
380
173
518
1259
2108
2840
2840
2358
2272
3080
3676
3327
1807
678
482
1319
2924
4279
4195
3103
1917
1107
493
-140
-368
-189
730
1815
1924
1319
766
-30
-1058
-1700
-1743
-988
-418
-352
-189
-56
-693
-2170
-2993
-2362
-2183
-2657
-2465
-1424
-397
-13
-138
-572
-1001
-893
-558
-769
-550
-243
36
-317
-979
-1866
-2086
-2054
-2136
-1945
-1724
-1533
-1212
-932
-553
-729
-1381
-1769
-1387
-416
112
100
-369
-704
-657
-683
-673
-538
237
902
1031
762
-127
-1262
-1554
-1270
-1311
-786
630
1615
1420
772
168
-292
-358
695
2081
2744
2403
1801
1943
3043
3381
2780
1439
252
-11
869
2327
3781
4077
3384
2443
1689
839
11
-398
-447
-12
727
1093
1167
1393
1019
-194
-1282
-1452
-1020
-534
151
759
641
-127
-702
-679
-1026
-2064
-2951
-2500
-1385
-535
226
750
58
-769
-820
-1020
-1615
-1376
-430
40
-172
-558
-1402
-2096
-1750
-1410
-1474
-1845
-2034
-1581
-807
-394
-685
-1127
-1574
-1658
-1243
-463
-477
-898
-1070
-788
-323
-32
354
577
559
153
-353
-685
-795
-832
-789
-660
-574
-435
-75
815
1780
1890
1037
518
813
1587
2151
2130
1935
2128
2766
3391
3589
3183
1891
631
-24
534
1864
3122
3492
3436
3149
2047
791
169
21
-670
-1414
-1085
191
1013
1247
849
-172
-1370
-1789
-1678
-1138
-761
-587
-467
-229
-177
-869
-2014
-2929
-2942
-2320
-1519
-758
-56
447
320
-326
-993
-1331
-1651
-1403
-977
-511
-446
-890
-1031
-912
-803
-1142
-1529
-1461
-1144
-1142
-719
-320
-100
-15
-246
-180
-227
-708
-1498
-1829
-1150
-585
-31
655
1150
786
-195
-1270
-2031
-1950
-1444
-945
-395
-52
-44
1083
3729
5953
5683
3589
2048
1774
641
-946
-1702
-1105
-199
1545
3949
5048
2854
-748
-2848
-3389
-2656
-605
2607
5186
6230
5778
4604
2063
-947
-2979
-3262
-2775
-1731
265
2222
2738
1833
97
-1839
-3457
-3876
-2842
-1019
767
2292
3010
2737
1133
-965
-2702
-3853
-3613
-1912
346
1883
2263
1737
56
-2356
-3922
-4051
-3310
-2113
-561
855
1209
958
454
-515
-1529
-1837
-986
352
1198
1966
2417
1566
-358
-1763
-2192
-2365
-2416
-2016
-1122
-575
-409
-81
-14
-519
-1299
-1238
-678
-410
-183
202
-4
-547
-898
-1338
-2010
-668
4020
8757
8878
5201
2434
810
-2145
-5625
-5624
-3404
-1645
377
4658
7308
4842
-306
-3539
-4313
-3574
-887
3533
7053
8345
7978
6022
1453
-4417
-8280
-8789
-7079
-3839
-20
2498
2759
1431
-479
-2786
-4662
-4449
-2084
1409
5204
7696
7542
4648
1359
-1195
-3557
-5467
-5004
-2676
-313
1251
2276
1926
-386
-3169
-4510
-3708
-1989
-499
1687
4107
5307
4546
2560
390
-1185
-1824
-1879
-1637
-433
923
1038
36
-1525
-3085
-4163
-4405
-3461
-1679
-150
963
1703
2059
1579
31
-1553
-2152
-1630
-485
73
-68
-247
-797
-1907
-3276
-3381
-803
4335
9058
9006
5155
2149
105
-3533
-7165
-6785
-3518
-601
2740
7448
9249
6296
747
-3170
-4184
-2813
148
3942
7287
8702
7726
4229
-1053
-6820
-10507
-10915
-8303
-4017
26
2888
3967
2803
340
-2011
-3318
-3022
-1121
2274
6016
7828
6818
4103
1022
-2311
-5527
-7435
-6912
-4842
-2094
335
1966
2076
544
-1526
-2487
-2228
-1374
-63
2256
5000
5943
4777
2775
608
-1355
-2781
-3476
-3114
-1868
-353
270
-120
-861
-2088
-3358
-3237
-2016
-728
406
1455
2293
2537
1754
-74
-1783
-2199
-1150
-590
-573
-445
-710
-1475
-2751
-3842
-3932
-1555
4252
9899
10554
7006
4095
1773
-2351
-7032
-7626
-5164
-2265
1490
6682
9792
8110
3247
-1600
-4042
-4127
-1692
1694
5445
7618
7698
5164
515
-5320
-9896
-11549
-10146
-6213
-1661
2129
4236
4751
3253
578
-1896
-2746
-2087
56
2977
5450
6132
5136
3048
-74
-3850
-6883
-7682
-6883
-4989
-1951
1377
2975
2507
1158
-443
-2121
-2802
-1722
526
2696
4429
5324
4654
2447
-310
-2920
-4709
-5312
-3926
-1391
575
1365
1323
380
-1046
-1813
-2061
-2005
-1073
508
1987
2753
2057
294
-1322
-1664
-1683
-1775
-1601
-1551
-1268
-956
-1027
-2192
-3137
-2073
2517
8231
10446
8338
5969
3855
-474
-5481
-7863
-6963
-4607
-1038
3449
7964
9553
6852
2110
-1106
-2881
-2938
-679
2989
5756
6758
5569
2569
-1916
-7124
-10652
-11073
-8922
-6017
-1926
2705
5523
5179
3155
1270
-163
-1422
-1638
-191
1925
3345
4246
4918
3729
288
-3749
-6647
-7688
-7389
-5972
-2879
607
2849
3204
2522
1134
-561
-1907
-1988
-511
1981
3899
4474
4345
3470
790
-2891
-5570
-6298
-5115
-3086
-915
888
1755
1304
554
-284
-1372
-2050
-1591
-378
883
2012
2434
2392
1394
-134
-1267
-1686
-2439
-3229
-2534
-1161
-743
-870
-469
1243
5018
8586
8903
5982
3814
2158
-1030
-4848
-6658
-5419
-2804
-32
3009
6592
7951
6025
2472
61
-1672
-1812
-532
1597
3664
4887
4001
1055
-2709
-6282
-8659
-9516
-8155
-5000
-816
2280
4036
4309
3538
1653
-331
-1427
-1422
-738
155
1553
3250
3874
2437
-71
-2809
-5195
-6673
-6742
-5364
-2862
-304
2013
3449
3497
2223
590
-408
-429
617
1897
2619
2675
1951
196
-1726
-3276
-4460
-4643
-3729
-2433
-907
228
681
1039
1479
1148
147
-474
-687
-906
-714
-86
295
494
364
-187
-667
-1113
-2249
-2961
-2462
-1698
-1345
-556
784
3338
8028
10318
7887
4602
3306
826
-3805
-7636
-7934
-5895
-2879
589
4911
8824
8891
5705
1978
-389
-1795
-1427
-15
2254
4349
5357
4086
979
-2549
-5858
-8330
-9277
-7851
-4427
-522
2290
3984
4618
4354
2791
1027
-207
-938
-1053
-30
1882
3312
3233
1954
-62
-2325
-4546
-6221
-6612
-5260
-2413
361
2389
3247
3012
2172
1126
303
142
625
775
358
395
359
-562
-1786
-2677
-3214
-3300
-2989
-2716
-2349
-1551
-581
584
1319
899
-35
-636
-1302
-2103
-2035
-1296
-441
513
981
669
-407
-2206
-3048
-2788
-2039
-1482
-318
1605
5359
9024
9364
6341
3548
1639
-1643
-5543
-7622
-6852
-4432
-782
3151
7129
8984
7710
4020
1030
-662
-893
-377
993
2805
4359
4332
2382
-381
-3370
-6250
-8382
-8461
-6569
-3211
198
3035
4931
6028
5632
3768
1702
172
-855
-1285
-903
126
1096
1308
571
-677
-2409
-4481
-5918
-5578
-3791
-1459
673
1932
2559
2760
2607
1807
1079
630
438
-10
-746
-1414
-1637
-1968
-2199
-1962
-1778
-2022
-2432
-2646
-2846
-2585
-1486
151
1421
1871
1931
1665
614
-738
-1531
-1736
-1784
-1431
-1356
-1444
-1307
-1346
-1381
-1185
-597
-452
-539
938
5068
8609
8308
6090
5116
3650
-344
-5150
-7724
-7737
-5654
-2131
2490
7299
9509
7763
4301
1425
-384
-1223
-1051
195
1846
3607
4284
3313
1114
-1799
-4804
-6997
-7896
-7061
-4725
-1695
1524
4598
6518
6560
5143
3185
1085
-904
-2177
-2636
-2202
-974
537
1091
395
-993
-2519
-3417
-3407
-2733
-1453
-150
352
919
2045
2769
2491
1759
1059
386
-430
-1603
-2505
-2410
-1984
-2014
-1868
-1447
-1492
-1904
-2274
-2543
-2357
-1744
-847
311
1140
1077
638
257
-467
-1374
-2119
-2524
-2574
-2433
-2183
-1641
-1096
-549
79
312
-499
-1151
639
4202
7197
7248
5726
4625
2915
-451
-4286
-6876
-7670
-6212
-2573
2197
6140
8066
7283
5224
2844
972
407
569
789
1173
2516
3833
3496
1272
-1593
-3595
-5200
-6677
-6839
-4637
-1509
1334
3873
6045
6817
5605
3314
1579
336
-938
-1679
-1373
-173
1070
1385
710
-454
-1712
-2663
-3284
-3181
-2465
-1392
-425
778
1939
2366
2110
1440
974
659
345
-419
-979
-1041
-1325
-2218
-2679
-2453
-2269
-2081
-2013
-2014
-2095
-1820
-1493
-941
-297
240
680
953
671
-214
-1276
-2566
-3245
-3191
-3057
-2550
-1583
-1036
-983
-382
-278
-418
1312
5055
7391
6884
4785
3408
2017
-734
-4612
-6972
-6955
-5268
-2008
2045
5034
6163
5917
4750
3355
1938
1192
893
1142
1739
2831
3450
2508
628
-1032
-2867
-4966
-6617
-6531
-4245
-1271
1201
3301
5432
6367
5255
3305
1847
765
-408
-1352
-853
672
1830
1688
630
-466
-1419
-2735
-3608
-3725
-2942
-1512
-305
578
1303
1833
1610
1128
826
691
377
-257
-976
-1442
-1785
-2396
-2696
-2342
-1845
-1609
-1658
-1753
-1825
-1787
-1556
-1009
-285
169
446
679
195
-791
-1632
-2107
-2302
-2358
-2426
-2331
-1751
-1457
-1178
-768
-688
411
3777
7593
8646
6645
4393
3142
1005
-3033
-6756
-7936
-6679
-4206
-698
3246
6127
6893
6022
4666
3173
1760
599
320
984
2091
2611
2431
1863
714
-1235
-3541
-5593
-6657
-6392
-4662
-1798
1340
3867
5781
6646
5749
4049
2444
700
-1378
-2466
-1713
-190
648
773
607
407
-513
-2058
-3226
-3451
-2716
-1808
-1014
395
1932
2560
2112
1526
1171
809
60
-966
-1607
-1887
-1860
-1799
-1536
-1078
-777
-1019
-1413
-1763
-1721
-1562
-1199
-629
-229
-101
-12
-123
-646
-1160
-1615
-1960
-2151
-1985
-2028
-2438
-2509
-2071
-1472
-1060
-451
1448
5032
7704
7406
5198
3739
2108
-518
-3743
-6348
-6780
-5315
-2844
19
3288
5409
5913
5220
4285
3118
1965
1027
871
1420
2076
1863
1280
716
-376
-2080
-3580
-4509
-4967
-4559
-2984
-501
1539
3235
4535
5435
5430
4462
2828
864
-1005
-2015
-2027
-1515
-858
-221
267
255
-270
-1425
-2386
-2581
-2564
-2501
-1767
-131
1606
2595
2493
1968
1497
611
-593
-1705
-2419
-2851
-2689
-2016
-1278
-686
-362
-505
-936
-1366
-1539
-1474
-1338
-864
-276
-87
12
383
263
-433
-1233
-1642
-1657
-1893
-2398
-2483
-2029
-1454
-1015
-657
4
1816
4692
6594
6731
5451
4048
2648
657
-2340
-5017
-5561
-4420
-2420
255
2877
4780
5437
5032
4012
2520
1573
545
98
804
1567
1631
1341
987
61
-1429
-2856
-3709
-4265
-4170
-3295
-1367
687
2186
3373
4464
5046
4285
2265
226
-1216
-2212
-2507
-1979
-958
42
931
1026
154
-682
-1406
-2244
-3095
-3449
-2591
-1029
344
1491
2108
2251
1877
1023
-133
-1417
-2379
-2716
-2448
-1773
-978
-191
387
209
-339
-934
-1521
-1847
-1640
-1120
-753
-78
716
1048
887
331
-393
-1092
-1843
-2495
-2879
-2812
-2272
-1657
-982
-490
335
2081
4591
6130
6190
5422
4436
2907
453
-2234
-4320
-5092
-4708
-3016
-214
2726
4343
4893
4391
3407
2236
1168
141
-21
726
1376
1484
1450
1202
234
-1060
-2148
-2895
-3684
-4188
-3990
-2321
-392
929
2193
3696
4498
3910
2266
835
-489
-1421
-1803
-1395
-486
250
633
475
222
-311
-1042
-2052
-2803
-2934
-2191
-1360
-242
1194
2088
2178
1985
1420
137
-1278
-2217
-2444
-2045
-1400
-569
292
740
553
-57
-854
-1890
-2646
-2686
-2210
-1207
45
919
1564
1605
1069
371
-749
-2061
-3085
-3445
-3294
-2578
-1504
-698
264
1936
4038
5532
5596
4843
4064
2952
985
-1074
-2717
-3700
-4102
-3746
-1891
940
3155
4143
4370
3698
2527
1744
1118
824
803
1073
1455
1749
1544
641
-331
-1362
-2481
-3484
-4113
-4377
-3296
-1269
367
1848
3235
3878
3903
3265
1799
314
-981
-1666
-1537
-874
-432
-214
400
520
-318
-1047
-1378
-1986
-2602
-2503
-2005
-1033
358
1241
1687
1765
1490
798
-22
-1056
-2004
-2493
-2475
-1735
-520
506
845
865
733
-22
-1413
-2564
-2939
-2509
-1685
-620
354
1163
1816
2026
1363
-213
-1950
-3258
-3911
-3607
-2705
-1459
142
1849
3361
4968
5746
5120
3887
2764
1032
-638
-1583
-2282
-2838
-2800
-2171
-929
1003
2266
2865
3192
3069
2275
1862
1654
1346
1274
1590
1945
1888
1320
249
-793
-1968
-3224
-3819
-4002
-3694
-2541
-743
725
1646
2567
3216
3063
2087
909
1
-585
-1034
-1297
-1014
-360
133
170
-322
-1047
-1322
-1327
-1601
-1842
-1895
-1343
-430
228
711
746
609
539
721
503
-262
-1160
-1986
-2174
-1496
-958
-501
8
464
748
252
-1000
-2105
-2367
-2198
-1755
-1006
-75
894
1837
2065
1431
255
-1214
-2476
-2742
-2650
-2390
-1312
301
1564
2573
3598
4189
3900
2927
1959
1149
366
-389
-827
-1159
-1468
-1559
-1041
240
1677
2431
2461
2514
2382
2151
1954
1818
1774
1705
1685
1455
1308
710
-498
-1534
-2113
-2478
-2729
-2579
-1685
-382
504
1053
1552
1985
2031
1407
795
342
-244
-527
-260
248
372
42
-572
-1291
-1784
-1796
-1668
-1475
-1187
-860
-479
-346
-361
-546
-578
-509
-350
155
788
531
-370
-1223
-1732
-1978
-2119
-2008
-1458
-730
-346
-628
-1124
-1518
-1852
-1789
-1774
-1321
-258
871
1704
2144
1712
525
-667
-1432
-2291
-3070
-3045
-1854
-324
1004
2534
3951
4664
3942
2768
1858
888
-472
-1269
-1398
-1198
-1052
-771
158
1506
2687
2897
2388
1920
1693
1109
689
730
1131
1518
1852
2104
1921
1235
-150
-1295
-2009
-2349
-2564
-2341
-1304
58
1049
1460
2035
2513
2289
1461
505
-287
-852
-830
-428
-21
388
327
-78
-523
-1117
-1561
-1362
-919
-720
-457
73
314
-55
-622
-1138
-1227
-808
-323
236
519
-115
-925
-1572
-1855
-1899
-1691
-1308
-890
-644
-688
-1141
-1632
-1719
-1872
-1940
-1253
-39
781
1220
1625
1809
936
-511
-1835
-2620
-2944
-2822
-2175
-725
1139
2926
4328
4716
4208
3300
2140
476
-961
-1619
-1670
-1608
-1510
-896
408
1911
2903
3016
2477
1788
1200
839
578
828
1372
1696
1980
1924
1451
893
-46
-1110
-1739
-2005
-2393
-2052
-1093
-341
211
1148
2148
2721
2738
1971
922
191
-353
-916
-1057
-833
-510
-150
-115
-478
-856
-909
-747
-622
-577
-490
-312
-234
-331
-536
-859
-951
-847
-491
-118
-96
-640
-1491
-1877
-1789
-1506
-1057
-789
-456
-205
-534
-1079
-1319
-1430
-1617
-1537
-1420
-935
-320
305
711
876
539
-399
-1235
-1985
-2399
-2131
-1237
316
2133
3553
4087
4158
3799
2420
413
-1248
-2223
-2468
-1982
-1347
-666
471
1786
2334
2713
2730
1903
1159
692
412
703
1523
1948
2029
1858
1264
764
202
-876
-2056
-2522
-2228
-1591
-768
-53
791
1759
2326
2475
2322
1837
826
-178
-702
-924
-967
-1049
-739
-196
174
151
-41
-229
-209
-217
-264
-199
-110
30
57
72
-253
-648
-991
-1187
-998
-668
-933
-1221
-1186
-1109
-919
-620
-175
245
405
-124
-787
-1113
-1404
-1789
-2035
-2270
-1946
-1058
-331
133
759
960
601
-31
-897
-1475
-1627
-1504
-552
1002
2421
3218
3615
3650
2804
1141
-568
-1809
-2406
-2501
-1990
-918
413
1584
2381
2829
2850
2255
1305
622
243
396
835
1191
1249
1246
1023
810
455
-323
-1152
-1658
-1879
-1789
-1106
-162
634
1300
1748
1936
1803
1351
660
-93
-694
-1090
-992
-766
-553
-277
-44
-5
-59
-218
-403
-505
-421
-424
-512
-370
-18
108
-95
-485
-786
-1184
-1430
-1298
-1127
-1144
-1201
-1012
-782
-380
49
321
422
253
-187
-497
-847
-1451
-1964
-2212
-1954
-1464
-888
-166
516
847
1083
865
235
-472
-942
-1258
-1332
-766
266
1465
2210
2887
3350
2870
1596
380
-437
-1043
-1407
-1388
-1010
-368
656
1529
1996
2235
2059
1644
1365
1071
759
856
737
400
364
428
268
90
-307
-789
-760
-593
-467
-258
290
854
1103
1068
906
732
654
546
319
89
-44
-90
10
-20
-246
-364
-520
-512
-688
-681
-407
94
290
188
277
326
93
-360
-923
-1546
-1925
-1860
-1394
-1106
-893
-787
-551
-452
-305
-32
218
394
321
133
-351
-959
-1611
-1990
-1971
-1880
-1468
-689
-84
204
550
793
440
-7
-610
-1260
-1430
-1222
-830
-38
1015
2161
2958
2998
2379
1422
569
-466
-1361
-1698
-1431
-901
-130
548
1146
1860
2071
1729
1522
1287
769
644
650
515
235
88
136
272
236
-78
-125
-27
-53
-314
-157
210
433
490
471
459
622
663
398
383
425
381
215
-51
-350
-407
-458
-703
-838
-715
-510
-140
253
473
542
340
141
-104
-563
-1029
-1538
-1703
-1601
-1455
-1218
-924
-728
-480
-195
55
214
319
388
204
-122
-565
-915
-1017
-1145
-1227
-1271
-1065
-737
-631
-543
-285
129
288
-18
-227
-469
-613
-519
-443
-51
759
1859
2716
3035
2952
2410
1376
322
-771
-1596
-1922
-1867
-1189
-198
841
1827
2635
3030
2786
1977
1068
318
10
-234
-486
-344
328
828
1114
1066
655
423
90
-513
-811
-702
-736
-731
-179
417
817
953
909
839
725
333
-246
-531
-658
-824
-967
-1031
-838
-509
-264
-138
102
256
36
-462
-737
-1052
-1438
-1677
-1779
-1606
-1245
-859
-697
-500
-410
-373
-516
-508
-325
-34
25
-45
22
-163
-507
-960
-1131
-1156
-1223
-1207
-1030
-713
-398
24
374
465
227
41
-175
-228
-71
274
880
1400
1837
1992
1952
1732
1404
889
167
-381
-582
-662
-1020
-996
-273
622
1295
1841
2331
2525
2281
1567
780
303
-82
-401
-291
226
645
912
1052
849
545
235
-148
-414
-401
-238
-115
112
577
628
501
459
524
492
307
122
-61
-50
-176
-315
-414
-499
-525
-443
-283
-35
-10
-74
-295
-871
-1309
-1740
-2165
-2201
-1940
-1538
-999
-488
-200
71
145
-176
-468
-555
-479
-461
-434
-314
-469
-804
-1008
-1116
-1410
-1646
-1656
-1490
-1255
-695
-84
478
837
869
613
339
89
-77
-91
25
391
1042
1594
1803
1911
1788
1553
1056
461
-373
-1003
-1053
-956
-425
566
1626
2323
2692
2587
1970
1264
513
-225
-646
-482
-71
574
1378
1671
1573
1183
514
-221
-735
-904
-955
-657
-207
327
649
828
815
622
380
62
-70
-192
-192
-235
-164
-87
-238
-338
-264
-265
-202
-153
-363
-512
-756
-1023
-1138
-1200
-1329
-1304
-986
-639
-496
-471
-523
-603
-760
-895
-968
-901
-481
-126
-120
-104
-170
-603
-986
-1222
-1452
-1531
-1481
-1292
-1052
-540
-10
237
361
341
210
110
-87
-345
-332
-29
513
1051
1576
1853
1889
1818
1472
744
-232
-948
-1366
-1476
-1069
-416
485
1573
2434
2753
2477
1909
1188
492
-164
-392
-222
403
1166
1723
1852
1690
1318
653
63
-456
-685
-597
-201
377
878
1296
1468
1385
914
330
-80
-228
-281
-310
-242
-102
51
69
-136
-326
-238
-200
-287
-318
-458
-806
-987
-1056
-1169
-1305
-1264
-957
-745
-690
-832
-832
-742
-827
-1028
-950
-735
-507
-359
-372
-391
-544
-891
-1269
-1540
-1540
-1630
-1805
-1575
-1249
-921
-447
-84
95
203
196
-52
-181
-201
-137
100
539
932
1213
1334
1255
1192
1034
550
-229
-719
-833
-901
-732
-115
717
1441
1797
1996
2134
2028
1555
1163
859
642
481
519
799
1018
1110
994
831
668
459
270
230
214
346
618
890
1105
1118
1018
860
653
462
418
206
-48
-129
-122
-197
-300
-388
-383
-191
14
-74
-58
32
-82
-284
-529
-752
-944
-1077
-1219
-1257
-1120
-1095
-1105
-951
-829
-799
-805
-645
-420
-422
-426
-531
-681
-929
-1103
-1245
-1418
-1569
-1807
-1868
-1733
-1332
-960
-609
-397
-328
-305
-242
-159
-227
-171
-7
78
287
528
606
584
461
307
-76
-592
-833
-781
-595
-436
-65
453
882
1253
1372
1394
1536
1561
1316
1001
713
463
436
595
850
1214
1470
1500
1386
1203
1028
883
832
887
968
878
829
980
970
810
717
819
916
829
585
556
627
568
536
444
423
425
455
306
174
120
-77
-395
-676
-842
-1017
-1199
-1234
-1142
-1019
-844
-718
-626
-520
-526
-656
-617
-559
-592
-816
-987
-1116
-1213
-1272
-1544
-1714
-1838
-2043
-2029
-1863
-1586
-1118
-728
-408
-89
124
40
-231
-411
-566
-588
-455
-343
-83
338
535
466
239
-37
-379
-594
-712
-690
-581
-414
-117
337
790
1055
1292
1586
1758
1517
1134
760
422
330
325
618
1015
1359
1403
1300
1169
957
813
719
708
713
717
839
983
1043
981
1088
1174
1213
1209
1090
874
732
552
305
150
-5
145
328
447
543
496
354
151
-76
-469
-1010
-1216
-1192
-1040
-865
-745
-657
-632
-599
-590
-677
-668
-613
-649
-877
-968
-1000
-921
-1032
-1260
-1419
-1746
-2046
-2159
-1989
-1803
-1537
-1200
-837
-617
-317
-189
-324
-387
-575
-549
-492
-322
-54
135
174
56
47
-88
-299
-441
-543
-705
-810
-769
-474
-51
414
995
1389
1651
1761
1700
1322
973
596
260
228
438
807
1077
1160
1286
1308
1153
871
741
734
610
529
739
1087
1335
1635
1769
1805
1618
1364
1036
756
556
511
523
570
703
803
831
702
523
312
-42
-281
-361
-419
-462
-471
-429
-533
-715
-668
-706
-832
-830
-615
-422
-327
-316
-469
-628
-771
-970
-1149
-1176
-1165
-1199
-1206
-1410
-1605
-1719
-1827
-1799
-1655
-1367
-1039
-633
-404
-389
-412
-473
-686
-663
-522
-436
-305
-174
-111
-41
-77
-100
-238
-430
-598
-909
-1017
-924
-536
-42
359
861
1339
1658
1570
1322
996
448
78
-11
120
427
791
999
1038
940
835
630
396
297
246
377
550
963
1433
1721
1720
1573
1344
1221
829
529
496
614
660
510
606
700
792
709
573
507
328
222
27
-197
-330
-358
-385
-485
-430
-284
-349
-452
-464
-295
-193
-110
-43
-1
12
-88
-136
-303
-562
-829
-1075
-1305
-1540
-1692
-1695
-1561
-1348
-1150
-847
-727
-610
-396
-420
-390
-354
-416
-383
-305
-122
-58
-134
-361
-497
-593
-710
-826
-937
-1045
-1044
-806
-621
-320
-66
165
466
743
801
725
703
661
538
271
55
50
109
315
443
532
591
560
482
529
585
539
593
715
928
1081
1231
1347
1379
1166
1070
1009
940
1000
1032
970
857
909
952
962
837
492
201
50
-94
-198
-198
-262
-195
-221
-151
-147
-141
-156
-199
-56
5
-11
-168
-312
-238
-314
-426
-456
-543
-702
-967
-1085
-1401
-1621
-1772
-1835
-1701
-1362
-983
-702
-545
-259
-72
-139
-193
-208
-431
-679
-693
-640
-506
-464
-296
-267
-193
-311
-542
-768
-951
-992
-873
-504
-208
275
519
688
908
803
537
326
227
20
-74
44
276
529
571
716
783
613
511
260
158
163
320
613
735
1050
1096
1126
1143
1096
956
844
846
827
925
903
817
733
690
661
679
621
448
275
197
106
58
36
-154
-77
-129
-97
-48
-152
-108
-214
-99
92
169
132
61
-78
-196
-387
-537
-566
-500
-380
-512
-634
-665
-738
-859
-1020
-1050
-1036
-958
-713
-483
-289
-273
-187
-186
-339
-400
-574
-605
-532
-433
-311
-153
10
-108
-237
-443
-692
-822
-874
-700
-637
-386
-14
457
746
691
549
398
190
-87
-338
-390
-203
-37
148
173
387
373
302
154
-63
-41
10
138
179
338
578
710
764
949
933
897
785
649
580
442
335
263
374
456
687
769
666
431
255
15
-236
-312
-405
-330
-142
128
257
280
189
148
35
3
-70
-81
-47
-123
-92
-99
-198
-215
-229
-414
-479
-627
-681
-756
-898
-943
-825
-831
-645
-305
-190
-22
150
208
-7
-223
-327
-452
-325
-238
-178
51
210
184
8
-198
-323
-485
-554
-573
-380
-58
59
284
570
717
661
658
473
272
127
14
64
105
218
356
409
461
337
114
-20
-130
71
162
270
372
355
511
522
380
333
424
423
504
663
635
484
367
172
84
-50
81
196
67
118
210
191
7
-232
-307
-342
-439
-367
-292
-284
-182
-146
-256
-133
-78
-130
-147
-188
-211
-298
-420
-252
-198
-223
-274
-328
-377
-500
-681
-810
-810
-812
-682
-518
-283
3
217
169
213
-13
-66
-99
-218
-156
-123
-34
37
50
63
-19
-169
-354
-517
-478
-275
-187
84
356
468
640
859
725
699
403
49
-26
-109
-29
166
410
467
572
515
335
250
-50
2
49
92
174
219
376
388
406
494
400
286
404
348
395
296
117
190
210
175
226
183
125
6
-19
-65
-174
-326
-539
-538
-657
-629
-449
-373
-209
-126
19
75
-4
-173
-206
-309
-292
-253
-263
-12
-35
-52
-229
-444
-625
-764
-840
-794
-716
-564
-318
-131
40
140
276
230
133
132
105
-79
-140
-157
-166
-113
-87
-55
37
70
66
-1
-32
-144
-38
-21
13
258
454
641
692
721
713
545
327
116
-55
-149
102
331
446
576
674
651
380
207
51
-67
-86
-100
42
-17
190
234
337
438
374
383
301
416
385
258
253
238
143
74
131
30
17
-47
-197
-434
-595
-622
-841
-731
-612
-405
-176
-202
-21
94
10
-155
-348
-432
-537
-560
-487
-338
-325
-208
-137
-257
-371
-470
-610
-666
-653
-572
-422
-116
5
73
196
154
82
99
4
-247
-254
-258
-131
119
163
186
154
55
109
23
108
65
14
-5
99
160
205
455
679
758
745
734
528
511
432
248
248
409
486
614
685
621
401
166
23
-259
-338
-312
-116
85
255
436
556
631
446
442
406
251
187
75
-74
-135
48
28
84
86
33
-66
-310
-380
-610
-617
-774
-645
-659
-606
-365
-373
-189
-177
-207
-280
-380
-378
-369
-411
-326
-438
-490
-331
-260
-340
-444
-509
-529
-583
-650
-615
-551
-408
-231
-48
166
48
2
-6
-75
-96
-72
71
23
129
229
206
146
76
49
28
27
66
110
120
268
343
390
445
363
535
549
639
721
656
685
577
560
528
589
531
505
544
439
406
359
232
202
262
121
145
136
219
372
297
294
274
198
274
409
265
196
267
224
198
87
64
-9
-102
-209
-231
-216
-278
-242
-330
-397
-409
-447
-488
-419
-384
-397
-341
-219
-264
-366
-317
-436
-586
-630
-642
-656
-525
-455
-528
-582
-534
-464
-598
-625
-575
-564
-488
-379
-344
-315
-288
-219
-203
-175
-217
-307
-240
-245
-194
-91
-8
-19
-27
31
43
-54
-34
0
47
171
199
310
443
439
476
537
535
567
629
555
596
607
626
586
493
507
431
397
327
312
379
401
318
244
290
421
405
456
490
453
408
457
527
406
356
359
334
205
174
158
112
110
1
-112
-173
-197
-266
-385
-397
-354
-373
-356
-258
-288
-228
-190
-205
-114
-119
-235
-320
-453
-569
-552
-636
-530
-449
-362
-337
-314
-243
-375
-504
-582
-572
-550
-390
-243
-62
-51
-19
7
-94
-119
-180
-227
-206
-184
-70
3
-21
79
49
69
-36
-21
-33
-90
-37
54
68
249
468
530
570
623
599
437
376
365
347
309
305
336
304
166
149
118
-14
-46
32
50
187
340
470
473
439
383
328
255
102
167
187
138
124
129
172
185
82
-58
-149
-121
-206
-235
-118
29
8
-5
-91
-300
-335
-314
-435
-281
-169
-200
-237
-236
-198
-172
-239
-255
-269
-363
-298
-227
-246
-282
-294
-326
-258
-356
-434
-450
-485
-398
-249
-14
79
82
110
-1
-104
-101
-208
-265
-158
-103
-67
-39
-59
-41
10
2
-130
-219
-159
-46
-28
69
186
232
262
312
421
384
362
259
331
258
206
250
244
261
206
150
111
22
15
140
197
254
377
462
599
582
554
576
442
334
283
253
226
212
233
192
130
215
254
174
87
91
31
29
-4
-75
-77
-49
-126
-127
-75
-77
-83
-86
-109
-152
-237
-296
-309
-345
-343
-366
-303
-337
-304
-253
-291
-321
-406
-410
-397
-334
-360
-403
-391
-410
-372
-367
-222
-159
-115
-186
-234
-216
-366
-348
-269
-197
-191
-138
-106
-96
-150
-152
-74
-117
-129
-52
67
135
167
310
396
376
393
316
289
288
324
294
292
376
375
369
279
220
161
118
108
104
196
254
413
527
537
583
466
381
245
159
191
189
281
263
370
327
201
80
-134
-154
-122
-83
33
115
45
1
-70
-92
-150
-197
-173
-273
-253
-152
-232
-259
-349
-345
-323
-353
-360
-311
-259
-287
-253
-283
-330
-298
-290
-278
-322
-382
-409
-408
-357
-356
-296
-231
-130
-56
-43
-49
-104
-75
-80
20
71
-29
-22
-7
27
-69
-49
75
21
31
65
116
132
192
189
263
394
338
352
327
245
207
314
365
207
241
253
152
93
81
6
35
129
208
293
348
402
347
341
292
137
101
79
117
138
126
183
243
288
323
215
72
-56
-182
-223
-239
-227
-173
-100
-95
-34
7
-36
-99
-160
-172
-190
-165
-270
-294
-253
-299
-238
-192
-191
-183
-177
-186
-282
-212
-170
-131
-114
-62
-102
-182
-231
-221
-222
-271
-146
-97
-29
9
11
45
14
-32
-60
-55
-88
-112
-63
26
102
139
103
98
85
87
92
16
96
123
234
293
280
265
260
331
303
262
247
244
154
112
30
-86
-103
-213
-166
-69
0
28
84
240
159
135
109
-11
-162
-189
-96
-74
-43
4
88
93
55
-31
-130
-211
-275
-325
-226
-207
-124
-117
-100
-68
-72
-75
-164
-176
-116
-92
-111
-140
-152
-129
-134
-91
-55
-5
54
53
-43
-47
-9
-44
30
126
179
96
94
32
8
7
40
94
32
172
271
312
313
289
216
62
-12
-11
17
18
80
102
102
180
199
196
162
101
118
97
101
122
135
213
204
176
225
214
133
104
41
-50
-27
-60
-60
-29
-56
-135
-126
-42
-25
-3
68
142
93
14
-106
-202
-267
-120
7
43
93
108
50
-68
-132
-179
-247
-251
-220
-165
-138
-77
4
-78
-128
-106
-86
-188
-235
-267
-282
-274
-275
-227
-177
-137
-170
-158
-139
-54
-113
-231
-231
-219
-245
-195
-79
-69
-8
-10
-47
-124
-134
-103
-90
51
115
203
245
181
117
50
17
-54
-138
-152
-143
-35
101
178
260
277
287
301
260
195
74
108
97
169
279
370
352
351
277
211
188
43
65
54
26
14
-36
-58
40
128
129
193
227
172
109
73
41
-20
10
-22
25
26
20
119
95
43
-14
-70
-111
-112
-61
11
20
15
-61
-62
-69
-86
-116
-77
-85
-89
-61
-76
-86
-118
-68
-121
-173
-246
-250
-222
-214
-224
-197
-123
-55
-42
-47
-25
-16
-90
-156
-148
-146
-119
-99
-133
-76
-3
24
52
-9
-19
-38
-120
-172
-125
-143
-118
-94
13
161
160
224
242
154
126
92
76
90
144
186
203
277
341
401
307
339
289
187
119
119
122
145
133
109
207
221
261
265
239
151
137
113
19
3
-49
-14
-5
92
73
45
76
69
39
-66
-117
-171
-211
-237
-200
-203
-225
-159
-145
-234
-246
-333
-335
-406
-317
-239
-295
-321
-282
-339
-374
-272
-276
-237
-253
-212
-199
-189
-141
-142
-134
-117
-102
-134
-163
-142
-94
-70
-99
-62
10
106
145
159
186
150
153
81
6
3
-7
24
132
200
198
137
183
232
241
266
281
252
197
199
245
227
280
334
275
257
190
128
46
51
89
88
73
138
108
99
117
168
176
136
148
106
57
-47
-46
-70
-129
-116
-54
-54
-29
21
27
33
18
-52
-105
-133
-139
-140
-174
-117
-68
-21
-38
-72
-78
-122
-157
-171
-161
-168
-172
-64
-96
-132
-115
-122
-124
-108
-122
-152
-123
-121
-82
-105
-58
-42
-99
-97
-68
-77
-76
-7
48
93
134
164
84
92
88
71
68
41
46
15
0
13
35
110
160
98
145
125
66
41
37
54
94
149
193
295
330
257
240
172
70
8
-31
-47
-14
40
63
95
110
103
113
131
101
130
117
120
52
30
-34
-48
-61
-94
-32
-89
-88
-88
-90
-109
-107
-201
-222
-221
-168
-117
-125
-92
-99
-39
-27
-43
-103
-182
-265
-283
-240
-241
-252
-214
-193
-207
-155
-127
-153
-119
-105
-63
-60
-30
-10
8
-47
-169
-119
-102
-117
-97
-35
-7
23
66
68
103
111
56
38
15
-16
-23
-34
-20
-39
-32
37
75
75
145
166
193
140
97
101
34
35
117
147
197
211
176
182
132
97
121
119
117
98
159
176
188
213
270
210
184
193
75
28
64
46
31
50
42
22
86
111
132
162
125
87
22
-66
-89
-35
-68
-51
-23
10
59
74
-38
-105
-100
-143
-187
-205
-146
-115
-74
-55
-48
-20
-48
-80
-120
-111
-170
-145
-64
-32
-17
-36
-58
-162
-193
-188
-218
-157
-96
-44
-29
14
33
1
-4
-48
-115
-102
-122
-117
-139
-159
-154
-147
-92
-2
48
30
61
5
27
-25
-46
15
54
84
112
134
64
93
73
64
-4
-40
-37
-13
53
67
87
177
217
171
163
119
42
36
9
10
19
3
5
77
91
116
140
116
86
92
59
66
48
29
57
48
-8
11
75
72
109
66
31
-35
-38
-95
-92
-48
-52
10
-1
-7
-26
-60
-131
-94
-62
-112
-116
-119
-78
-30
-75
-55
-123
-158
-133
-121
-58
-52
-78
-48
9
11
22
-29
-49
-103
-100
-117
-175
-139
-112
-77
-34
12
21
52
9
-3
-65
-103
-119
-96
-37
4
18
20
85
165
196
123
133
37
44
33
-30
44
20
41
128
195
174
185
133
54
63
64
69
74
92
159
193
138
176
140
86
86
46
47
0
-20
5
3
3
106
111
97
94
34
20
-3
-10
-64
-99
-117
-139
-126
-120
-80
-115
-83
-108
-124
-58
-8
-44
-42
6
-25
1
-16
-71
-106
-148
-148
-88
-50
-63
-13
67
70
114
104
59
95
39
-31
-44
-8
-49
-34
-18
-32
-16
-16
-15
-29
-2
-65
-83
-122
-122
-71
-46
15
56
125
115
76
34
11
-61
-91
-178
-185
-158
-166
-85
-6
10
22
14
5
44
-5
-39
-42
-61
-56
-23
50
41
17
-7
25
5
2
32
-11
11
18
10
20
52
92
65
16
45
-25
-16
38
13
-15
78
72
-27
-43
-48
-16
-33
-14
22
27
81
84
67
57
80
98
77
59
49
65
34
43
52
91
120
97
126
135
174
133
78
87
-16
-49
4
-38
-82
-19
16
47
40
18
22
6
-39
-107
-98
-82
-70
-108
-54
25
4
-32
-43
-64
-115
-110
-117
-106
-62
-77
-131
-97
-25
12
1
39
-5
-51
-73
-90
-72
-29
-7
7
-18
29
60
5
22
46
52
49
32
52
73
63
86
68
49
30
19
14
29
32
14
67
76
53
48
27
48
13
13
27
-37
-93
-47
-54
-75
-71
-63
-15
22
13
-34
-18
-72
-87
-59
-14
12
54
11
28
71
2
16
-33
-60
-87
-103
-72
-49
-38
-9
-1
48
110
82
63
27
1
-34
-5
-7
-17
5
56
20
45
76
7
-35
-87
-116
-95
-27
-31
-30
-43
19
41
58
51
59
50
1
-14
-64
-52
-71
-71
-89
-75
-66
-53
-55
-57
-48
-56
-64
-62
-53
6
-19
-51
-12
-15
-40
-8
4
18
32
37
47
38
44
-1
-8
-24
-5
-1
40
36
41
46
43
76
38
59
58
55
26
25
36
32
80
54
92
91
83
112
148
140
109
117
85
76
43
-11
28
44
37
66
30
99
119
52
98
84
52
34
28
2
1
19
28
76
57
12
8
2
-42
-30
-19
-62
-51
-82
-70
3
17
18
33
14
-30
-77
-97
-97
-159
-127
-109
-127
-93
-131
-121
-106
-150
-153
-155
-154
-152
-151
-102
-108
-102
-75
-57
-78
-64
-63
-89
-93
-134
-94
-51
-70
-40
-23
-18
2
-7
0
-1
31
67
78
60
29
29
26
30
49
59
83
40
34
43
75
130
128
116
139
159
103
94
100
77
47
34
53
83
94
82
77
109
88
82
75
70
55
43
11
-21
5
-14
0
6
5
-39
-27
-28
-31
-67
-72
-76
-82
-65
-51
-37
-10
33
19
34
18
-13
-69
-64
-87
-95
-119
-112
-94
-110
-92
-63
-55
-41
-21
-27
-48
-53
-35
-42
-31
-28
-32
-43
3
-27
-18
2
14
26
34
65
42
17
20
46
44
56
74
68
57
62
61
71
54
62
34
51
53
28
40
20
56
111
122
105
126
127
122
112
92
67
37
29
27
37
24
31
40
23
18
38
35
57
62
33
14
-21
-32
-26
-43
-46
-55
-100
-82
-61
-76
-60
-102
-87
-104
-92
-84
-81
-87
-78
-69
-109
-87
-67
-101
-106
-113
-131
-109
-115
-130
-136
-161
-119
-95
-97
-45
-44
-27
-20
-37
-39
-37
-41
-36
-43
-4
14
-8
12
-5
23
37
43
55
84
67
53
89
114
127
117
106
103
115
83
103
105
80
105
91
68
80
65
13
19
42
67
70
100
130
117
107
82
87
62
45
21
0
9
-19
4
15
9
-2
-5
-10
-3
-16
-27
-17
-19
-16
-6
-27
-35
-41
-50
-68
-65
-41
-37
-20
-30
-66
-79
-64
-51
-27
3
3
0
25
-4
-22
-16
-51
-79
-81
-89
-81
-57
-67
-50
-19
0
-1
-21
-16
-12
-27
-50
-35
-5
-16
-19
-6
-22
-25
-41
-42
-23
-22
-7
-7
-24
2
2
-7
9
40
38
6
18
42
55
75
107
94
47
29
14
-3
11
20
26
68
71
47
39
20
39
20
0
23
8
22
5
-4
25
27
-5
-5
-12
-41
-73
-64
-66
-62
-48
-16
-1
9
-33
-57
-15
-66
-51
-15
-19
-5
10
-19
3
-11
-32
-10
7
21
16
30
28
30
23
34
24
23
10
10
20
-9
22
41
46
56
46
28
12
17
13
4
-1
19
-4
-7
-9
21
15
22
1
-32
-26
-37
-46
-43
-6
-6
-28
-10
-2
-17
1
40
27
23
16
-4
-4
12
8
16
42
29
16
-8
23
37
19
14
56
55
20
28
15
-6
-23
-14
-15
1
-6
8
14
6
-2
-21
-28
-43
-66
-40
-13
-20
-39
-39
-43
-49
-47
-36
-27
-64
-70
-66
-50
-69
-46
-42
-41
-58
-56
-36
-35
-6
-10
-17
2
2
-9
19
23
21
27
40
23
24
19
4
-1
2
16
14
28
42
63
49
62
67
56
36
43
48
27
30
46
41
28
22
-3
4
16
8
23
41
28
28
15
17
14
10
29
4
-2
3
13
-8
-9
-5
-12
-14
1
8
27
26
-6
-12
-31
-33
-17
-23
-14
4
17
15
-13
-35
-38
-24
-27
-16
-20
-17
-19
-17
3
0
-3
8
-8
3
10
-15
-1
-2
-9
-12
-1
-13
-12
-2
-6
-14
3
10
1
-6
-14
-22
-31
-48
-44
-31
-40
-40
-35
-19
-27
-24
-32
-24
-19
-21
-1
-4
1
25
-3
-18
-8
-5
-13
-6
12
19
17
-7
-1
-8
-14
-1
21
12
14
26
30
45
38
24
31
29
-11
4
7
15
5
5
8
-3
23
34
36
38
37
19
0
23
20
4
17
17
-7
0
11
3
12
4
10
-2
-12
8
-4
-2
7
9
19
-1
-2
4
-2
-2
2
8
-8
1
5
-13
-12
5
16
23
19
34
33
9
21
6
-20
-16
-33
-42
-22
1
-15
-27
-11
-10
-20
-17
-10
2
-21
-6
-5
14
16
-4
19
2
12
14
-6
-3
-3
2
16
0
3
17
12
26
24
17
4
11
10
2
19
17
22
13
10
3
3
-19
-23
-5
-18
-3
1
-3
-5
-10
-17
-18
-19
-11
-30
-19
-13
-46
-38
-33
-27
-21
-4
-15
-25
-34
-41
-31
-28
-26
-24
-17
-14
-18
-18
-17
-25
-36
-59
-52
-40
-31
-14
-15
-12
3
-18
-38
-15
-33
-38
-28
-28
-26
-26
-19
-20
-15
-13
-20
-11
-21
-9
11
10
11
32
24
15
7
10
8
14
16
28
26
27
50
44
42
49
74
62
48
59
52
43
65
88
95
75
87
90
79
73
72
62
54
41
54
70
60
54
50
55
57
53
48
55
51
33
25
39
29
0
-5
-3
-21
-16
-8
-5
-10
-10
-13
-22
-24
-34
-57
-58
-62
-74
-65
-62
-70
-53
-75
-96
-93
-75
-71
-72
-55
-53
-57
-72
-58
-53
-50
-49
-44
-56
-54
-61
-68
-55
-60
-49
-39
-4
-2
-17
-2
-10
-16
3
18
27
22
10
6
14
18
24
13
13
22
5
10
21
33
31
36
46
49
36
17
23
15
15
35
45
31
29
25
21
24
25
12
-1
2
2
-10
-13
-5
-7
0
0
-9
-21
-18
-28
-23
-16
-14
-23
-28
-10
-4
-8
0
0
2
10
-1
-12
-19
-14
-20
-10
-2
3
15
4
1
-5
4
12
11
10
9
-2
-16
-6
-3
17
25
27
37
26
14
16
6
11
18
20
4
-6
15
11
14
20
27
36
38
49
37
28
31
25
27
22
20
24
-1
9
18
22
14
24
29
18
5
-1
6
-11
-22
-5
-3
-4
-13
3
15
-8
-15
-12
-11
-23
-27
-10
-9
-15
-10
-16
-23
-14
-25
-26
-23
-27
-27
-19
-23
-16
-6
-13
-25
-18
-17
-19
-11
-8
-14
-17
-20
-18
-26
-12
-2
-10
-11
-3
2
0
-4
1
-5
-5
-9
-13
-6
-5
-6
-20
-5
-11
-19
-29
-27
-22
-21
-23
-12
-5
-2
-12
-11
-1
-7
-16
-9
-13
-7
-5
1
4
-5
-1
1
0
7
3
-5
3
4
9
5
25
32
34
32
25
18
13
12
12
15
13
23
34
29
25
21
25
29
17
20
17
11
19
27
22
19
22
18
13
24
25
24
15
-2
3
3
-19
-3
2
-7
2
14
11
1
-1
2
-4
2
5
-4
5
0
3
-3
-8
-19
-22
-32
-34
-33
-30
-20
-7
-7
-2
-4
-10
2
-8
11
10
4
2
-3
-10
-17
-21
-17
-11
-15
-13
-11
8
0
13
22
18
18
14
16
10
0
7
6
-7
-4
-3
-6
9
6
9
18
0
-4
-1
3
-4
-2
11
3
-11
-14
-14
-18
-11
-18
-21
-16
-6
-18
-18
-10
-3
-5
-10
-3
-10
-8
-18
-16
1
-5
-6
-6
-4
3
-1
10
11
-2
1
8
-1
-1
-3
1
-6
-2
12
11
11
9
9
0
9
14
9
8
-17
-10
7
2
-4
0
0
1
-4
-7
-9
-17
-24
-23
-14
-5
-5
-9
-18
-8
-19
-14
2
1
1
-10
3
19
22
15
6
22
28
13
8
7
0
3
12
20
16
32
22
15
30
28
24
22
16
22
21
1
13
17
9
5
-7
-7
-2
-10
-16
-15
-25
-20
-10
-6
5
3
-9
-4
-6
2
3
-4
8
0
-9
-1
-7
-6
-11
-14
-18
-14
-17
-13
-4
4
7
12
6
8
11
1
3
-2
3
-2
-5
-10
-10
-11
-14
-15
-15
-13
-22
-18
-13
-11
-6
-7
-9
-6
-14
-17
-8
-26
-29
-20
-23
-17
-10
-12
-1
-8
-9
5
3
-2
3
16
12
10
16
14
14
17
29
24
35
40
25
24
26
17
30
37
40
44
35
39
23
40
38
29
25
19
10
3
10
11
9
7
6
7
2
-4
-8
-12
-11
-19
-16
-26
-39
-39
-40
-34
-21
-29
-30
-25
-21
-26
-30
-29
-34
-40
-35
-29
-18
-20
-24
-27
-40
-35
-23
-19
-10
-1
-3
-6
-2
-5
-7
1
-4
6
5
2
0
-3
3
8
-2
0
-2
-4
10
23
24
22
24
20
20
20
19
23
17
23
25
11
17
14
15
27
25
22
18
16
22
24
19
18
12
7
6
19
20
8
15
11
-3
-10
2
-2
-6
4
1
3
1
8
9
9
5
-2
-13
-17
-24
-37
-32
-30
-36
-31
-34
-30
-28
-25
-24
-23
-25
-14
-2
-9
-1
-9
-10
2
8
3
8
6
5
1
-3
1
13
23
28
25
30
21
18
15
19
23
17
13
19
22
10
-3
-8
-3
-7
-5
0
10
4
2
1
-1
2
3
-5
1
4
-7
-1
7
0
-6
-7
-15
-16
-14
-8
1
-5
-3
-7
-15
-23
-19
-11
-5
1
3
1
-1
-8
-3
0
-4
-14
0
-2
-6
-13
-5
3
0
2
6
6
4
-5
-1
9
-3
-1
-1
-1
-2
2
8
-8
-11
-14
3
-2
-16
-12
-12
-16
-6
2
6
16
0
-6
-12
-15
-6
-1
-8
-1
-9
-15
-13
-9
-8
-11
-14
-9
-1
-4
4
14
2
-2
6
3
-2
5
1
-2
17
3
3
16
5
-4
8
10
-8
0
17
12
16
20
21
13
11
20
8
10
18
23
16
18
25
24
26
31
25
14
17
21
10
14
17
20
18
6
5
-4
-14
-11
-6
4
7
8
11
4
-12
-15
-3
-7
5
8
2
3
1
-9
-12
-5
-9
-23
-22
-16
-17
-5
-10
-10
-12
-13
-12
-13
-10
-12
-19
-25
-18
-24
-23
-1
1
-11
-5
-8
-17
-11
-16
-11
-1
-3
-4
1
2
-6
-10
-12
-6
-13
-18
-17
-11
10
8
4
3
2
-2
-6
-3
-4
8
6
8
17
9
-3
1
1
4
-4
-6
5
-8
-8
-2
-3
-9
-9
-6
-3
0
-1
-7
-11
4
5
8
12
9
1
-10
-12
-2
1
2
13
17
18
10
8
6
7
10
7
7
8
11
10
14
19
12
14
4
-7
-5
-1
4
0
1
3
6
2
-2
5
6
1
3
5
-2
-5
-14
-14
-4
-7
0
1
15
6
-5
-1
-1
-4
4
4
10
15
2
5
3
5
8
21
18
20
20
12
8
9
10
4
4
7
4
8
12
3
12
8
-3
-1
-4
-4
-3
-1
2
4
2
2
-4
-4
-8
-12
-13
-10
0
-2
-12
-10
-7
-15
-20
-18
-23
-28
-33
-24
-17
-13
-8
-7
-5
-3
1
-3
-1
0
-8
-7
-11
-6
0
-7
-11
-1
1
-4
7
11
6
5
10
-2
-1
5
5
6
11
12
4
-5
-7
-7
3
2
-1
-2
1
1
-2
-7
-8
-1
-3
3
11
5
-3
-5
-11
-12
-11
-12
-5
-7
-10
-3
-5
1
6
-2
1
3
2
-8
-8
-3
-2
-4
-10
-1
-1
-6
8
8
12
16
19
15
10
4
7
10
10
13
13
14
8
10
6
10
9
10
13
10
2
-3
1
2
2
-5
7
10
6
15
13
0
2
10
2
-6
-7
-8
-15
-15
-13
-8
-6
-2
8
5
8
11
15
-5
-8
2
-6
-15
-18
-9
-11
-3
3
-4
4
9
-2
-16
-10
-7
-7
3
8
9
17
11
-9
-15
-9
-5
-1
11
9
6
7
-1
-5
-1
-3
-9
5
4
3
-1
4
5
-2
-4
-11
-9
-13
-6
-7
-2
7
5
-1
6
7
-2
-3
0
-6
2
9
7
3
6
9
3
1
-1
8
4
7
4
0
-3
-8
2
2
2
5
10
4
5
9
3
-2
3
3
-5
0
2
2
0
-2
-7
0
0
-10
-3
-2
7
-2
-1
-1
-3
-8
-11
-10
-11
-7
-14
-20
-14
-18
-15
-11
-2
3
-1
-4
-3
-7
-10
-7
-6
-2
-3
-3
-13
-13
-12
-5
-5
-2
4
0
-5
-3
-3
-4
1
2
7
-2
2
3
-1
7
9
8
5
3
2
11
3
2
15
19
14
13
18
11
7
6
12
20
18
19
20
18
7
3
2
2
7
11
10
1
2
0
-4
1
3
-4
3
7
2
-4
-3
-8
-9
-14
-17
-7
-15
-16
-7
3
0
2
1
-4
-13
-12
-6
-6
-7
-5
3
-7
-2
7
10
9
5
2
0
2
1
-1
8
9
1
0
3
4
6
10
12
3
-2
4
1
-3
3
0
-1
0
0
-4
-3
1
0
-4
-3
-6
-5
-6
-6
-5
-7
1
-10
-4
-5
-15
-9
-2
-1
-5
-2
-7
-7
-5
-4
-4
2
-3
-3
-2
-2
-9
-15
-7
-10
-2
7
1
-3
-4
-7
-9
-14
-7
-8
-11
-2
1
5
7
4
5
3
7
5
-2
-1
-1
-8
-6
-4
-4
-9
-7
1
-6
-3
1
4
4
7
5
11
12
8
9
10
14
7
4
0
0
1
9
10
16
7
10
15
3
3
7
18
18
21
12
10
1
-7
-2
2
-1
-3
-1
-1
4
2
2
7
5
0
-5
-2
-3
0
0
1
2
-6
-4
-1
-4
-8
-8
-7
-6
-6
-1
-1
7
2
-1
0
0
-3
0
10
4
8
11
11
3
5
2
-1
-3
-2
-3
5
2
-1
-1
-2
0
3
9
5
7
4
1
2
1
0
2
3
-1
-1
-5
-13
-12
-10
-12
-8
-9
-9
-2
-3
-5
-3
-5
1
-5
-8
-3
-8
-7
-9
-5
-9
-8
-13
-12
-15
-11
0
-5
4
2
-4
-9
-6
-3
-8
-12
-9
-10
-14
-9
-3
-4
-3
-8
-10
-5
-4
-5
-1
1
4
7
1
4
2
-1
-3
1
-5
-3
-2
-3
3
3
7
6
10
8
8
4
7
9
7
9
11
11
10
7
5
6
9
12
12
14
11
2
8
3
7
11
8
12
14
9
3
5
6
7
8
7
7
3
1
3
-1
7
6
4
8
5
3
-1
1
5
5
2
10
2
-2
-3
-9
-7
-12
-7
-6
-4
-5
-6
1
5
-5
-4
-1
0
-6
-9
-2
-1
-2
1
-2
1
0
-1
0
2
-4
-5
0
-2
-10
-9
-6
-8
-15
-7
0
-5
-7
-3
-5
-8
-4
-3
-1
1
2
0
-6
-8
-3
3
-4
-1
4
1
1
3
4
1
-1
-6
1
1
3
5
-1
-4
-4
-8
-9
5
0
1
6
4
5
5
-3
-5
-5
-6
-6
-11
-8
-6
-9
-10
-3
-4
-2
-7
-6
-5
-6
-2
-5
-1
-1
-2
2
5
2
5
1
-3
0
-3
-2
0
1
7
9
6
6
7
4
4
6
11
13
13
10
16
12
4
5
0
-4
0
5
2
3
4
9
8
3
2
8
6
4
4
3
1
-1
-1
1
0
-4
2
-2
-6
-3
3
-2
-5
-2
0
2
-2
1
1
-3
-2
-1
1
-1
0
-4
3
1
-1
0
0
-2
-4
-1
-1
0
-4
1
4
2
-3
1
0
-1
2
3
5
-3
-7
-7
-3
-7
1
4
3
5
0
-3
0
8
3
7
6
4
4
3
3
-1
6
2
3
4
1
0
2
3
0
-3
-5
-2
-3
-6
-3
-6
-8
-7
-6
-1
5
5
-2
-4
-4
-8
-8
-8
-3
-5
-10
-7
-7
-9
-5
-3
-6
-2
-2
-4
1
-2
-3
-4
-5
-12
-8
-2
-2
1
3
2
0
5
6
2
5
8
10
5
-2
1
8
0
-2
0
0
-1
-3
1
-3
1
1
-4
-6
0
-3
-2
5
1
1
6
6
3
7
0
-3
-2
-7
-7
-4
-6
-8
-5
-8
-9
-7
-3
-3
-2
0
-2
3
-2
-1
2
0
-4
0
-2
-6
2
3
3
3
6
-2
0
7
5
8
8
6
11
7
2
6
4
10
8
0
2
3
-1
-4
1
2
4
1
2
6
6
11
9
4
3
7
8
9
10
9
12
11
11
9
4
7
3
3
6
9
4
4
6
2
3
0
-1
-5
-1
2
3
0
0
4
-6
-8
-6
-6
-7
-6
-4
-5
-10
-9
-3
-1
-4
-6
-3
-7
-5
-2
-8
-8
-8
-14
-13
-8
-3
-4
-6
-6
-3
-2
0
3
4
-2
3
1
-1
3
1
-6
-4
-1
1
2
1
3
2
5
-2
-1
-1
-2
-2
0
-4
-2
3
-1
4
4
1
2
1
1
1
-2
-9
-3
-1
-2
-1
-3
-7
-2
-5
-8
-7
-6
-7
-4
-3
-5
-4
-11
-13
-8
-11
-9
4
3
1
0
3
3
5
3
6
5
2
-1
3
1
-7
-8
-9
-3
-1
1
6
4
2
3
8
4
3
2
-5
-1
1
2
-1
-3
1
-3
-3
-1
1
2
3
2
1
4
-2
4
11
11
6
7
4
-1
-1
2
1
0
-3
1
6
9
9
9
13
10
7
7
10
8
5
4
4
2
5
4
-4
1
-1
3
-1
-1
4
2
0
2
6
5
3
1
3
2
0
6
6
3
-1
3
3
-2
4
4
3
2
6
7
7
6
6
6
7
3
-1
-1
-3
-2
-4
-5
-4
-7
-3
-1
-5
0
-1
-6
-7
-8
-7
-5
-5
-5
-9
-8
-7
-9
-7
-9
-10
-5
-10
-10
-8
-10
-9
-12
-8
-9
-7
-7
-9
-7
-7
-9
-7
-4
-3
-6
-6
-8
-9
-5
-8
-2
-3
-7
-2
3
0
3
5
2
1
-2
-1
0
-2
-1
0
-3
-3
3
-1
-2
2
0
0
5
7
0
1
-4
-5
4
5
1
4
8
8
5
6
5
5
7
3
8
8
5
5
3
3
0
1
3
7
5
6
9
4
5
5
2
-1
6
5
8
8
10
9
12
13
13
14
12
8
5
6
4
-1
-2
3
3
1
1
8
7
3
8
7
2
1
4
2
3
2
2
2
0
-4
-1
3
5
3
-3
-1
-7
-6
0
-5
-1
1
-5
-5
1
-4
-8
-9
-12
-8
-12
-13
-10
-13
-14
-12
-10
-10
-5
-8
-14
-9
-7
-6
-1
-2
-6
-11
-10
-14
-8
-7
-10
-8
-6
-1
-1
0
1
0
-2
1
0
-3
-2
-4
-7
-7
-4
1
-1
0
3
5
2
1
0
0
1
4
4
7
8
2
5
1
2
2
-1
-1
1
-3
-3
3
-1
1
6
4
2
3
1
-2
-4
-4
-2
-4
-6
0
-3
-1
2
0
3
1
3
2
2
2
6
5
3
8
11
12
11
8
8
4
2
6
12
12
7
9
9
11
10
6
11
7
7
9
5
10
8
6
6
4
4
6
6
2
4
4
4
4
1
4
2
2
1
-4
-2
-6
-5
-4
-4
-6
-6
-9
-7
-6
-8
-6
-9
-9
-1
-3
-8
-2
-2
-7
-9
0
-4
-6
-6
-6
-5
-7
-7
-5
-5
-8
-5
-3
-2
-6
-4
-3
-6
-2
-2
1
0
0
0
1
-5
-4
-1
-10
-6
-4
-5
-1
-2
-6
1
1
-2
1
1
-1
1
2
-1
3
3
3
5
-2
-2
-2
-3
0
-1
2
6
5
2
4
6
1
-4
2
-1
0
4
6
3
-2
1
0
-1
-2
-2
1
2
-1
1
2
0
1
0
0
-4
-4
-1
1
2
3
2
1
2
1
1
0
0
-4
-6
1
0
2
5
0
-2
4
4
2
4
6
4
-1
-1
-1
0
5
5
0
3
1
-1
7
5
2
4
2
0
0
-1
-4
-4
-2
1
4
4
2
0
5
-1
-4
-1
0
-5
-5
-3
-3
6
5
5
8
6
0
1
-1
-4
-1
-1
-2
-2
4
0
1
1
2
5
7
5
3
-2
-1
0
-5
2
2
-1
-1
2
-4
-1
3
1
-3
1
1
-2
0
0
2
-2
-1
-2
-2
-1
-2
-5
-7
-7
-5
-8
-6
-6
-5
-5
-7
-5
-8
-3
-5
-5
0
2
2
-1
-1
2
3
3
7
7
2
1
0
2
5
5
8
4
2
2
-4
-3
-1
1
5
1
5
6
4
3
4
1
2
0
-2
-1
-4
-3
3
2
1
3
-2
0
-2
-6
-4
-5
-9
-6
-3
-2
-1
-6
-5
-2
-6
-8
-4
-6
-7
-1
-2
-3
1
3
0
3
2
2
7
0
0
-2
-3
-3
-8
0
0
-4
-1
1
0
1
5
5
5
2
3
4
3
1
5
5
2
2
1
3
3
5
7
7
5
4
6
6
5
3
2
-1
-3
-3
-2
2
1
1
1
-1
4
-1
0
3
-2
-2
-1
0
-2
-5
-2
-4
-6
-5
-2
-1
-2
-1
-2
0
-3
0
4
-2
-4
2
2
1
0
-2
-2
-6
-5
-3
1
4
1
0
0
0
-2
1
6
8
9
6
5
7
4
3
1
3
5
4
7
3
5
7
5
4
4
6
3
2
3
3
2
0
2
-2
-2
-1
1
-1
-5
0
-1
-6
-7
-6
-12
-11
-5
-6
-2
-1
-2
-5
-7
-6
-5
-7
-6
-5
-7
-12
-10
-7
-4
-6
-4
-3
-3
-6
-8
-7
-5
-7
-5
-5
-4
0
-1
-2
-3
-1
1
3
3
1
-1
-3
-1
-1
3
2
1
5
7
1
-3
1
-1
0
3
5
3
2
3
5
7
4
3
2
1
1
1
3
3
3
5
3
3
3
1
4
7
5
6
7
3
5
5
4
3
5
7
4
4
5
3
6
4
5
3
3
2
-1
-5
-4
0
-1
-1
2
-1
-1
4
4
7
5
1
-1
-1
-1
-2
-1
-3
-3
-4
-2
-1
0
0
0
0
-1
1
-3
-5
-4
-2
-4
-6
-3
1
1
-1
-4
-1
-2
-6
-4
-4
-2
0
1
0
0
2
5
5
4
2
2
2
0
0
1
-2
-3
0
0
0
-1
-3
-5
-3
-7
-5
-5
-5
-4
-5
-4
-5
-2
-5
-1
0
-1
-4
-4
-1
-5
0
3
3
3
1
1
1
-4
-8
-4
-5
-6
-1
4
3
-2
0
2
1
1
5
1
-3
-1
-2
-3
-1
1
-1
3
5
4
5
5
1
2
5
3
5
7
4
3
5
1
-3
-1
-5
-9
-5
-3
-2
3
2
-2
-1
0
1
0
-1
-3
-4
-7
-6
-3
-4
-5
-3
-5
0
2
1
3
2
3
3
1
4
3
-1
0
-3
-4
-3
-1
0
-1
0
-1
-1
3
2
0
0
3
-1
1
0
1
4
1
2
5
5
2
3
6
2
3
1
-1
1
2
6
3
7
4
0
5
3
2
4
3
2
4
3
4
5
2
2
0
1
4
4
1
4
4
8
9
6
5
7
8
6
6
2
2
1
2
7
2
7
5
0
3
-1
-4
-2
0
-1
-1
-3
-2
-1
-4
-1
-1
-6
-3
-3
-5
-4
-6
-4
-3
-10
-9
-9
-14
-11
-8
-8
-7
-5
-4
-7
-6
-5
-9
-6
-7
-8
-9
-11
-9
-7
-7
-6
-7
-6
-5
-5
-11
-9
-11
-11
-5
-4
-1
-4
-4
2
0
-2
0
1
0
1
-3
0
0
1
2
2
6
5
5
7
3
3
2
1
6
6
8
8
7
8
8
6
3
4
6
7
7
9
7
5
4
7
8
8
9
3
7
5
10
8
4
1
1
4
0
-1
5
5
0
0
-3
-3
-5
-2
0
1
2
0
2
1
6
5
3
8
3
1
3
-1
2
1
-3
-2
-2
-1
1
5
4
2
0
1
-2
-2
-2
-4
-3
-7
-6
-7
-8
-9
-9
-9
-4
-3
-3
-3
-5
-9
-11
-9
-7
-6
-5
-7
-2
-3
-1
1
-3
-5
-5
-9
-6
-10
-6
-2
1
7
5
5
4
5
4
8
6
2
1
-2
0
2
7
9
9
8
8
6
6
6
5
7
5
8
13
8
7
8
6
6
6
7
4
0
-1
-1
0
2
0
6
10
2
2
3
3
-2
0
-2
-1
-3
-3
-5
-3
-7
-10
-9
-11
-9
-11
-13
-10
-9
-10
-12
-12
-13
-10
-9
-12
-12
-9
-12
-14
-10
-12
-11
-6
-9
-9
-4
-3
-6
-4
-4
-1
1
4
7
4
3
7
5
5
9
6
7
6
8
11
11
12
10
11
12
6
8
5
5
4
3
4
6
5
6
3
-2
3
3
-1
2
-1
-4
-1
-1
-7
-3
-4
-3
-5
-6
-2
-4
-7
-5
1
-3
0
0
2
5
3
3
6
7
3
8
6
8
10
9
10
10
11
10
8
4
2
5
4
6
10
4
5
5
0
4
3
0
0
2
0
1
-3
-9
-5
-7
-3
-3
1
-2
-5
-5
-4
-4
-7
-5
-6
-7
-9
-7
-5
-5
-3
-2
-4
-4
-5
-5
-5
-7
-6
-6
-3
-3
-3
-1
-2
0
0
0
1
3
3
-1
1
1
0
0
0
-1
-3
-2
-2
-3
-6
-5
-4
-5
-7
-5
-5
-8
-7
-2
-4
-1
1
-3
-1
2
0
-2
2
0
-2
0
-1
-1
1
-2
-4
-2
-1
-5
0
3
2
0
-1
2
3
-2
2
6
6
9
4
2
0
1
2
7
3
1
4
3
5
3
4
7
7
4
10
10
2
6
1
0
4
4
2
5
6
7
10
4
7
7
2
5
6
6
5
3
4
1
-1
3
2
1
0
-4
0
-1
-3
-5
-1
1
-3
-5
-8
-6
-5
-6
-8
-6
-6
-6
-2
-5
1
-1
-1
-3
-2
-3
-4
-5
-6
-3
-5
-6
-6
-4
-4
-2
0
-1
-1
2
-1
-6
-2
0
0
1
0
0
-2
4
4
-1
2
1
2
2
3
6
4
2
2
1
0
-2
-6
-1
-2
1
3
1
-1
-3
-6
-8
-6
-6
-5
-6
-5
-5
-5
-1
0
-2
3
-1
-2
-2
-4
-1
4
2
0
4
5
4
4
5
4
6
3
5
2
4
1
-1
5
4
6
4
3
2
2
1
2
2
3
2
3
3
1
2
2
1
-3
-3
-2
0
1
4
2
-2
-2
-2
-2
-1
0
-4
-4
-3
-6
-4
-3
-6
-2
1
-2
-1
2
0
-1
-2
-1
4
2
-2
4
7
3
2
7
3
0
-1
-2
-3
0
3
1
3
4
4
4
7
8
4
3
0
-2
-2
-2
1
1
0
4
1
1
1
3
3
4
2
0
2
-4
1
0
4
0
-6
-3
-10
-5
-2
-4
-2
0
-2
4
2
2
-1
-2
0
-2
-2
-3
-2
-8
-8
-6
-5
-4
-3
-3
-6
-3
-5
-7
-10
-9
-10
-10
-6
-6
-4
-6
-6
-8
-5
-1
-1
-2
1
0
-1
1
-4
0
3
5
4
3
3
2
0
0
1
4
5
1
0
2
5
3
5
10
8
6
9
8
8
10
10
7
8
10
8
5
7
7
0
2
0
4
2
1
0
3
2
2
3
0
-2
-1
-2
-3
3
4
0
-2
-3
-6
-7
5
2
2
6
1
0
-1
-1
-1
-3
-3
-6
-8
-5
-5
-3
1
-1
0
1
0
-4
-8
-4
-4
-5
-8
-3
-2
-5
-3
-4
-4
-7
-3
-1
-1
-2
-1
-2
-2
-1
0
1
0
-1
-1
7
4
3
2
-1
0
-3
0
4
6
3
2
6
5
4
5
8
5
3
0
3
3
6
4
6
4
1
1
1
7
8
9
7
7
8
5
1
2
2
-1
-2
-4
-3
-4
-7
-4
-2
-4
-5
-5
-8
-9
-9
-11
-6
-3
-4
-7
-8
-4
-6
-8
-3
-6
-7
-7
-4
-2
-6
-4
-1
-3
-3
1
1
2
1
3
1
-1
0
-3
-1
-2
2
4
5
3
4
4
8
5
3
6
2
2
5
7
8
9
6
6
7
5
1
-1
1
2
-1
0
2
4
1
4
1
1
1
-4
-1
1
-2
-2
2
3
-2
-3
0
-3
-5
-8
-5
-7
-7
-6
-11
-9
-8
-9
-6
-2
0
-1
-4
-3
-3
-3
-6
-3
2
2
1
0
1
-1
1
-1
3
5
2
4
1
1
5
4
4
7
8
9
6
7
7
9
6
8
8
10
10
7
6
6
5
-1
4
7
6
5
5
4
4
3
0
0
-2
1
1
0
-1
1
0
-1
-4
-4
-3
-6
-4
-5
-5
-5
-2
-2
-5
-3
-3
-5
-5
-7
-7
-7
-7
-5
-6
-3
-3
-5
-4
-6
-7
-8
-7
-8
-6
-5
-3
-4
-2
1
-1
-4
-3
-2
-5
-3
1
2
2
2
5
5
4
6
5
1
1
4
2
1
2
3
0
-3
0
1
5
2
2
3
-1
-1
-3
-3
-1
0
-1
-2
-2
1
4
2
5
3
1
-1
-4
-3
-3
-2
-2
0
0
0
-3
-1
-3
0
-3
-3
-2
-1
0
0
2
3
4
1
2
-2
0
0
-1
0
1
2
0
3
3
0
4
7
4
6
5
4
6
5
2
1
1
0
-4
-2
1
2
1
2
5
4
4
6
8
5
3
8
6
3
5
4
4
3
2
1
-2
0
-2
-6
-3
-1
-4
-3
-2
-3
-2
-2
-2
-1
-5
-1
1
0
-1
2
0
-5
-5
-5
-3
-7
-8
-3
-3
-2
-2
-4
-4
-7
-7
-4
-4
-5
-5
-5
-5
-3
-4
-4
-3
-2
1
1
0
2
3
3
2
5
6
3
3
7
3
2
0
2
2
3
2
4
1
0
-2
-3
0
1
2
1
4
7
7
2
2
5
0
1
-1
0
-1
-2
-4
-4
-2
3
3
0
5
2
0
0
-1
0
-7
-6
-5
-1
-3
1
1
-1
-1
-6
-3
-8
-7
-7
-4
-3
-1
-1
-8
-4
-7
-6
-4
-2
-5
-1
0
-3
0
2
2
-4
-4
2
2
2
8
10
8
9
8
6
5
8
8
6
4
6
7
8
10
8
5
5
2
5
2
2
0
3
3
6
10
7
6
2
3
6
3
2
5
4
0
-3
-3
-4
-4
-6
-9
-8
-6
-10
-11
-5
-6
-8
-4
-6
-4
-7
-9
-8
-8
-8
-5
-2
-4
-7
-5
-3
-6
-3
2
0
-1
1
-2
-6
-3
3
3
3
1
2
-2
-2
-1
-1
6
7
7
8
4
5
6
4
4
4
3
4
4
2
3
6
4
4
5
6
8
4
2
2
2
2
4
6
4
-1
-1
1
0
-2
0
1
-1
0
-3
0
-1
-1
-3
-2
1
-6
-2
-4
-6
-6
-5
-5
-7
-8
-8
-7
-7
-7
-4
0
-2
-1
-5
-5
-5
-3
-6
-7
-5
-8
-6
-4
-2
-4
-7
-6
-5
0
1
0
-1
-3
-3
-1
0
1
-1
0
2
5
3
1
4
5
4
6
9
10
9
8
12
8
10
11
5
9
8
5
4
2
1
4
3
2
3
5
6
9
10
9
6
3
3
1
1
1
-2
-5
-2
-1
0
2
1
-1
-1
-1
-2
-8
-5
-4
-6
-5
-8
-7
-2
-5
-6
-3
-3
-4
-1
-3
-6
0
0
1
1
-1
1
2
-2
4
4
1
1
-1
-4
-2
1
1
1
0
3
-3
-2
1
-1
0
2
1
4
-1
-3
-1
-1
-2
-4
-1
-1
-1
-3
-6
0
-3
-5
-2
-3
-4
-8
-5
-8
-7
-4
-2
-1
-1
-1
-5
-2
-3
-3
-2
-3
-4
-2
-5
-3
2
0
2
5
4
4
7
6
4
0
2
2
0
0
1
1
-1
2
2
5
6
7
10
7
4
4
1
4
6
6
6
1
4
3
2
3
3
1
0
6
6
6
8
6
7
5
4
3
0
-2
0
2
2
2
4
1
-1
1
2
1
2
-2
-3
-2
-3
2
-1
-5
-6
-8
-8
-7
-6
-6
-7
-7
-6
-6
-5
-8
-5
-3
-5
-5
-8
-6
-7
-7
-5
-1
-6
-7
-8
-2
-3
-2
0
1
1
-2
3
5
7
6
4
4
3
1
1
-1
2
1
-3
0
-2
5
7
4
5
6
8
7
8
7
8
5
6
5
2
2
4
2
-1
-2
-2
-1
-1
2
2
2
1
-2
-3
-3
-4
-4
0
-4
-3
-1
-5
-2
-2
-4
-3
-4
-4
-2
-2
-4
-4
-5
-4
-5
-4
-2
-3
-4
-3
-5
-5
-4
-4
-5
-5
-6
-7
-5
-3
-2
1
3
4
4
3
3
7
5
3
5
7
6
3
0
3
5
5
7
5
7
7
5
4
7
4
3
5
6
7
9
9
9
8
5
5
4
1
2
-1
0
1
4
4
6
5
3
4
0
0
1
-1
-2
-5
-2
-5
-6
-2
-1
0
-3
-4
-5
-6
-7
-8
-8
-4
-5
-3
3
1
0
-1
-4
-8
-11
-8
-6
-5
-3
-6
-8
-10
-6
-2
-1
1
-1
0
0
-4
-4
0
-4
-8
-6
-3
1
-3
-5
-4
0
-1
1
3
1
5
5
5
5
8
7
5
1
3
1
3
7
7
8
6
4
1
2
5
5
4
4
4
2
1
3
0
7
3
2
2
3
2
1
3
3
1
1
-2
-4
-4
-3
-3
-1
-2
-2
-6
-5
-3
3
-2
-3
-1
-3
-6
-6
-2
-3
-1
0
-2
0
-2
-4
-2
-4
-1
2
3
0
-1
0
1
1
1
3
1
1
-2
-2
2
2
1
4
3
2
1
-1
-1
4
5
2
5
6
7
8
8
6
6
2
2
0
-1
0
1
3
1
3
4
2
-4
-7
-3
-5
-3
-2
-5
-5
-3
-1
-1
-3
-7
-7
-7
-7
-4
-5
-8
-6
-5
-3
-1
-2
-4
-2
-5
-5
-4
-6
-5
-5
-2
-2
-5
-5
-4
0
1
3
-3
-4
-7
-6
-3
-3
0
1
4
3
4
4
1
0
-1
0
4
2
2
4
3
2
2
6
8
8
8
9
9
7
6
5
5
3
0
3
6
5
9
6
6
4
3
4
9
10
5
8
6
5
5
4
4
4
2
7
6
3
-2
-1
-5
-5
-3
-1
5
1
2
1
-3
-5
-3
-1
-2
-5
-4
-4
-6
-4
-2
-2
-5
-1
0
-6
-9
-8
-10
-10
-9
-1
0
1
-4
-9
-8
-6
-3
-1
-2
-3
-2
-4
-7
-3
-5
-5
-2
-4
-3
-5
-5
-4
-7
-6
-5
-7
-9
-6
-4
-6
-6
-4
-3
-2
-2
-3
0
-4
-7
-5
-2
-1
-2
3
7
6
6
7
5
7
8
9
11
7
5
8
7
6
9
6
3
2
4
5
8
5
10
13
14
16
11
8
7
8
10
9
4
3
3
4
6
4
4
1
-1
3
-1
-1
2
-2
-3
-3
-3
-3
1
-4
-7
-7
-6
-3
-1
-4
-4
0
-1
-5
-3
0
-2
-1
0
3
2
1
-3
-4
-2
-3
-7
-7
-8
-8
-9
-7
-5
-1
3
-1
-1
-3
-3
-6
-3
-1
-6
-2
-2
-3
0
-5
-2
-3
-8
-7
-6
-6
-5
-3
-1
0
-2
-4
-7
-7
-5
-2
0
2
1
1
2
2
1
5
2
4
4
2
4
1
2
3
3
4
7
10
12
11
8
4
2
-2
1
4
5
7
4
1
1
2
-2
-2
-2
-1
-3
-3
1
0
-2
-2
-4
-3
-1
-1
-2
-8
-3
-4
-3
-1
-4
-7
-7
-6
-4
-1
-4
0
2
-2
-2
-2
-4
-4
-9
-6
-7
-4
-2
-2
1
-1
0
2
5
0
4
2
1
5
5
7
6
7
6
4
4
8
13
9
8
11
8
7
5
5
9
10
6
11
11
12
9
8
4
2
-2
-1
1
-1
4
4
7
8
2
-3
-1
-2
-1
2
-2
-2
-7
-9
-10
-4
-1
-6
-5
-5
-5
-2
-3
-1
-1
2
-2
0
4
-4
-4
-4
-7
-7
-2
-4
-4
-3
-3
-2
-1
3
1
-2
-2
-2
-1
-3
-2
-5
1
2
4
3
1
-6
-6
-6
-6
-3
-9
-5
-8
-11
-9
-10
-9
-12
-9
-8
-7
-5
-6
-9
-8
-5
-6
-11
-13
-9
-7
-4
-4
-2
-6
-6
-5
-4
1
3
6
1
3
-1
2
5
4
4
5
7
7
4
2
3
6
4
9
9
9
11
12
12
9
8
5
10
12
8
12
12
6
8
7
8
3
5
3
6
12
12
13
12
8
7
2
0
2
-2
2
3
3
3
5
2
1
-3
-3
-2
0
0
-3
0
-3
-1
4
2
1
-2
-6
-3
1
4
1
-2
0
0
-1
-1
0
-7
-5
2
2
7
4
-3
-7
-10
-4
-5
-6
-2
-2
-1
0
3
4
-1
-8
-9
-8
-7
-5
-5
-2
-5
-6
-4
-2
-2
-1
-3
-3
-4
-5
-7
-1
0
-5
-1
2
-2
-2
-3
-8
-7
-10
-7
-6
-3
0
-1
0
-2
-1
-3
-4
-6
-11
-6
-3
0
-1
1
0
-4
-3
-6
-3
-7
-5
-1
2
1
4
5
-2
-3
-3
-1
2
2
2
3
5
3
5
10
5
1
-1
2
-3
1
4
3
5
2
4
2
0
3
2
-3
-1
1
-3
8
11
13
14
13
9
3
3
0
-1
-3
3
2
5
6
0
-3
-3
2
4
5
6
8
9
8
10
8
6
3
2
1
3
2
5
7
3
6
9
7
4
4
2
2
3
0
3
0
-4
-2
-4
-5
-8
-7
-9
-7
-3
3
4
-1
1
1
-3
-6
-11
-13
-17
-16
-13
-10
-8
-8
-6
-4
-1
-7
-8
-9
-7
0
0
3
2
-5
-6
-4
-6
-9
-9
0
2
1
2
4
0
-4
-3
-3
0
1
5
10
9
5
-1
-1
-3
-1
2
3
4
4
5
4
7
7
0
-1
-1
-2
-3
0
1
5
5
7
8
2
3
2
-5
-8
-6
-3
0
-4
0
3
-2
-2
-4
-4
-5
0
3
5
2
-2
0
1
-1
-3
-1
1
0
4
9
8
8
9
8
2
-3
-4
-6
-3
0
3
7
6
4
5
2
3
0
4
3
1
1
2
3
1
2
0
5
5
4
1
-1
-1
-2
1
1
4
1
-1
2
2
4
1
3
-3
-6
0
-3
0
2
1
-2
-3
-5
-7
-10
-6
-6
-5
1
-3
-7
-9
-8
-7
-2
0
0
4
2
-2
-8
-8
-8
-3
-1
0
3
-2
0
2
2
2
-5
-2
-2
-6
-4
0
-3
-6
-6
-1
5
3
1
0
-2
4
-1
-4
-2
-2
-4
-2
-1
-4
0
6
9
8
7
1
2
1
0
1
0
-1
0
-4
0
6
4
2
4
5
8
5
5
5
-4
-4
0
1
4
9
4
8
8
2
-2
2
6
3
4
6
2
1
4
4
3
1
-3
-1
-1
-3
2
-1
-2
-1
1
0
3
5
0
-5
-1
-5
-10
-6
-6
-2
-7
-4
3
2
0
2
4
-1
2
1
-5
0
-3
-3
-5
-3
0
3
1
1
-2
2
2
4
3
-5
-4
-7
-10
-10
-14
-10
-7
-4
-3
-6
-7
-4
0
5
9
4
-1
-7
-8
-7
-3
-6
-2
-3
-4
-2
1
-4
-6
-2
-2
1
6
10
8
7
0
-2
0
-2
-3
-7
1
5
6
11
12
15
11
7
2
-4
-4
-3
-2
0
1
0
5
5
10
12
11
13
8
1
-3
-6
-9
-7
-1
2
3
7
8
3
5
6
8
5
2
0
-4
-6
-1
-3
-5
1
-3
3
9
8
13
11
11
9
2
-3
-2
-4
-9
-9
-7
-3
0
3
2
3
8
7
3
-3
-9
-14
-19
-19
-13
-6
-6
-1
5
5
2
0
0
-5
-8
-8
-4
0
-4
2
0
-6
-5
-1
1
-6
-1
0
2
0
1
0
-5
-6
-12
-10
-9
-5
-2
-5
-7
-2
4
5
5
8
7
-6
-6
-8
-14
-12
-8
-3
3
5
10
8
4
3
-2
-5
-4
-2
0
1
2
3
0
0
4
4
5
7
9
16
9
6
11
3
-4
-4
-4
-2
0
5
8
12
16
16
9
8
5
3
-3
-7
-7
-6
-8
-3
8
9
5
1
4
1
-3
-4
-2
-1
-1
-1
-5
-10
-7
-5
-1
2
2
2
2
2
-1
-9
-13
-11
-11
-2
6
8
11
10
10
5
-2
-2
4
1
