10
12
10
8
9
8
6
6
6
5
5
4
3
3
2
1
0
0
-2
-3
-3
-4
-5
-5
-4
-5
-5
-4
-4
-4
-4
-4
-4
-4
-4
-3
-3
-3
-4
-4
-3
-3
-3
-3
-3
-3
-3
-3
-4
-4
-3
-4
-4
-5
-2
-3
-4
-2
0
-3
-4
-3
-2
-2
-2
-2
-1
-1
-3
-3
-2
-4
-4
-4
-4
-2
-3
-3
-4
-5
-5
-4
-5
-6
-4
-4
-5
-5
-5
-4
-4
-2
-2
-1
-1
-1
-2
-1
-1
0
1
1
1
0
1
0
2
0
0
0
0
1
2
3
2
1
1
2
5
4
4
5
6
7
10
8
8
7
6
6
7
6
5
6
6
7
6
6
6
6
5
6
4
4
6
5
4
5
5
6
6
6
5
5
6
6
7
6
7
5
3
2
0
-1
-3
-3
-5
-4
-6
-7
-8
-8
-8
-8
-9
-8
-10
-10
-8
-8
-8
-8
-6
-6
-6
-5
-6
-5
-5
-4
-4
-3
-4
-4
-1
-3
-1
-1
-2
0
1
1
2
3
1
3
1
1
3
3
4
4
5
5
5
5
5
4
5
3
3
2
2
-1
0
-1
-2
-4
-4
-5
-5
-7
-8
-7
-8
-10
-8
-9
-9
-9
-9
-11
-11
-12
-11
-11
-11
-10
-10
-8
-9
-7
-7
-6
-5
-6
-4
-5
-3
-2
-1
-1
1
2
4
4
6
8
8
9
9
11
12
12
12
15
15
16
16
17
19
18
20
19
19
19
18
18
18
18
16
16
14
13
13
12
13
11
11
9
7
6
5
5
4
2
2
-1
-2
-3
-3
-6
-6
-7
-9
-11
-11
-12
-13
-13
-15
-14
-15
-17
-18
-18
-18
-19
-19
-19
-19
-19
-19
-17
-18
-17
-17
-15
-14
-13
-14
-13
-11
-10
-9
-8
-6
-5
-4
-3
-1
0
1
2
3
5
6
5
5
6
7
7
9
8
9
10
11
11
11
10
9
10
10
10
10
10
9
8
7
7
5
4
5
3
2
0
2
0
-1
-1
-2
-2
-3
-3
-3
-3
-3
-4
-3
-4
-4
-4
-5
-4
-5
-4
-4
-5
-5
-3
-4
-4
-4
-4
-4
-4
-3
-4
-3
-3
-1
0
2
3
3
5
4
4
6
6
7
7
8
8
10
10
11
11
11
12
13
12
13
13
13
13
13
13
12
13
12
11
11
10
10
10
10
10
11
9
9
8
8
7
6
5
3
3
3
0
-2
-4
-6
-7
-9
-8
-9
-13
-13
-13
-15
-14
-16
-17
-17
-17
-18
-17
-18
-17
-18
-18
-17
-16
-15
-14
-14
-15
-14
-14
-14
-12
-11
-12
-10
-12
-10
-10
-8
-6
-6
-4
-4
-5
-4
-2
-1
0
2
2
3
4
4
4
5
5
6
5
5
6
6
6
7
6
6
4
3
2
2
2
2
2
2
3
2
1
0
2
0
2
3
2
2
2
1
1
0
0
-1
1
1
-1
-2
-1
-2
-3
-2
-4
-2
-1
-3
-3
-2
-1
-2
-2
-1
-2
0
1
2
3
4
5
6
4
6
5
4
4
5
4
4
5
5
7
6
8
9
9
10
11
14
12
14
14
14
14
15
15
16
16
15
17
16
17
16
15
16
16
13
13
11
11
10
8
8
9
8
7
6
6
6
5
3
2
1
-1
0
-2
-3
-3
-3
-3
-4
-4
-5
-7
-7
-8
-11
-11
-11
-14
-16
-17
-18
-18
-20
-20
-21
-20
-23
-22
-21
-23
-23
-22
-23
-23
-23
-23
-23
-22
-22
-22
-21
-21
-20
-20
-21
-19
-19
-18
-17
-17
-16
-13
-13
-12
-9
-10
-7
-4
-4
-3
-2
1
3
5
7
9
10
11
12
11
12
13
13
15
15
15
15
17
16
16
17
17
16
16
13
12
12
13
13
13
12
12
11
9
9
8
8
7
6
3
3
3
1
1
0
0
0
0
-1
-1
-2
-2
-3
-3
-2
-2
-1
0
1
2
2
2
3
3
4
3
4
6
7
7
8
7
9
9
10
11
13
13
13
13
14
15
15
17
17
15
17
17
16
17
17
16
16
16
17
14
13
11
11
10
9
9
7
7
3
3
0
-1
-2
-5
-6
-8
-10
-11
-12
-15
-18
-19
-20
-23
-25
-26
-27
-29
-28
-29
-29
-28
-29
-30
-30
-30
-31
-30
-29
-28
-27
-26
-24
-25
-23
-21
-19
-19
-17
-15
-14
-11
-10
-9
-8
-6
-4
-2
0
3
4
5
9
9
9
11
11
12
13
13
14
14
15
16
15
16
16
16
16
16
16
16
15
13
12
11
10
9
7
8
6
5
5
3
4
3
1
-1
-1
-3
-3
-3
-3
-3
-4
-5
-5
-5
-6
-7
-7
-9
-7
-5
-6
-5
-4
-2
-1
1
1
1
2
1
3
4
5
5
6
7
7
8
8
9
11
11
11
13
13
13
14
15
17
15
16
17
17
16
17
17
16
16
17
17
16
16
15
14
14
14
13
12
10
10
8
6
5
3
2
2
1
-1
-3
-5
-6
-7
-9
-10
-12
-14
-14
-15
-15
-18
-17
-16
-19
-20
-21
-21
-23
-22
-24
-23
-21
-23
-22
-23
-24
-22
-24
-25
-22
-23
-22
-21
-21
-18
-16
-17
-14
-15
-14
-11
-10
-8
-7
-5
-4
-3
-2
-1
1
2
4
5
8
9
9
10
11
12
12
14
14
13
13
12
11
12
10
11
9
10
11
11
12
12
11
10
10
11
10
8
9
6
7
7
6
6
6
5
4
5
5
4
3
3
3
3
3
1
1
2
1
2
2
2
2
2
2
1
2
3
3
4
4
6
7
7
7
8
9
10
8
9
9
9
9
9
8
9
9
10
10
10
8
10
10
10
9
7
8
6
5
4
4
3
3
3
2
1
0
0
-1
-3
-4
-5
-6
-9
-10
-11
-13
-14
-16
-17
-18
-18
-21
-22
-21
-23
-25
-25
-25
-25
-25
-25
-25
-24
-25
-24
-23
-23
-22
-22
-23
-22
-22
-21
-19
-18
-17
-14
-12
-9
-9
-7
-6
-4
-3
-1
0
1
2
3
4
6
7
7
10
10
11
13
16
16
16
18
18
17
20
19
18
20
19
18
19
19
18
18
17
16
17
18
17
17
16
17
17
16
16
14
14
13
13
14
13
11
11
11
9
8
9
7
6
6
5
4
4
4
5
1
1
0
0
-1
-2
-1
-1
-1
-4
-2
-2
-3
-3
-4
-3
-7
-5
-5
-7
-7
-8
-8
-9
-9
-10
-10
-11
-11
-11
-10
-12
-11
-13
-11
-12
-13
-13
-13
-13
-12
-12
-10
-10
-9
-9
-10
-8
-7
-7
-6
-5
-5
-4
-4
-6
-5
-3
-4
-5
-3
-3
-2
-2
-2
-1
-1
-2
-2
1
0
1
1
0
1
0
1
1
2
1
2
1
-2
0
-2
-2
-3
-3
-2
-4
-5
-4
-4
-5
-6
-5
-6
-5
-4
-6
-6
-6
-5
-4
-3
-1
0
2
1
2
3
5
6
7
7
7
9
9
9
10
11
11
13
13
13
14
15
15
16
16
16
17
17
17
17
17
17
16
16
16
16
15
15
15
14
13
13
13
13
12
12
10
9
8
8
7
6
4
3
1
1
-1
-1
-1
-3
-3
-2
-2
-5
-5
-4
-5
-6
-4
-6
-7
-7
-8
-8
-9
-10
-11
-13
-13
-15
-16
-17
-17
-16
-17
-19
-20
-19
-21
-22
-22
-22
-23
-23
-22
-23
-23
-24
-24
-25
-25
-24
-24
-23
-22
-21
-21
-20
-18
-18
-16
-15
-15
-14
-13
-12
-8
-7
-5
-5
-3
-1
-1
0
2
5
6
8
9
8
11
12
13
13
16
15
17
17
18
17
17
17
18
18
19
18
19
19
18
18
18
16
16
15
14
14
14
13
13
14
13
12
12
10
9
9
8
10
7
7
7
7
7
8
8
8
8
9
9
9
9
10
11
12
11
14
14
15
16
16
16
19
20
19
19
19
18
16
16
15
15
14
10
11
11
10
7
6
4
2
0
-1
-5
-7
-7
-9
-9
-10
-13
-13
-15
-17
-18
-19
-21
-22
-22
-23
-24
-25
-26
-27
-27
-26
-28
-29
-29
-31
-31
-31
-29
-30
-28
-28
-26
-27
-25
-24
-24
-22
-22
-22
-21
-21
-19
-19
-18
-15
-15
-15
-13
-15
-14
-13
-11
-9
-7
-5
-4
-1
-1
-2
2
3
4
4
6
7
9
9
11
13
14
13
14
16
16
16
17
17
16
17
16
17
17
16
16
16
17
17
15
17
15
15
15
14
14
14
14
11
11
13
11
11
12
9
10
9
10
8
8
8
7
8
7
8
6
5
6
5
4
6
5
5
5
5
4
4
5
4
5
5
6
7
7
7
7
6
7
7
7
8
10
9
8
9
9
8
7
6
5
4
4
2
1
1
-1
-1
-2
-2
-2
-2
-3
-4
-5
-6
-6
-7
-6
-8
-10
-10
-10
-9
-9
-10
-10
-11
-11
-12
-12
-15
-15
-15
-15
-16
-16
-17
-15
-17
-18
-17
-18
-19
-19
-18
-19
-20
-19
-20
-19
-19
-17
-15
-15
-14
-11
-11
-9
-7
-7
-6
-5
-4
-5
-3
-3
-1
-1
1
3
4
6
5
6
6
6
6
7
8
9
11
10
12
12
13
14
15
15
15
14
14
13
12
13
13
12
13
11
12
9
9
9
7
6
6
5
3
2
2
2
0
0
0
1
0
1
1
0
-1
-1
-2
0
1
0
2
2
1
1
0
1
1
1
1
0
2
2
3
3
3
4
2
3
2
2
3
5
4
5
6
6
5
5
7
4
5
5
5
7
7
5
4
5
6
4
3
3
3
0
0
1
-1
-1
-1
-1
1
-1
-3
-1
-3
-4
-4
-5
-4
-4
-6
-7
-6
-8
-9
-10
-11
-12
-11
-13
-13
-13
-15
-13
-15
-17
-17
-17
-18
-17
-18
-19
-18
-17
-15
-15
-13
-13
-12
-11
-10
-11
-8
-9
-7
-6
-5
-4
-3
-2
-2
-1
0
1
3
4
5
5
7
8
10
11
11
12
13
16
16
15
16
17
15
18
18
16
16
16
16
14
14
14
14
12
14
12
12
9
9
9
8
8
7
7
7
5
6
5
3
3
3
3
3
3
2
3
2
2
3
3
2
0
-1
1
-1
-2
-2
-4
-3
-2
-3
-4
-2
-5
-6
-6
-6
-7
-6
-6
-7
-7
-8
-8
-8
-7
-6
-6
-7
-7
-7
-6
-7
-6
-7
-7
-6
-6
-7
-6
-7
-7
-5
-6
-5
-4
-3
-3
-1
1
0
0
1
2
1
1
1
0
1
3
3
3
2
1
2
0
-1
-3
-1
-2
-3
-4
-4
-4
-5
-5
-5
-5
-6
-7
-6
-7
-7
-7
-7
-7
-6
-5
-6
-6
-5
-5
-5
-5
-5
-4
-3
-2
-2
0
1
2
3
4
3
5
5
6
6
8
9
9
10
10
10
10
10
10
11
11
11
12
10
11
13
12
10
11
10
9
8
7
6
5
6
5
6
6
5
5
3
3
3
2
1
1
-1
0
0
0
-1
0
-1
-2
-2
-2
-4
-3
-2
-3
-3
-4
-3
-3
-3
-4
-2
-1
-2
-2
-1
-1
-1
-2
-2
-1
-1
-2
0
-1
-1
-1
0
0
0
-1
-1
-2
-1
-2
-2
-2
-4
-4
-3
-3
-5
-4
-3
-4
-3
-2
-3
-3
-3
-1
-1
-2
-2
-2
-3
-4
-3
-4
-3
-4
-4
-3
-4
-5
-5
-4
-5
-5
-6
-6
-7
-6
-8
-8
-8
-8
-8
-8
-6
-6
-8
-5
-6
-6
-4
-4
-5
-5
-5
-4
-3
-2
-2
-2
-1
-2
0
1
2
3
4
4
4
4
5
7
6
7
8
8
9
10
11
11
10
9
11
11
10
12
11
11
13
11
12
12
12
10
10
10
10
11
10
8
7
7
6
6
5
4
3
4
3
3
1
0
0
-1
-1
-2
-2
-4
-3
-3
-6
-3
-6
-7
-8
-8
-9
-9
-9
-9
-10
-9
-9
-8
-9
-8
-8
-8
-9
-8
-8
-8
-7
-7
-7
-7
-7
-7
-5
-6
-4
-3
-3
-2
-1
-1
0
1
0
0
0
0
-1
0
0
1
1
1
2
3
3
3
3
4
4
3
3
2
2
2
2
2
1
1
1
0
0
1
-1
-1
-1
-1
-3
-4
-4
-5
-5
-4
-5
-6
-3
-3
-4
-3
-3
-4
-4
-5
-5
-3
-2
-3
0
2
1
2
2
3
3
5
4
4
4
5
5
8
9
8
10
11
12
12
11
12
11
12
12
12
11
11
10
10
11
9
9
8
8
8
7
6
4
4
4
3
3
3
1
0
0
0
-1
-2
-2
-3
-5
-4
-4
-6
-6
-5
-8
-9
-8
-7
-10
-10
-10
-11
-11
-10
-11
-10
-10
-10
-10
-8
-8
-8
-7
-7
-7
-6
-5
-6
-4
-4
-3
-4
-3
-2
-2
-2
-1
-1
0
0
1
1
0
0
2
2
1
2
2
1
2
1
2
2
3
2
2
2
2
2
1
1
2
2
1
1
2
1
0
2
2
2
2
1
2
1
1
1
-1
0
-1
-2
-2
-3
-3
-4
-4
-2
-3
-4
-3
-5
-4
-4
-3
-3
-3
-3
-3
-3
-3
-4
-4
-3
-3
-1
0
0
-1
-2
-3
-3
-3
-2
-1
0
1
1
2
0
2
3
4
4
4
5
6
5
6
7
7
8
7
8
9
9
8
9
8
7
8
9
8
7
7
7
7
8
8
8
9
9
8
7
8
8
7
7
8
7
7
5
5
5
6
4
3
2
2
2
1
0
0
0
-1
-1
-3
-2
-3
-4
-3
-5
-4
-5
-7
-7
-7
-8
-8
-9
-10
-11
-10
-10
-10
-10
-11
-11
-11
-10
-12
-11
-12
-11
-12
-13
-13
-13
-12
-10
-12
-10
-10
-10
-9
-9
-7
-8
-7
-7
-5
-5
-4
-3
-2
-1
-1
-1
1
1
2
5
4
5
5
6
6
5
5
5
5
5
6
5
7
6
6
6
6
3
2
2
3
2
1
3
2
1
1
2
1
1
3
2
4
3
3
4
5
5
6
5
4
4
3
3
3
3
4
4
5
6
6
8
8
8
6
8
9
7
7
5
6
6
6
7
6
7
8
8
9
9
9
9
7
7
6
6
4
5
5
4
3
3
2
1
2
2
1
0
-1
0
-1
-3
-3
-5
-4
-5
-6
-6
-6
-6
-7
-7
-7
-7
-7
-6
-6
-6
-6
-6
-8
-7
-10
-10
-11
-11
-9
-10
-10
-10
-11
-10
-8
-11
-8
-9
-9
-11
-10
-9
-10
-10
-9
-7
-7
-5
-4
-4
-3
-2
-1
0
-1
-1
1
0
1
2
2
3
4
4
5
5
6
5
6
6
7
7
6
5
6
5
4
4
5
4
3
2
3
2
2
2
3
2
3
4
5
3
2
3
3
3
2
2
0
0
-1
-1
-1
-3
-3
-4
-4
-3
-3
-3
-3
-4
-5
-4
-4
-4
-4
-3
-2
-3
-3
-3
-2
-2
-1
1
1
0
1
3
1
1
2
1
2
2
2
3
3
3
2
2
4
5
6
7
7
7
8
8
10
10
10
10
10
9
11
10
9
9
9
9
8
8
8
6
6
6
6
5
5
3
2
2
0
1
0
-2
-2
-3
-3
-4
-5
-5
-5
-6
-7
-6
-8
-9
-9
-9
-9
-7
-9
-9
-8
-9
-10
-9
-10
-10
-10
-9
-10
-9
-9
-7
-8
-8
-7
-7
-5
-5
-4
-3
-2
-2
0
1
1
1
0
1
1
1
2
3
2
3
3
3
4
3
2
2
1
2
3
2
1
2
2
1
1
2
3
2
1
1
1
1
0
-1
-1
-1
0
0
0
-2
-1
-1
-2
-2
-2
-1
-1
-1
-2
-3
-4
-3
-3
-2
-1
-1
-1
-1
1
1
1
0
2
3
1
2
3
3
2
2
1
1
1
1
3
3
3
2
3
3
2
2
1
2
0
0
0
0
0
1
2
2
1
1
2
0
2
1
1
1
2
1
1
2
1
1
1
2
0
2
0
0
0
0
1
0
0
0
-1
0
0
1
0
2
1
2
4
2
2
5
5
3
5
3
2
3
2
1
1
0
-1
0
1
-2
0
-2
-2
-1
-1
-1
-2
-3
-2
-3
-3
-3
-2
-2
-2
-2
-2
-3
-3
-2
-4
-3
-2
-2
1
1
-1
-1
-2
-3
-1
-2
-3
-2
-3
-2
-2
-1
0
-1
-1
-1
-2
-2
-2
-2
-2
-2
-3
-3
-2
-2
-3
-3
-4
-3
-3
-4
-2
-4
-3
-3
-3
-3
-1
0
0
-2
-1
-1
-1
-1
0
1
2
2
1
2
1
2
1
4
3
3
5
5
6
4
5
6
7
7
6
6
7
7
6
7
7
7
7
7
7
7
6
5
3
3
3
2
3
3
1
0
0
0
-1
-2
-3
-3
-5
-5
-5
-5
-5
-5
-5
-5
-5
-6
-5
-3
-3
-3
-3
-5
-2
-4
-4
-4
-1
-3
-1
-2
-1
-1
-1
0
0
1
1
2
1
2
1
1
1
0
2
1
1
1
1
-1
0
-1
-2
-1
-1
-1
-1
-1
-1
0
0
-2
-1
-2
-2
-4
-2
-3
-4
-4
-4
-3
-4
-2
-4
-3
-4
-4
-4
-3
-2
-2
-2
-3
-4
-2
-2
-2
-2
-2
-2
-1
0
0
-1
2
2
3
3
4
4
3
4
4
5
4
4
4
5
5
4
4
6
5
4
5
6
5
4
4
5
5
4
4
2
3
3
4
1
2
2
2
2
4
1
3
3
2
3
3
2
3
3
2
1
2
1
0
0
0
1
0
0
0
0
2
1
0
-1
-1
-2
-2
-1
-1
-1
0
0
0
-1
-1
1
-1
-1
-2
-2
-3
-4
-4
-3
-1
-3
-1
-3
-3
-4
-4
-5
-5
-5
-6
-6
-7
-7
-7
-8
-7
-7
-7
-7
-6
-6
-6
-6
-5
-6
-6
-6
-6
-7
-6
-6
-6
-6
-4
-3
-3
-2
-1
0
0
0
0
1
-1
0
0
1
3
2
2
2
4
3
5
5
4
6
6
6
7
8
8
7
9
8
9
9
9
10
8
9
8
7
7
6
6
5
5
5
5
5
5
5
5
4
3
2
1
1
1
1
1
0
0
1
0
1
1
-1
-1
-2
-3
-3
-5
-6
-7
-8
-9
-8
-10
-10
-8
-9
-9
-9
-8
-7
-8
-6
-6
-6
-5
-6
-5
-3
-4
-4
-3
-3
-3
-1
-2
0
0
1
1
0
1
1
2
3
1
2
3
4
4
4
4
5
4
4
6
7
6
7
7
6
6
5
5
6
6
4
4
5
5
4
4
4
4
2
2
2
0
-1
1
-1
-1
0
-2
-1
-1
-1
-3
-1
-3
-2
-2
-3
-4
-5
-3
-3
-3
-2
-2
-3
-4
-2
-2
-3
-3
-2
-2
-2
-2
-3
-2
-1
-2
-2
-1
-1
-1
-1
0
0
-1
0
0
0
1
3
1
3
4
2
2
2
1
1
2
2
0
1
0
1
2
1
2
2
3
3
2
2
1
2
1
2
2
0
1
2
0
0
1
1
1
0
2
1
-1
-1
-2
-2
-3
-2
-2
-3
-2
-1
-3
-3
-2
-2
-3
-3
-3
-2
-2
-3
-3
-3
-4
-2
-2
-3
-2
-1
-1
-2
0
0
-1
-1
-1
0
1
1
-1
1
2
1
1
1
0
0
0
-1
2
1
1
2
2
1
2
1
2
1
1
1
0
1
2
1
2
1
0
-1
0
0
0
0
-1
-3
-3
-2
-3
-3
-4
-4
-3
-4
-4
-3
-2
-2
-1
-2
-1
0
0
1
3
2
1
1
2
2
1
1
1
0
0
2
3
3
3
2
0
1
2
1
2
3
2
2
1
2
2
1
0
1
0
0
-1
0
-1
0
-1
0
0
-1
0
1
0
1
1
2
2
1
1
2
3
3
3
4
5
3
4
3
3
3
2
3
3
3
3
3
3
2
3
3
3
2
1
1
0
0
-1
0
-2
-2
-1
-2
-2
-3
-3
-3
-2
-2
-2
-2
-3
-3
-5
-4
-4
-3
-3
-4
-5
-4
-2
-2
-2
0
0
0
2
1
0
1
1
0
0
0
-1
0
1
1
2
2
2
4
3
3
3
3
4
3
4
5
4
2
2
1
3
1
2
1
0
-1
-2
-1
-1
-3
-3
-5
-5
-4
-5
-6
-5
-5
-6
-5
-6
-6
-6
-6
-6
-7
-5
-5
-6
-6
-5
-6
-6
-5
-6
-6
-7
-6
-5
-4
-5
-5
-5
-5
-6
-5
-3
-3
-2
-2
-1
-2
-1
-1
0
0
0
2
2
3
3
4
5
6
6
6
7
6
7
6
7
6
7
6
7
5
6
6
6
7
6
7
7
6
6
5
7
5
5
5
6
6
5
5
6
5
5
6
5
5
6
6
6
6
6
4
5
4
4
4
4
5
5
3
5
4
4
4
4
3
3
4
3
4
2
2
3
2
2
2
1
-1
-2
-2
-2
-3
-4
-4
-4
-5
-4
-4
-7
-6
-6
-7
-7
-8
-9
-9
-9
-9
-9
-10
-11
-10
-12
-13
-12
-11
-11
-12
-10
-9
-8
-8
-8
-6
-6
-6
-8
-7
-8
-7
-7
-7
-4
-5
-5
-4
-4
-4
-3
-3
-3
-3
-4
-4
-5
-2
0
-1
0
1
0
1
3
3
3
5
5
7
6
7
6
6
5
6
6
6
5
6
6
6
7
7
6
7
7
7
9
9
10
10
11
10
9
10
10
9
8
8
8
8
8
8
6
7
6
7
6
7
6
6
6
5
4
3
4
3
4
4
3
4
5
3
3
3
2
1
2
1
1
0
-1
-2
-1
-2
-3
-2
-4
-5
-5
-5
-5
-6
-6
-5
-6
-6
-5
-6
-7
-7
-7
-7
-8
-8
-8
-10
-9
-10
-11
-10
-10
-11
-10
-11
-12
-12
-14
-13
-12
-13
-12
-11
-10
-10
-8
-9
-8
-8
-7
-6
-5
-4
-3
-3
-3
-4
-3
-2
0
1
2
2
4
4
4
4
6
5
5
5
5
5
4
5
6
5
6
7
7
8
9
8
8
8
8
7
7
6
5
5
5
5
4
4
5
5
5
4
5
6
4
4
4
4
3
3
4
5
4
4
4
5
5
5
5
6
6
5
6
7
5
5
5
5
5
5
5
6
7
5
6
5
4
4
6
4
2
4
2
3
2
1
0
0
-1
-1
-3
-2
-2
-3
-2
-2
-3
-3
-4
-4
-5
-6
-6
-7
-8
-7
-7
-8
-9
-8
-9
-10
-8
-10
-9
-10
-9
-9
-9
-8
-6
-7
-6
-6
-6
-7
-6
-7
-6
-7
-7
-6
-7
-6
-7
-4
-4
-4
-3
-4
-3
-4
-4
-3
-4
-5
-5
-5
-5
-4
-3
-4
-3
-3
-4
-3
-2
-3
-1
-1
-1
-1
-2
-1
0
1
2
1
3
5
4
4
6
7
6
7
7
7
6
6
7
7
10
8
9
10
10
9
9
10
10
9
9
8
8
7
8
8
8
8
9
8
7
7
7
7
7
5
4
5
4
4
5
4
3
3
2
2
2
1
2
2
2
3
2
1
2
2
2
1
2
1
0
-1
-1
-2
-3
-3
-3
-3
-3
-3
-3
-4
-4
-5
-4
-6
-5
-7
-7
-7
-8
-7
-8
-8
-7
-8
-7
-8
-6
-8
-7
-6
-6
-7
-5
-5
-4
-4
-4
-4
-4
-5
-5
-4
-4
-4
-3
-4
-4
-5
-5
-4
-2
-2
-2
-2
-2
-1
-1
-2
-1
-1
-1
-1
-1
-1
0
-1
0
0
2
1
2
1
0
2
1
3
2
1
3
3
3
3
3
4
4
4
4
4
3
3
4
2
3
4
3
3
4
3
4
3
5
4
5
4
4
3
4
5
5
5
5
5
6
5
4
5
3
3
3
3
3
2
2
1
0
1
1
1
2
2
1
2
0
1
1
1
-1
1
-1
-1
-1
-2
-1
-2
-1
-1
-2
-4
-2
-1
-2
-2
-1
-3
-2
-4
-2
-4
-3
-3
-3
-3
-4
-4
-4
-4
-5
-4
-5
-5
-4
-2
-2
-3
-2
-5
-2
-4
-3
-3
-4
-3
-4
-3
-4
-4
-4
-4
-3
-3
-2
-1
-3
-2
-3
-3
-3
-1
-3
-1
-1
-2
-2
-1
-2
-2
0
-1
2
2
2
1
1
1
2
1
3
1
1
2
3
2
3
3
3
2
3
3
5
5
5
6
5
4
6
6
7
7
7
6
9
8
7
6
7
6
5
6
6
6
5
4
4
2
1
1
0
1
-1
-1
0
-1
-1
1
-2
-3
-4
-5
-4
-4
-5
-5
-4
-3
-4
-5
-3
-2
-3
-3
-4
-5
-3
-4
-3
-3
-4
-3
-2
-2
-3
-2
-1
-1
0
0
-1
0
-1
-1
-1
1
1
0
1
0
0
1
0
-1
-2
-1
-3
-2
-2
-4
-2
-1
-1
-1
-1
-3
-3
-2
-2
-3
-4
-4
-3
-2
-2
0
0
0
-1
1
1
3
2
2
2
0
3
3
1
2
3
4
4
3
3
4
4
4
4
4
4
4
4
4
4
3
4
3
1
2
2
2
2
3
1
2
2
1
1
-1
0
1
0
0
-1
0
-1
-3
-3
-4
-2
-3
-2
-4
-4
-3
-4
-2
-2
-1
-1
-1
-1
0
0
-1
-1
2
1
1
2
0
1
1
0
0
0
0
0
0
1
0
0
1
1
0
0
0
0
-1
0
0
0
0
-1
-2
-2
-2
-3
-2
-3
-4
-2
-3
-1
-3
-3
-3
-3
-3
-2
-2
-4
-1
-1
-1
-2
-1
-2
-3
-1
1
-1
-1
1
1
0
0
0
-1
-1
-2
-3
-2
-1
-1
-1
0
-1
-2
0
-1
-2
-1
1
-1
-2
-1
-2
-3
-2
-1
-1
-2
-1
0
1
3
1
2
2
3
3
3
3
4
3
4
4
5
4
4
5
4
4
4
4
4
4
4
5
7
5
6
6
6
6
7
6
5
4
5
5
5
3
3
3
2
3
2
3
2
2
2
1
-1
0
-1
-1
-2
-3
-3
-4
-4
-4
-5
-4
-4
-5
-3
-3
-5
-5
-4
-4
-3
-2
-3
-4
-5
-2
-2
-2
-1
-2
-1
-2
-1
-2
-2
-1
-1
-2
0
1
1
0
0
1
2
2
1
1
1
1
2
1
0
0
0
0
1
0
0
0
-2
-1
-2
-3
-2
-3
-3
-3
-3
-3
-2
-3
-4
-2
-4
-3
-3
-4
-4
-4
-4
-3
-5
-3
-5
-3
-3
-4
-4
-3
-4
-5
-3
-4
-4
-2
-1
-3
-2
-3
-2
-2
-2
-1
-1
1
0
1
2
3
2
3
3
2
3
4
4
4
6
6
6
6
5
6
7
6
7
6
7
6
7
6
6
6
6
5
4
5
4
5
4
3
6
5
6
6
5
5
4
3
4
2
1
2
1
0
1
1
0
-1
1
0
-2
-3
-2
-2
-3
-2
0
-1
-1
-2
-3
-3
-4
-4
-3
-3
-4
-3
-3
-3
-2
-2
-1
-3
-1
0
-1
-3
-2
-2
-3
-3
-1
-1
-2
-1
0
0
1
1
2
1
0
0
1
-3
-2
-1
-1
-2
-1
-1
-1
-1
-1
-1
-1
-1
-1
-2
-2
-1
-2
-4
-3
-4
-3
-3
-2
-3
-3
-2
-2
-3
-3
-1
-1
-2
-2
-2
-1
-1
-1
-1
0
-1
0
0
0
-2
-1
1
0
0
1
0
0
-1
-1
0
-1
0
0
0
0
0
1
-2
-2
0
-2
-1
0
1
1
1
0
1
2
2
1
3
2
3
3
1
1
1
0
2
2
1
2
3
1
2
4
4
4
4
5
4
4
4
4
2
2
3
3
1
2
3
2
3
2
2
2
1
2
1
0
1
1
0
0
0
0
1
0
1
2
0
-1
-2
-1
-2
1
0
0
-2
-2
0
-2
-2
-2
-2
-4
-3
-2
-4
-2
-2
0
-2
-3
-1
-1
-1
0
2
1
0
1
1
2
3
2
1
0
0
0
0
2
0
2
0
-2
0
0
2
0
2
3
0
-2
-2
-3
-2
-3
-2
-1
-2
0
-1
-1
-3
-3
-6
-7
-3
-3
-3
-2
-2
-2
-4
-4
-5
-4
-5
-4
-4
-6
-4
-4
-4
-6
-7
-6
-5
-5
-4
-3
-3
-4
-2
-1
2
2
2
2
4
4
6
7
8
7
7
8
7
8
8
8
8
9
9
9
9
9
8
8
8
8
7
7
6
6
5
4
4
2
3
3
3
0
0
3
1
-1
-1
-1
-3
-3
-4
-3
-5
-5
-8
-6
-6
-7
-7
-8
-10
-9
-7
-11
-10
-11
-10
-10
-9
-9
-8
-8
-10
-7
-9
-9
-6
-6
-6
-6
-6
-6
-4
-3
-2
-1
-1
1
1
1
1
2
3
3
6
9
8
10
10
12
12
12
13
13
13
13
14
13
13
14
13
13
13
13
13
12
12
12
8
8
8
7
6
4
3
3
2
2
2
0
-2
-3
-3
-4
-7
-6
-7
-9
-9
-9
-10
-12
-12
-13
-12
-14
-14
-15
-16
-15
-12
-14
-15
-14
-14
-13
-12
-10
-9
-11
-10
-9
-8
-9
-7
-5
-6
-5
-3
-4
-2
-1
-1
2
2
0
1
2
0
5
3
2
3
3
6
7
6
8
8
8
10
11
10
10
9
9
11
11
11
12
11
11
11
12
12
11
9
10
10
9
7
7
6
7
4
3
3
3
0
-1
-2
-2
-2
-4
-6
-6
-7
-9
-9
-8
-9
-8
-10
-11
-11
-11
-10
-11
-11
-10
-11
-12
-10
-9
-9
-9
-9
-6
-5
-5
-5
-5
-1
-3
-3
0
1
0
0
1
3
5
5
5
7
8
8
7
7
9
9
10
10
9
11
12
11
12
12
11
12
13
12
10
12
12
12
11
12
10
11
10
8
8
9
9
8
5
8
6
4
6
3
3
1
0
-1
-4
-5
-7
-9
-10
-12
-12
-12
-14
-14
-16
-15
-16
-18
-19
-19
-19
-21
-23
-22
-24
-24
-24
-23
-23
-23
-22
-23
-20
-19
-19
-19
-17
-16
-16
-15
-14
-13
-12
-9
-8
-5
-4
-3
1
3
4
7
10
11
15
18
22
22
23
25
28
32
34
35
36
37
39
38
39
38
36
38
38
36
36
35
33
33
32
30
27
24
22
20
16
14
8
5
1
-3
-5
-9
-10
-15
-18
-21
-26
-29
-34
-37
-41
-41
-44
-46
-47
-49
-50
-51
-52
-54
-55
-55
-54
-54
-53
-53
-53
-52
-50
-46
-44
-40
-39
-38
-34
-32
-27
-23
-18
-15
-11
-6
-2
4
10
14
20
27
32
37
45
52
62
66
69
76
81
87
94
98
101
100
103
104
104
104
103
100
96
94
90
87
82
75
66
55
46
35
27
16
8
-1
-13
-24
-34
-42
-50
-57
-66
-71
-74
-77
-84
-88
-93
-98
-102
-107
-109
-108
-110
-113
-114
-112
-112
-111
-109
-106
-104
-100
-97
-95
-93
-91
-85
-81
-74
-70
-61
-56
-48
-38
-30
-23
-12
-2
6
15
23
32
39
46
53
61
66
73
80
89
94
97
103
110
120
131
136
137
142
141
142
146
149
149
146
144
142
139
136
132
123
115
110
106
102
96
88
77
62
48
34
22
12
0
-11
-24
-38
-50
-64
-73
-85
-93
-99
-104
-108
-115
-125
-135
-143
-148
-151
-154
-155
-155
-156
-160
-160
-161
-158
-158
-154
-149
-146
-138
-134
-130
-129
-127
-122
-113
-106
-96
-84
-77
-69
-61
-54
-44
-34
-23
-10
0
12
21
28
37
42
48
56
64
72
76
83
86
89
91
92
95
101
103
103
107
104
104
112
122
130
134
135
137
142
151
159
165
165
167
167
168
174
177
173
166
164
163
164
162
163
160
150
134
113
96
82
66
52
34
16
-3
-24
-44
-63
-80
-96
-109
-117
-125
-138
-155
-172
-187
-196
-203
-208
-210
-213
-216
-217
-218
-224
-223
-223
-223
-218
-212
-210
-208
-206
-208
-206
-202
-197
-190
-176
-168
-159
-150
-140
-132
-124
-108
-92
-75
-58
-44
-28
-13
-2
14
30
43
59
75
92
104
114
123
130
137
147
150
157
162
164
163
172
187
204
210
211
213
218
224
241
259
262
261
259
265
271
278
281
273
260
253
254
261
264
262
246
218
188
159
134
113
87
63
34
2
-26
-58
-92
-125
-148
-169
-180
-188
-203
-226
-248
-269
-286
-293
-300
-303
-308
-307
-311
-313
-315
-319
-318
-314
-313
-311
-303
-297
-294
-294
-292
-292
-291
-280
-262
-249
-237
-227
-213
-202
-189
-167
-146
-124
-97
-68
-48
-25
-3
18
41
64
95
126
148
169
188
199
214
219
230
240
247
258
261
260
262
279
309
324
333
337
344
353
371
402
409
399
395
391
392
402
404
393
374
361
359
370
378
379
366
334
289
243
205
160
123
86
43
-6
-53
-100
-148
-191
-235
-269
-288
-301
-313
-334
-372
-406
-433
-450
-464
-463
-462
-469
-472
-475
-477
-478
-483
-489
-482
-480
-475
-464
-461
-471
-478
-482
-480
-464
-444
-421
-401
-383
-363
-349
-330
-304
-275
-236
-200
-159
-109
-72
-43
-7
31
70
115
162
203
245
274
289
307
314
327
358
378
391
420
427
414
425
465
534
589
595
588
589
599
640
700
740
716
687
679
688
739
773
751
698
652
641
655
684
700
677
590
476
372
275
197
143
92
26
-60
-138
-222
-312
-393
-470
-536
-555
-555
-545
-569
-631
-719
-776
-814
-822
-795
-777
-794
-820
-832
-853
-857
-854
-866
-876
-882
-864
-844
-837
-849
-869
-892
-886
-873
-827
-749
-697
-649
-615
-590
-549
-485
-406
-316
-214
-124
-47
17
65
122
188
246
323
421
505
570
634
643
645
675
695
720
759
787
787
774
762
825
992
1095
1044
987
979
970
1020
1179
1234
1145
1033
990
998
1059
1109
1072
943
853
839
911
983
979
931
756
541
361
224
122
22
-64
-164
-331
-471
-589
-714
-819
-920
-968
-928
-904
-886
-899
-999
-1129
-1205
-1202
-1154
-1078
-1021
-985
-1011
-1052
-1048
-1047
-1020
-1015
-985
-990
-988
-953
-941
-970
-998
-1034
-1053
-1009
-931
-823
-744
-712
-709
-698
-627
-547
-438
-321
-207
-111
-3
76
141
131
162
273
401
522
624
695
717
712
733
744
757
773
825
829
833
767
794
1016
1232
1222
1130
1120
1072
1103
1321
1558
1525
1365
1248
1244
1240
1350
1335
1234
1165
1182
1320
1485
1537
1488
1302
1032
828
622
433
361
295
137
-64
-295
-509
-659
-831
-978
-976
-763
-635
-732
-867
-1012
-1239
-1465
-1391
-1108
-1105
-1235
-1178
-1163
-1468
-1720
-1658
-1510
-1454
-1338
-1305
-1394
-1415
-1396
-1555
-1794
-1829
-1717
-1649
-1497
-1235
-1089
-1266
-1619
-1657
-1458
-1233
-972
-604
-253
-246
-429
-442
-339
-216
-11
278
533
604
611
581
500
402
396
592
889
1060
1059
940
1390
2988
4344
3638
1842
1542
2274
1880
1054
1858
2594
1697
923
1720
2158
755
-733
-709
-273
-286
336
2039
3012
2221
1043
438
-149
-641
-40
1285
1843
1421
875
279
-667
-1546
-1683
-1148
-360
449
888
457
-592
-1574
-2097
-2068
-1477
-644
-190
-284
-620
-1341
-2333
-2688
-2125
-1295
-695
-402
-402
-869
-1373
-1735
-1956
-2088
-1802
-1152
-644
-583
-920
-1365
-1815
-2019
-1680
-1087
-599
-317
-231
-453
-987
-1364
-1303
-828
-228
124
185
67
-277
-812
-981
-554
-79
145
418
571
298
-126
-461
-450
908
4324
7314
6012
2014
608
1586
1075
256
2161
3734
1992
271
1190
1602
-609
-2439
-1774
-484
-60
1065
3470
4765
3182
733
-177
-217
-410
459
2582
3227
1374
-668
-1475
-2332
-3319
-2811
-965
384
762
472
-578
-1998
-2586
-2103
-1129
40
991
1194
730
-241
-1765
-2781
-2232
-820
309
736
200
-1008
-2204
-2679
-2578
-2114
-1468
-817
-530
-823
-1392
-1635
-1506
-1177
-692
-203
208
283
-239
-984
-1393
-1382
-1184
-639
156
314
-493
-1285
-1470
-1439
-1250
-690
-27
243
212
-72
-599
-1000
-786
-267
203
1741
5255
7751
5565
902
-333
1330
1254
749
2527
3314
610
-1434
-132
983
-367
-1788
-1385
-365
101
1011
3288
4922
3744
1312
634
793
115
99
1779
2437
334
-1668
-1985
-2609
-3592
-2911
-971
-45
-10
-18
-596
-1504
-1583
-943
-46
1069
1885
2057
1752
775
-801
-1659
-979
-32
322
505
-61
-1559
-2659
-2799
-2664
-2425
-1619
-799
-614
-760
-1032
-898
-180
525
784
746
758
494
-206
-757
-971
-1222
-1198
-769
-559
-851
-1367
-1815
-1988
-1665
-1082
-597
-274
-25
-188
-741
-1203
-1294
-983
-761
-534
1478
5824
7879
4112
-594
-656
1118
707
768
2685
2224
-1082
-2123
-8
1300
-10
-1764
-1898
-981
-561
805
4173
6162
4062
1273
892
477
-1024
-423
2094
2025
-652
-2157
-2543
-3883
-4671
-3017
-684
387
497
300
-411
-1180
-1251
-468
1037
2411
2927
2922
2628
1145
-946
-1574
-513
332
506
516
-311
-2094
-3359
-3482
-3139
-2389
-1361
-698
-386
-461
-754
-360
784
1506
1563
1589
1574
875
-90
-572
-913
-982
-533
-191
-523
-1106
-1528
-1879
-1573
-766
-315
-118
372
364
-464
-1031
-1101
-1099
-631
-125
473
3482
7812
6814
549
-2162
321
1167
318
2012
3164
-1
-2978
-1938
320
716
-924
-2319
-1778
-787
-310
2239
6103
5983
2320
832
1068
-546
-1428
812
2166
123
-2183
-3113
-4332
-5642
-4945
-2616
-380
549
227
-425
-1008
-1583
-1585
255
2398
3069
3057
3255
2245
-70
-1652
-1227
92
715
641
48
-1258
-2924
-3743
-3318
-2514
-1952
-1160
-321
-132
-490
-315
671
1661
1996
1780
1503
1131
324
-559
-1022
-960
-861
-920
-1045
-1333
-2031
-2276
-1500
-724
-569
-322
311
394
-88
-432
-504
-797
-553
154
665
2959
7546
8210
2297
-2123
-118
1772
475
1090
3024
910
-2918
-2831
29
1281
-242
-1953
-1687
-683
-415
1707
6081
7277
3680
1138
1081
-47
-1273
401
2212
849
-1708
-3179
-4560
-5959
-5920
-4121
-1285
929
748
-628
-1221
-1537
-2056
-923
1668
2919
2620
2508
1823
-114
-1780
-1969
-846
521
776
-341
-1493
-2570
-3769
-3831
-2440
-1508
-1337
-588
-10
-399
-536
567
1791
2359
2443
2024
1248
416
-697
-1658
-1430
-602
-399
-496
-555
-1488
-2848
-2572
-784
403
738
931
714
98
-414
-448
-343
56
543
859
3330
8182
8743
2505
-2325
-400
1726
416
775
2947
1209
-2832
-3391
-712
795
-561
-1944
-1368
-491
-687
1359
6006
7568
4024
1274
950
-140
-1127
599
2217
726
-1865
-3345
-4704
-6072
-6068
-4438
-1695
803
1051
-543
-1736
-1934
-1934
-838
1319
2606
2427
1986
1176
-383
-1594
-1718
-1072
141
934
64
-1714
-2899
-3478
-3430
-2358
-1341
-1123
-785
-133
-314
-650
428
1941
2579
2841
2737
1765
258
-971
-1635
-1566
-1050
-691
-548
-475
-1262
-2837
-3131
-1519
-128
336
1077
1418
378
-523
-292
-105
-30
362
503
2364
7680
9871
3741
-2736
-1325
1667
569
388
2746
1558
-2541
-3462
-922
882
-173
-1974
-1614
-132
-368
663
5292
8074
4861
1548
1092
-61
-1452
309
2366
1044
-1575
-2996
-4324
-5782
-6033
-4830
-2388
569
1490
58
-1333
-1857
-2079
-1001
1119
2215
2246
2284
1606
-222
-1662
-1897
-1349
-115
689
-171
-1742
-2797
-3669
-3690
-2428
-1412
-1293
-788
192
-14
-634
25
1548
2522
2817
2720
2150
699
-1291
-2334
-1952
-1267
-1216
-953
-328
-1273
-3426
-3529
-1524
-204
70
1000
1570
354
-815
-433
250
472
361
496
3557
9348
9560
1824
-3286
-381
1850
326
1279
3503
837
-3240
-2821
3
747
-1083
-2322
-1061
61
-402
1829
6880
7819
3872
1931
1770
-280
-1167
1667
2860
120
-2369
-3144
-4606
-6029
-5820
-4374
-1859
862
1409
-208
-1525
-1701
-1383
-30
1583
1982
1608
1627
1191
-421
-1871
-2202
-1364
19
335
-1233
-2939
-3609
-3829
-3591
-2368
-1496
-1750
-1498
-104
272
-464
-75
1481
2460
2666
2664
1939
271
-1576
-2479
-2139
-1327
-1203
-1354
-956
-1311
-2859
-3470
-2147
-322
652
952
1046
696
-27
-157
311
607
133
105
3181
8956
9848
2526
-3700
-1217
2263
962
695
3033
1313
-2977
-2893
540
1558
-694
-2130
-1059
-1
-288
1951
6803
8207
4419
1689
1149
-365
-1230
1165
2744
440
-2535
-3544
-4565
-6053
-6039
-4407
-1871
1019
2060
550
-1232
-1530
-1114
65
1772
2527
2304
2042
965
-951
-2047
-2026
-1438
127
1238
-830
-3832
-4331
-3633
-3378
-2345
-1052
-1161
-1392
-496
40
-238
181
1432
2545
3058
2680
1502
-48
-1641
-2766
-2519
-1348
-799
-1055
-1126
-1610
-3146
-3672
-1955
280
1519
1946
1398
-119
-1193
-734
374
1161
824
471
3861
9638
8659
216
-4412
-734
1954
722
1346
3046
244
-3502
-2880
357
1252
-552
-1498
-94
428
-386
2229
7289
7592
3463
1740
1383
-688
-1107
1628
2155
-941
-3433
-4147
-5150
-5949
-5466
-3872
-1382
1068
1321
-129
-1171
-1128
-411
1323
2545
2011
1074
1354
1277
-542
-2053
-1517
-131
541
244
-1494
-3890
-4671
-3515
-2090
-1151
-913
-1512
-1473
-10
598
23
856
2639
2971
2616
2732
1897
-539
-2397
-2724
-2143
-1435
-1004
-1233
-1449
-2002
-3347
-3793
-1801
543
1274
1616
1725
238
-1502
-1095
379
1114
739
639
3942
9768
8569
-717
-5509
-776
2296
713
1491
3415
-20
-4179
-3363
-48
1108
-113
-965
247
839
-285
1716
6800
7812
3842
1942
1661
-600
-1641
884
1672
-1045
-3365
-4096
-5168
-5876
-5444
-4196
-1698
1306
1780
44
-947
-609
103
1534
2592
2069
1313
1376
474
-1041
-1375
-1142
-905
454
1019
-1524
-4327
-4475
-3386
-2349
-1028
-620
-1283
-903
410
770
705
1298
2368
3185
3363
2597
1589
-4
-2239
-3362
-2387
-1141
-1302
-1643
-1238
-1677
-3559
-4025
-1702
884
1870
2212
2050
573
-1161
-1235
-117
752
440
746
4979
10542
7962
-1838
-5853
-921
1896
530
1479
3060
-318
-3965
-3018
-9
819
-432
-1224
-38
769
359
2551
7036
7479
3597
1501
861
-877
-1049
1392
1516
-1513
-3811
-4640
-5903
-6397
-5398
-3711
-1178
1625
1663
-470
-1607
-1066
4
1682
3018
2408
976
616
38
-1248
-1980
-1570
-493
909
813
-1654
-4260
-4699
-3677
-2308
-1025
-578
-953
-586
619
946
513
1077
2639
3671
3592
2971
1966
-7
-2359
-3214
-2182
-1178
-1258
-1362
-956
-1654
-3703
-4113
-1596
1144
2230
2607
2199
411
-1113
-691
504
1099
916
1121
4874
10361
8287
-1635
-6199
-1057
2419
774
1047
2877
133
-3771
-3539
-528
746
-419
-1238
58
1198
641
2244
6498
7465
3844
1512
829
-860
-1404
661
911
-1824
-3965
-4750
-5933
-6392
-5369
-3914
-1469
1705
2158
-290
-1725
-962
-39
1215
2763
2598
1078
434
114
-1076
-2012
-1794
-672
895
1145
-1301
-3888
-4156
-3286
-2449
-1270
-562
-765
-88
1428
1370
255
646
2524
3558
3736
3514
2148
-285
-2404
-3107
-2481
-1502
-1166
-1284
-913
-1217
-3313
-4136
-1808
972
2238
2929
2547
238
-1613
-1117
90
895
1067
1647
5559
10574
7620
-2421
-6184
-596
2498
573
871
2816
63
-3904
-3540
-471
464
-1024
-1739
-125
1317
816
2227
6268
7299
3789
1180
401
-922
-1303
566
729
-2081
-4287
-5038
-6151
-6610
-5552
-3672
-1197
1739
2264
-153
-1838
-993
367
1506
2295
1978
1140
862
150
-1363
-2152
-1882
-899
669
1198
-1055
-3799
-3992
-2824
-2205
-1689
-1041
-604
457
1901
1829
709
767
2297
3534
4001
3744
2379
-177
-2387
-2865
-2028
-1318
-1201
-1121
-681
-1080
-2930
-3855
-1886
1133
2655
2710
1887
289
-1110
-918
31
889
991
1581
5420
10418
7977
-1747
-6202
-929
2847
844
393
2517
547
-3700
-3901
-641
631
-888
-1653
4
1494
1028
2099
5915
7405
4216
992
12
-692
-1208
-137
153
-1997
-4260
-5216
-6037
-6368
-5554
-3796
-1330
1718
2640
325
-1877
-1144
475
1349
1800
1721
1132
862
286
-1255
-2487
-2305
-1265
71
812
-723
-3365
-3968
-2696
-2116
-2034
-1544
-810
424
2132
2376
1059
848
2228
3177
3581
3640
2365
-293
-2394
-2770
-2239
-1760
-1672
-1662
-1022
-1104
-2714
-3631
-1557
1314
2466
2626
2315
609
-1064
-817
237
743
618
1182
4541
9727
9020
258
-6121
-2080
2878
1520
6
2464
1943
-2687
-4351
-1242
838
-310
-1327
-262
1301
1198
1672
4777
7441
5781
1848
-166
-396
-989
-826
-133
-1103
-3480
-4728
-5295
-6025
-6104
-4362
-1674
1055
2613
1347
-1127
-1370
28
641
350
610
1253
1638
1140
-388
-2226
-3063
-2308
-764
151
-576
-2105
-3042
-2964
-2714
-2674
-2572
-1549
476
2284
2192
1052
709
1529
2371
3128
3372
2331
69
-2071
-3009
-2604
-2028
-2046
-1834
-693
-602
-2501
-3403
-1414
920
1882
2506
2581
943
-593
-581
-17
-24
93
2305
7506
11117
6591
-2831
-5387
-323
1948
126
1093
3614
1318
-2836
-2968
-460
-787
-2201
-1401
1390
2639
2116
3191
6012
6337
3596
1019
338
304
420
880
130
-2281
-4304
-5209
-5813
-6025
-5143
-3379
-1249
1124
1944
-107
-2163
-1426
264
790
927
1501
1194
397
273
-197
-1997
-2909
-1640
165
288
-1228
-2713
-2923
-2395
-2410
-2675
-2410
-1610
-140
1754
2402
1377
692
1418
2461
2943
3075
2214
33
-1926
-2419
-2035
-1886
-2184
-1865
-865
-838
-2432
-3096
-1235
913
1540
1877
2044
1099
170
147
331
-309
139
3962
9681
10177
2940
-4303
-3354
156
34
-753
1955
3119
234
-2264
-1710
-1543
-3208
-3599
-811
2923
3823
3525
4445
5348
3799
1467
420
424
731
1841
1775
-723
-3738
-5157
-5623
-5864
-5445
-3879
-2256
-820
834
1308
-496
-2009
-1045
670
809
646
1009
1053
349
-126
-677
-1531
-1862
-860
441
280
-1570
-3019
-2480
-1561
-1955
-2578
-2198
-1329
-35
1394
2079
1453
1176
1942
2688
2776
2591
1838
209
-1652
-2276
-1841
-1650
-1854
-1550
-618
-898
-2793
-3261
-888
1340
1678
1601
1712
983
-82
121
487
323
2123
7191
10341
6279
-1002
-3005
-909
-627
-1463
510
2886
2057
-23
-565
-1016
-3170
-4918
-3663
523
3708
4761
5181
5291
3527
820
-588
-366
351
1802
3115
2064
-1339
-4388
-5775
-6203
-6019
-4334
-1886
-264
450
680
-229
-1665
-1962
-1083
-30
826
1442
1156
93
-754
-1235
-1810
-1755
-748
515
827
-199
-1879
-2499
-1870
-1694
-2521
-2727
-2072
-1449
-435
1037
1447
546
333
1432
2239
2240
2257
1995
555
-1136
-1788
-1648
-1512
-1476
-1030
-263
-626
-2241
-2843
-1116
578
1059
1600
2386
1740
481
-68
-85
583
3911
8201
8245
3316
-240
-223
-497
-1958
-1233
1509
2733
2475
2156
1396
-989
-3429
-4652
-3077
16
3390
5555
6047
4182
1382
-848
-1892
-1957
-566
1919
2988
1419
-1235
-3330
-4922
-6150
-5860
-3640
-1164
308
1039
916
-42
-1198
-1727
-1723
-1525
-946
-54
515
212
-444
-1046
-1452
-1440
-807
79
375
-26
-499
-247
-94
-1105
-2892
-3460
-2627
-1469
15
1772
2175
1023
540
1171
1415
1266
2002
2786
2042
576
-305
-748
-1287
-1526
-1201
-520
-412
-911
-980
-147
496
481
739
1333
1286
990
1052
933
286
547
2419
3490
2197
300
-449
-547
-518
-4
528
1020
1904
2328
1510
562
268
-354
-960
-302
1699
3414
3550
2078
932
694
422
-387
-619
-143
-210
-1143
-2261
-2770
-2697
-2584
-2599
-2277
-1752
-1584
-1503
-789
151
500
182
-228
-808
-1885
-2522
-1805
-822
-392
-73
574
874
485
-230
-618
-505
-386
-36
598
656
-680
-2067
-2463
-2052
-974
396
673
398
776
1082
308
-163
478
819
-117
-710
-51
450
-302
-1132
-1096
-812
-1127
-1331
-635
617
1468
1664
1346
859
222
87
712
905
-142
-1015
-207
1710
2378
936
-706
-705
452
1440
2122
2729
2752
2274
1573
1056
1534
2272
1904
1441
2055
2529
1841
1226
2094
3286
2972
1824
1203
815
-15
-1117
-1590
-1317
-919
-735
-833
-1118
-1424
-2012
-2706
-2456
-1140
-154
-43
-419
-1754
-3888
-4888
-3731
-2361
-2058
-1829
-963
-472
-879
-1492
-1341
-1155
-1351
-1173
-487
-302
-1177
-2213
-2322
-1617
-928
-877
-1136
-700
224
407
-177
-364
9
-30
-705
-599
489
761
-64
-486
21
488
334
92
736
1910
2560
2368
1943
1578
995
861
1357
1012
-388
-934
51
1789
2601
1678
361
454
1191
1563
1854
2543
2900
2492
1589
920
1056
1792
1464
883
977
911
134
269
1783
3060
2670
1592
1068
550
-443
-1383
-1306
-462
289
604
393
-254
-871
-1671
-2506
-2512
-1354
-14
772
457
-1448
-4020
-4835
-3663
-2650
-2385
-1749
-871
-752
-1127
-1080
-814
-907
-1095
-554
472
372
-946
-1608
-1205
-567
-656
-1142
-1208
-745
-347
-582
-1041
-1017
-837
-975
-1024
-641
-285
-457
-988
-958
-331
186
407
591
1062
1807
2111
1767
1225
1136
1404
1442
951
35
-875
-856
11
514
775
1320
1653
1488
1396
1250
812
1035
2309
2586
1538
873
1015
1048
1493
2385
2269
753
-547
-220
1294
2464
2844
2927
2603
1650
119
-1226
-1464
-562
593
1003
950
1098
799
-455
-1774
-2061
-1570
-906
-161
184
-988
-2966
-3683
-3300
-3499
-4005
-3372
-2008
-1400
-1563
-1376
-841
-726
-697
-86
644
59
-1085
-1113
-26
420
-307
-829
-480
-368
-1017
-1503
-1414
-1307
-1363
-1106
-619
-287
-606
-1298
-1681
-1417
-792
-228
277
975
1563
1947
1698
955
577
1212
1916
2045
1490
449
-463
-304
439
713
344
154
982
2307
2541
1411
641
846
1159
1431
1754
1647
1291
1227
1615
2318
3010
2350
688
-317
-5
704
1529
2626
3519
2948
1081
-515
-1258
-1075
-340
437
1245
1909
1893
868
-475
-906
-805
-1014
-1184
-967
-1351
-2201
-2454
-2305
-3188
-4274
-3715
-2427
-2408
-2912
-2415
-1575
-1245
-601
749
1093
-500
-1908
-1663
-837
-583
-355
155
431
-129
-1364
-2335
-2421
-1993
-1438
-542
121
-166
-859
-1318
-1632
-1802
-1493
-824
16
791
1405
1530
779
-84
89
1139
1840
2034
1772
736
-334
-283
494
846
688
426
253
360
1070
1581
1147
804
1102
1335
1278
1693
1882
1377
1301
2229
2918
2919
2709
1846
505
-443
88
1633
2985
3251
2707
1489
350
-182
-362
-163
544
1516
1642
668
136
413
441
50
-381
-1201
-2391
-2901
-2126
-1381
-1861
-2392
-2076
-1795
-2376
-2977
-3023
-2606
-2089
-929
802
1212
-261
-1644
-1718
-1535
-1591
-1204
-162
398
73
-852
-1633
-1986
-1883
-1367
-358
204
-414
-1148
-1116
-797
-1031
-1347
-992
-407
-131
175
398
69
-349
122
1301
2074
1917
1171
169
-317
-50
427
615
709
678
369
-355
-1194
-1250
-93
1194
1655
1843
1869
1170
411
808
1407
1642
2145
2999
3085
2459
1771
737
0
355
1473
1970
2034
2053
2027
1682
1299
843
728
1061
1020
391
190
628
1229
1685
1789
904
-1120
-2665
-2600
-1976
-1786
-1330
-612
-639
-1564
-2168
-2313
-2680
-2712
-1764
-612
-276
-563
-859
-857
-790
-1034
-1392
-1510
-1284
-1226
-1287
-1332
-1323
-1390
-941
-364
-577
-1741
-2451
-2035
-1449
-1342
-1132
-679
-617
-793
-824
-865
-1002
-661
320
1437
2220
2204
1134
-173
-415
124
369
332
630
890
488
-263
-822
-1367
-1346
248
2511
3193
2351
1574
1133
776
1120
2185
2751
2972
2891
2483
1823
1658
1390
1069
764
714
926
1227
1440
1821
2131
1990
1638
1372
978
-10
-557
-169
566
1336
2140
1727
68
-1495
-2243
-2860
-3102
-2368
-1184
-737
-1007
-1539
-2227
-2393
-2077
-1842
-1977
-1849
-1474
-1257
-744
197
494
-536
-1542
-1797
-1987
-1950
-1769
-1483
-968
16
578
-30
-1375
-2106
-1920
-1551
-1238
-636
147
453
131
-24
-246
-957
-1222
21
1806
2594
2120
1110
377
37
-33
28
218
553
524
2
-696
-1192
-1527
-1175
661
3944
6368
5109
1911
843
1560
1327
491
833
1506
1455
1331
1584
1314
584
-337
-1245
-1877
-2433
-2087
-423
1982
3494
3715
3169
2259
462
-1546
-2562
-2119
-793
1157
3104
3584
1908
-134
-1634
-3012
-4089
-3879
-2323
-449
941
1142
503
-520
-1401
-2131
-2524
-2252
-1811
-1254
-95
1469
1942
836
-1151
-2798
-3298
-2814
-1801
-702
250
1051
1327
360
-1225
-2226
-2395
-1931
-872
611
1537
1361
742
16
-1038
-2071
-2075
-458
1437
2273
1992
1062
-226
-1201
-1590
-1429
-581
306
561
286
-223
-699
-1206
-1607
-773
2161
6763
9082
6456
1881
610
1359
156
-2533
-3200
-1587
-183
799
1652
2140
1201
-882
-3217
-4283
-3790
-1297
2795
6529
7854
7106
4889
1271
-2983
-5463
-4882
-2866
-580
1635
2833
1791
-956
-3828
-5711
-6543
-5542
-2672
539
2647
3940
4219
2759
-72
-2129
-2409
-1872
-816
503
1736
2494
2372
811
-2084
-4606
-5662
-4831
-2523
314
2454
3295
2768
1285
-611
-2202
-2301
-873
1262
3080
3691
2862
770
-1715
-3625
-4677
-4156
-1963
806
2399
2283
998
-859
-2589
-3034
-2107
-494
1103
1897
2017
1340
97
-1539
-2377
-2303
-861
2362
7422
10658
7976
1936
-1096
-876
-2610
-5962
-6397
-2862
350
2106
3458
4387
3170
-307
-4163
-5702
-3737
684
5710
9419
10712
8952
4353
-1685
-6513
-8258
-6893
-4157
-1281
971
1923
824
-2123
-5316
-7007
-6621
-4319
-678
2906
5399
6516
5817
3119
-536
-3103
-3771
-3278
-1813
131
1620
1876
560
-1784
-4498
-6554
-6499
-4226
-470
2982
5049
5507
4169
1386
-1319
-2666
-1896
403
2763
4050
3806
2166
-498
-3533
-5537
-5565
-3396
-38
2599
3644
3123
1396
-473
-2012
-2359
-1256
420
1767
2406
2339
1271
-488
-1889
-2033
-1948
-790
3053
8609
10422
6239
846
-879
-1481
-4847
-7687
-5895
-1398
1050
2859
5217
6168
3182
-2005
-5982
-6025
-2266
2734
7137
10095
10583
7445
1404
-4823
-8559
-9169
-7457
-4741
-1909
334
1116
-24
-2660
-4942
-5609
-5002
-3202
219
4069
6528
6916
5325
2146
-1490
-4104
-4728
-3842
-2236
-133
1693
1810
42
-2536
-4801
-5746
-4798
-2026
1338
4072
5627
5368
3176
228
-1940
-2441
-1327
757
2813
3624
2878
1169
-1352
-3949
-5111
-3997
-1371
1274
3214
4027
3300
1617
-154
-1584
-2067
-1316
70
1123
1792
1661
685
-757
-1467
-1667
-2085
-622
4653
9816
8978
4137
989
198
-2812
-6994
-7814
-4663
-1352
869
4037
6894
6365
1579
-3789
-6384
-5052
-1327
3174
7632
10564
10151
6044
45
-5529
-8540
-8942
-7625
-5183
-2013
611
1507
251
-2085
-3859
-4626
-4559
-3042
474
4530
6666
6235
4429
1641
-2081
-5207
-5633
-3932
-1979
-52
1847
2176
232
-2366
-4035
-4443
-3586
-1339
1762
3932
4389
3758
2462
194
-2143
-2695
-1022
940
2029
2600
2519
911
-1528
-3044
-3290
-2801
-1238
997
2607
2935
2476
1879
882
-771
-2058
-2013
-1066
-94
1010
1810
1380
313
-368
-1023
-1199
2006
7534
9322
6179
3874
3264
-430
-6015
-7671
-5923
-4486
-3090
1097
6508
8358
4729
-191
-3037
-5113
-5446
-1058
5750
9323
9522
8327
5239
-207
-5777
-8889
-9649
-8969
-6611
-2571
690
1474
324
-1003
-2028
-3173
-3931
-2733
468
3738
5219
4954
3566
1053
-2497
-5410
-5885
-4695
-3077
-1205
704
1237
282
-1130
-2120
-2298
-1734
-563
939
2372
3113
3293
2771
1266
-318
-588
-75
232
349
552
520
-230
-1260
-1929
-2033
-1739
-854
180
897
1226
1560
2130
2390
1369
-544
-1642
-1473
-687
135
528
524
662
465
-436
1041
5974
8956
5942
2581
2649
1877
-3208
-6882
-5986
-3611
-2884
-1421
2992
6955
6225
2099
-887
-2737
-4345
-2981
2221
6954
8586
8036
5966
2244
-2394
-6513
-8815
-9045
-7556
-4472
-1011
904
727
127
-234
-947
-2182
-2648
-1164
1285
2909
3333
2720
1110
-1002
-3231
-4648
-4551
-3636
-2745
-1553
-119
468
409
7
-647
-742
89
625
730
1443
2239
2177
1617
964
491
264
21
-313
-421
-456
-863
-1396
-1593
-1452
-1081
-554
316
1026
1081
1006
1489
1975
1387
183
-751
-927
-672
-172
131
-5
-489
-695
-571
-721
813
5566
9708
7957
4019
2872
1860
-2892
-7069
-6867
-4260
-2295
-749
2693
6710
6776
1927
-1984
-3004
-3734
-3352
801
6017
8473
8125
6250
3209
-1205
-6168
-9346
-9383
-7284
-4515
-1723
590
1708
1435
197
-1086
-2016
-2465
-1707
174
1862
2726
2482
1261
-281
-1670
-3037
-3815
-3533
-2766
-2135
-1195
220
1350
1231
343
-407
-505
-468
-353
414
1781
2476
2071
1572
1209
478
-339
-921
-1223
-1119
-779
-681
-690
-516
-587
-428
180
336
104
400
1015
1207
776
-562
-1355
-675
-25
-261
-352
-189
-621
-1214
-1249
-537
2229
7076
10116
8414
4961
2845
466
-3922
-7364
-7306
-4750
-2434
-526
2958
6611
6152
1603
-1786
-2868
-3722
-2976
1364
6338
8908
9148
7608
3968
-1417
-6797
-9729
-9679
-7843
-5121
-2127
421
1794
2010
1031
-721
-2258
-2521
-1314
224
1415
2396
2698
2107
1163
-156
-2107
-4010
-4706
-4231
-3357
-2190
-600
1332
2113
1040
-186
-499
-760
-912
-174
1269
2364
2740
2543
2106
1460
251
-1332
-2281
-2167
-1716
-1361
-843
-62
521
769
802
672
369
333
414
197
-113
-554
-968
-508
504
561
-242
-772
-1215
-1376
-1026
-603
557
4810
9884
9698
5192
1903
740
-2160
-6338
-7742
-5618
-2789
-1656
529
4921
6992
3491
-600
-1590
-1996
-2830
-1085
3573
7621
9078
7808
4394
-80
-4677
-8172
-9601
-8897
-6689
-4145
-1531
1314
3314
2979
1108
-155
-563
-845
-1107
-667
854
2337
2489
2059
1842
598
-2122
-4393
-4847
-4467
-3731
-1994
555
2460
2504
1399
850
713
51
-563
67
1146
1510
1530
1957
2200
1413
-435
-2140
-2465
-2237
-2412
-2265
-909
785
1835
1911
1772
1669
1070
-221
-1319
-1762
-1570
-808
208
940
1050
276
-1175
-2070
-2202
-2085
-1516
-509
1650
6219
10397
8610
3371
918
245
-3268
-7247
-7446
-4746
-2298
-873
1854
5711
6499
2678
-708
-1383
-2162
-2842
-253
4415
7507
7822
6039
3098
-377
-4175
-7585
-9246
-8880
-7070
-4451
-872
2538
4122
3695
2597
1550
-107
-1927
-2594
-1439
552
2099
2754
3164
2992
1207
-1892
-4345
-5549
-5615
-4405
-1996
550
2199
2772
2524
2054
1242
41
-823
-945
-747
-168
1006
2152
2346
1381
-383
-1817
-2597
-3437
-3801
-2578
-337
1657
2951
3308
2720
1447
-320
-2063
-2934
-2624
-1481
-38
1089
1591
1411
264
-1241
-2174
-2600
-2175
-1131
274
3082
7927
10261
7044
2822
1416
-344
-4580
-7601
-6963
-4306
-2308
-274
3571
7466
6714
2245
-444
-876
-2162
-2594
251
4299
6661
6761
5379
3142
-145
-4514
-8156
-9498
-9047
-7567
-4564
-133
3777
5138
4409
3363
1804
-816
-3094
-3173
-1551
251
1478
2703
3976
3626
890
-2280
-4189
-5326
-5900
-4903
-2318
485
2425
3300
3576
3346
1868
-572
-2146
-2233
-1700
-753
904
2630
3191
2255
505
-1362
-3007
-4030
-3775
-2074
173
2146
3225
3065
2154
1064
-598
-2379
-3089
-2382
-1016
346
1157
1417
850
-356
-1443
-1916
-2363
-2520
-1957
-723
2037
6555
9393
7221
3578
2049
748
-3119
-6858
-7524
-5493
-3139
-912
2726
6386
6454
3443
1473
319
-2003
-3453
-1447
2207
4770
5835
5738
4456
1602
-2265
-5910
-8478
-9577
-8568
-5256
-781
2850
4474
4637
4193
2634
-75
-2117
-2482
-1990
-1178
355
2705
4527
4236
2143
-25
-1932
-4535
-6447
-5847
-3325
-636
1531
3214
4052
3688
1844
-288
-1751
-2443
-2441
-1211
593
1932
2403
1936
798
-635
-1897
-2700
-2755
-1960
-732
292
830
1157
1550
1278
68
-1037
-1368
-1337
-1181
-851
-446
-259
-338
-508
-391
-598
-1159
-1189
-795
-124
2620
6872
7962
5235
3232
3004
722
-3926
-6914
-6441
-4536
-3277
-1207
3000
6353
5930
3762
2430
915
-1515
-2351
-274
2742
4662
5434
5342
4184
1385
-2720
-6566
-8762
-9172
-8099
-5336
-1208
2373
3913
4315
4535
3369
774
-1382
-2125
-2196
-1742
40
2693
4143
3359
1797
281
-2093
-5192
-6479
-5287
-3107
-1297
376
2153
3251
2800
1243
-62
-894
-1594
-1791
-909
308
1127
1563
1509
940
-37
-1130
-2101
-2446
-2184
-1653
-1085
-256
945
1828
1701
842
206
-158
-758
-1367
-1212
-820
-986
-809
59
555
186
-314
-623
-775
-495
1207
4487
6755
5864
4245
3852
1948
-2303
-5742
-6591
-6124
-4948
-2377
1908
6006
7034
5624
4278
2259
-1148
-3005
-1591
969
2988
4374
5238
4816
2385
-1303
-4744
-7471
-9428
-9323
-6624
-2620
1031
3623
5271
5991
4805
2310
41
-1760
-2976
-2581
-746
1023
2129
2924
2912
1566
-1040
-3787
-5339
-5441
-4816
-3360
-792
1630
2809
3235
3225
2192
556
-961
-1867
-1892
-1305
-311
1030
1947
1501
576
-85
-1054
-2444
-3136
-2887
-2010
-775
542
1656
2456
2533
1841
962
35
-1344
-2712
-2946
-2100
-881
103
987
1296
1125
306
-630
-882
667
3323
4870
4474
4068
3979
2048
-1622
-4488
-5352
-5496
-4844
-2314
1897
5191
5916
5093
4026
1884
-1220
-2495
-1035
1071
2537
3800
4408
3737
1503
-1668
-4959
-7431
-8865
-8445
-5570
-1609
1346
3241
4760
5337
4248
2235
174
-1518
-2449
-2359
-1337
264
1765
2813
2724
1393
-626
-2732
-4183
-4490
-3833
-2552
-904
709
2072
3124
3088
1786
260
-828
-1507
-1590
-1042
-95
922
1399
1071
675
274
-797
-1976
-2380
-2206
-2008
-1462
-263
1359
2418
2416
1842
1229
-84
-2005
-3055
-2866
-2269
-1554
-357
871
1355
983
171
-521
-196
1709
3851
4495
3810
3488
2841
650
-2394
-4327
-4831
-4704
-3711
-1072
2564
4949
5189
4245
3007
867
-1332
-1618
187
2162
3192
3670
3725
2909
658
-2568
-5704
-7728
-8223
-7030
-4381
-1220
1541
3567
5026
5457
4513
2468
206
-1440
-2164
-2231
-1645
-135
1818
2831
2552
1559
-237
-2335
-3667
-3965
-3620
-2718
-1428
299
2326
3193
2186
703
-113
-737
-1322
-1416
-731
283
1066
1262
1148
977
201
-1114
-1913
-1989
-2035
-2159
-1406
217
1650
2074
1852
1357
561
-758
-2193
-2759
-2341
-1682
-1212
-342
563
799
206
-390
-189
750
2455
4121
4844
4267
3624
2559
228
-2584
-4082
-4429
-4166
-2870
-450
2613
4732
4758
3528
2219
474
-1199
-1321
238
1772
2622
3135
3381
2714
269
-3060
-5609
-6596
-6863
-6406
-4403
-1147
1716
3543
4612
4919
4025
2001
-135
-1570
-2247
-2567
-1987
-34
2072
3002
2703
1596
-169
-1873
-3071
-3797
-3826
-2877
-1381
324
1741
1962
1072
185
-376
-835
-998
-744
-293
557
1399
1510
1080
602
-109
-1005
-1612
-1753
-1696
-1615
-1169
-161
1017
1357
996
630
64
-1110
-2049
-2132
-1863
-1574
-1108
-323
235
235
-4
117
525
1746
3693
4943
4688
3815
2971
1217
-1208
-3321
-4150
-4015
-3183
-1569
1038
3442
4178
3422
2309
1166
-227
-1204
-596
1159
2632
3268
3571
3376
1844
-846
-3448
-5161
-6252
-6819
-5911
-3129
124
2265
3551
4570
4652
3085
835
-935
-2065
-2660
-2313
-690
1569
3010
3158
2487
1230
-560
-2260
-3400
-3819
-3378
-2198
-664
613
1235
1126
482
-118
-456
-430
-327
12
662
1391
1616
1179
554
-39
-593
-981
-1164
-1305
-1603
-1800
-1419
-306
528
464
210
305
-7
-1001
-1652
-1574
-1267
-1073
-730
-187
150
26
-305
163
1443
3128
4246
4646
4166
3236
1793
-391
-2761
-4136
-4135
-3588
-2419
-304
2132
3655
3986
3331
2056
451
-868
-1240
-418
1074
2359
3227
3347
2606
1095
-899
-3424
-5528
-6419
-6172
-4856
-2281
768
2969
4152
4474
3907
2135
-217
-2140
-2890
-2696
-1793
-56
1856
2898
2834
2255
1080
-675
-2429
-3398
-3381
-2590
-1657
-713
397
1137
836
140
-206
-224
-315
-277
296
1049
1375
1019
530
160
-144
-433
-596
-751
-1112
-1511
-1612
-1215
-529
14
295
382
459
268
-500
-1344
-1473
-1342
-1213
-816
-165
145
397
1326
3063
4791
5340
4478
3114
1890
68
-2240
-4016
-4342
-3501
-2030
-688
866
2587
3474
3075
2003
671
-681
-1145
-609
685
2184
3288
3579
3038
1545
-641
-2845
-4744
-6007
-6178
-5151
-3312
-1003
1474
3330
3904
3428
2278
753
-865
-2165
-2845
-2331
-901
769
2035
2521
2164
1404
250
-1293
-2332
-2351
-1828
-986
86
781
1001
858
103
-967
-1665
-1784
-1363
-35
1513
2462
2686
2409
1645
732
-247
-914
-969
-687
-514
-389
-361
-501
-527
-373
-386
-523
-489
-497
-756
-1009
-936
-628
-476
-270
177
375
126
572
2189
3464
3755
3287
2633
1337
-349
-1996
-3173
-3652
-3477
-2445
-891
537
1534
2494
2911
2319
1098
-149
-828
-576
96
802
1692
2323
1996
926
-423
-1950
-3234
-4352
-4799
-4116
-2631
-1297
380
2213
3149
2826
2128
1248
84
-1137
-2000
-2000
-1104
42
952
1649
1920
1443
646
-249
-1157
-1575
-1318
-735
-52
411
509
358
100
-515
-1258
-1500
-1109
-183
1028
1883
2242
2180
1639
871
102
-611
-1152
-935
-330
-60
-247
-592
-590
-227
-269
-680
-631
-314
-452
-482
-388
-444
-366
-39
216
412
936
1617
2328
2891
3076
2779
2047
842
-470
-1529
-2293
-2836
-2545
-1520
-241
803
1393
1620
1512
1049
388
-130
-421
-217
471
1076
1392
1488
941
-232
-1519
-2555
-3364
-3700
-3426
-2670
-1420
-118
732
1291
1918
1883
1166
179
-622
-1287
-1371
-1216
-885
-163
597
827
726
619
263
-237
-723
-786
-415
203
618
748
673
330
-52
-526
-1053
-1222
-928
-337
562
1564
2188
2227
1794
1022
190
-528
-949
-953
-462
18
142
131
156
24
-461
-1023
-1123
-866
-664
-575
-314
-10
198
247
172
423
1025
1621
1711
1865
1979
1887
1431
886
171
-553
-1207
-1671
-1683
-1355
-779
24
683
784
606
511
518
428
350
397
640
982
881
439
-47
-753
-1726
-2432
-2724
-2601
-2376
-2069
-1535
-467
327
461
666
1129
1057
309
-402
-733
-782
-698
-551
-251
276
555
545
602
540
28
-534
-627
-389
-41
280
589
831
857
674
491
60
-467
-628
-473
-112
630
1455
1717
1524
1019
412
-107
-530
-935
-943
-213
672
920
528
136
56
-122
-648
-951
-736
-386
-349
-485
-260
57
204
457
1194
1559
1123
855
1057
1023
483
201
199
278
-110
-593
-569
-345
-465
-611
-347
-149
-354
-379
197
772
1203
1464
1637
1447
867
-73
-999
-1578
-1935
-2271
-2348
-2055
-1596
-1256
-1011
-633
-178
82
103
230
529
437
-12
-246
-212
-163
-322
-472
-296
136
398
258
-34
-264
-551
-727
-584
-271
67
449
720
750
655
522
286
44
-172
-322
-169
162
573
704
556
252
18
-198
-544
-715
-359
413
1031
1133
795
431
-51
-408
-618
-576
-310
5
223
298
165
-131
117
905
1430
1388
1502
1739
1416
639
91
-137
-257
-491
-664
-416
196
637
665
515
224
-165
-704
-1007
-801
-119
816
1676
2023
1721
911
-162
-1301
-2176
-2656
-2890
-2928
-2584
-1763
-880
-348
-6
371
667
466
16
-225
-338
-699
-932
-658
-310
-187
-76
122
369
383
43
-450
-759
-888
-849
-586
-72
478
945
1194
1264
1052
600
132
-178
-310
-294
40
414
669
799
677
441
108
-275
-434
-240
113
485
1096
1703
1767
1207
591
92
-330
-786
-914
-514
40
196
11
-23
242
851
1335
1453
1372
1287
787
122
-193
-237
-408
-463
-234
216
748
867
700
400
-94
-909
-1391
-1504
-1155
-417
531
1425
2008
1773
748
-247
-1141
-2084
-2738
-2924
-2747
-2369
-1734
-883
-206
-8
-119
34
306
-64
-679
-881
-775
-631
-392
-32
342
530
495
298
59
-294
-759
-997
-952
-737
-414
52
587
1018
1254
1186
956
569
-6
-316
-300
-56
241
514
605
400
131
-75
-222
-395
-545
-319
300
778
1120
1604
1908
1530
855
207
-306
-566
-534
-178
291
408
135
51
264
539
553
544
782
1121
991
324
-89
-86
-203
-553
-347
315
879
1097
1070
901
424
-364
-1049
-1257
-1142
-859
-364
500
1296
1437
817
71
-590
-1317
-2024
-2436
-2300
-1972
-1493
-867
-56
270
195
176
186
-231
-889
-1217
-1065
-650
-449
-168
266
515
450
302
58
-273
-592
-688
-569
-283
-72
104
515
985
1150
997
794
499
92
-364
-467
-138
239
473
651
660
363
2
-181
-360
-501
-319
99
525
855
1355
1879
1883
1186
354
-147
-378
-538
-426
-31
207
229
286
407
426
326
243
414
568
261
-2
-20
-91
-261
-218
-137
212
740
824
523
396
159
-450
-913
-1045
-953
-593
-319
-167
383
607
57
-408
-638
-1151
-1646
-1704
-1629
-1399
-1061
-842
-461
-131
-230
-367
-250
-313
-600
-746
-672
-437
-175
-57
85
310
218
-16
-48
-198
-399
-367
-139
119
410
516
540
760
843
658
385
166
-126
-317
-141
163
487
770
1070
1034
582
239
160
-68
-381
-355
-31
370
612
828
1241
1535
1201
621
285
163
56
18
-22
35
183
46
-231
-233
-64
118
280
334
384
424
289
106
141
163
257
435
648
816
775
597
440
209
-310
-702
-805
-821
-783
-667
-418
-128
13
-186
-442
-534
-651
-876
-900
-776
-723
-776
-938
-1054
-881
-693
-606
-436
-246
-301
-457
-468
-402
-381
-304
-130
17
145
147
89
184
257
147
125
211
204
96
57
127
227
170
-2
-152
-235
-200
-46
204
476
739
707
375
94
5
-80
-125
13
350
701
791
611
547
719
608
281
53
120
358
486
410
270
204
-22
-508
-813
-648
-222
179
454
671
869
826
473
132
44
-20
-133
-183
14
367
574
533
446
359
43
-398
-638
-788
-844
-775
-658
-437
-135
68
96
34
-139
-377
-532
-760
-1169
-1359
-1344
-1069
-635
-242
79
336
236
-172
-463
-617
-705
-611
-303
55
313
421
542
679
673
532
426
399
382
275
175
193
300
298
150
-89
-212
-178
-34
235
495
606
627
651
605
416
213
226
227
175
200
224
74
-126
-246
-149
131
201
185
385
623
394
-94
-442
-682
-906
-990
-847
-423
66
303
422
559
427
-2
-387
-498
-512
-472
-358
-150
195
479
550
507
453
146
-282
-570
-674
-625
-531
-424
-138
316
524
512
488
294
58
-145
-354
-618
-724
-613
-284
87
258
328
429
384
58
-250
-334
-325
-234
-102
121
343
404
394
445
449
333
234
271
270
215
136
68
142
102
-174
-404
-493
-569
-584
-340
45
291
421
575
736
720
380
87
3
-122
-322
-406
-363
-438
-546
-486
-206
137
270
241
198
138
-88
-392
-514
-475
-325
-177
-62
74
171
131
55
32
-23
-223
-392
-336
-171
-42
-28
69
286
426
393
371
373
294
135
-85
-303
-495
-678
-728
-535
-168
139
293
327
360
322
150
-157
-395
-410
-254
16
140
225
335
430
305
86
-76
-279
-439
-419
-289
-206
-111
103
490
881
962
876
895
771
479
259
147
-5
-254
-451
-460
-426
-482
-462
-228
116
270
330
513
723
770
639
489
384
216
5
-202
-329
-445
-682
-835
-630
-307
-105
-18
-30
-60
-66
-212
-241
-25
224
281
257
146
-70
-274
-461
-561
-572
-572
-690
-640
-400
-178
-113
-122
-66
43
115
83
154
298
214
-47
-293
-505
-743
-919
-903
-707
-402
-170
28
205
328
323
303
324
263
273
342
279
189
166
157
229
295
340
268
107
-25
-128
-176
-191
-23
372
835
1154
1363
1399
1295
1032
632
347
121
-154
-295
-190
-107
-105
2
168
322
429
446
494
691
842
831
632
318
9
-264
-541
-732
-810
-793
-724
-533
-277
-211
-318
-466
-567
-617
-619
-451
-182
31
170
153
-114
-494
-812
-1066
-1201
-1169
-1045
-888
-693
-465
-264
-166
-152
-264
-319
-237
-118
30
175
208
167
76
-149
-424
-561
-625
-646
-581
-423
-210
-55
46
255
573
726
655
585
587
524
391
353
459
623
799
913
876
692
388
108
-94
-259
-286
19
617
1216
1589
1701
1621
1362
974
501
82
-192
-271
-195
13
219
324
417
398
300
240
233
269
408
543
511
353
165
-49
-289
-591
-823
-985
-1070
-1045
-941
-720
-612
-609
-576
-522
-457
-403
-365
-264
-212
-392
-655
-904
-1072
-1164
-1170
-1101
-976
-862
-784
-701
-533
-392
-340
-328
-240
-16
202
367
314
194
47
-162
-354
-464
-440
-405
-362
-339
-271
-151
-9
86
209
415
700
948
1038
1043
966
821
626
581
657
775
898
953
861
630
388
196
78
83
218
589
1026
1408
1571
1519
1399
1078
683
355
134
40
37
119
288
351
246
173
176
201
247
352
464
514
442
286
6
-354
-712
-986
-1072
-999
-948
-910
-806
-680
-615
-637
-680
-675
-697
-788
-817
-687
-594
-669
-859
-1042
-1204
-1362
-1496
-1500
-1309
-1150
-1043
-897
-671
-425
-266
-172
-111
-13
-19
-87
-122
-242
-358
-394
-309
-227
-152
-154
-151
-180
-285
-284
-157
34
301
600
965
1341
1477
1361
1158
983
800
588
547
732
958
1151
1256
1198
991
760
533
407
370
487
777
1195
1528
1650
1622
1436
1101
734
410
133
-48
-67
73
174
144
112
193
272
345
453
521
510
440
250
-44
-451
-851
-1031
-1044
-995
-981
-934
-865
-797
-727
-764
-852
-900
-887
-862
-830
-755
-664
-630
-750
-883
-1024
-1190
-1299
-1311
-1267
-1196
-1092
-977
-811
-622
-459
-240
-22
57
97
54
-11
-64
-137
-201
-160
-65
17
-26
-143
-233
-386
-518
-466
-204
51
302
598
938
1192
1197
1059
937
850
727
651
690
900
1064
1081
1024
879
631
375
260
283
378
556
893
1233
1425
1470
1365
1095
778
501
245
54
30
94
199
294
322
336
383
418
421
438
346
213
74
-102
-383
-595
-638
-676
-762
-757
-719
-721
-715
-692
-644
-630
-677
-694
-633
-610
-649
-716
-751
-851
-1012
-1092
-1121
-1127
-1146
-1099
-983
-846
-758
-723
-691
-553
-348
-180
-10
66
35
-65
-148
-192
-207
-259
-290
-206
-194
-302
-370
-388
-408
-359
-174
70
284
516
742
930
1038
899
685
606
585
457
397
555
785
920
912
851
773
684
552
493
527
619
747
975
1224
1298
1170
983
826
599
363
183
85
112
202
316
398
468
514
577
593
542
490
320
90
-130
-338
-548
-713
-755
-692
-529
-411
-331
-270
-274
-306
-326
-399
-543
-616
-562
-508
-581
-685
-745
-833
-932
-1062
-1170
-1203
-1211
-1170
-1061
-954
-879
-785
-629
-421
-253
-115
-36
-33
-165
-257
-319
-350
-348
-401
-389
-326
-259
-221
-226
-241
-211
-176
-116
62
270
500
697
882
918
782
653
595
510
437
488
648
834
899
876
850
842
767
673
627
633
665
762
941
1011
990
949
861
714
532
365
231
143
188
319
396
435
436
414
397
373
307
150
-64
-289
-437
-577
-705
-759
-671
-513
-378
-259
-241
-274
-347
-364
-422
-541
-617
-614
-569
-645
-790
-933
-990
-1026
-1106
-1116
-1019
-907
-794
-665
-570
-573
-564
-521
-424
-292
-194
-78
-39
-97
-154
-196
-213
-243
-266
-254
-198
-99
-23
-35
-12
37
45
41
94
258
442
542
564
580
551
489
431
436
491
540
623
764
897
907
871
825
760
674
600
531
504
614
665
684
720
730
703
626
520
461
361
255
239
311
391
377
314
258
243
228
201
103
-44
-229
-367
-478
-611
-669
-605
-506
-369
-292
-208
-168
-159
-187
-217
-225
-353
-477
-579
-654
-757
-932
-991
-939
-904
-907
-887
-864
-801
-733
-724
-609
-523
-470
-426
-338
-259
-169
-142
-165
-187
-231
-352
-463
-433
-386
-385
-337
-182
-63
-25
23
25
25
48
93
220
346
344
333
388
428
424
418
472
543
576
591
603
630
625
611
631
676
670
632
599
626
624
589
568
578
618
594
575
568
504
438
387
368
398
380
306
251
214
207
197
186
134
70
-8
-120
-197
-298
-362
-371
-387
-350
-239
-188
-146
-60
16
36
-82
-228
-344
-432
-537
-623
-693
-660
-579
-551
-526
-502
-450
-461
-478
-449
-382
-362
-328
-264
-180
-107
-91
-94
-74
-108
-206
-313
-332
-328
-333
-299
-210
-123
-128
-131
-120
-84
-61
-38
24
75
135
171
168
180
169
131
150
221
294
350
377
403
438
452
430
386
331
331
327
312
317
353
406
416
435
448
396
331
276
233
239
250
266
293
305
261
142
110
98
46
-13
-14
-40
-120
-225
-315
-378
-460
-498
-475
-402
-290
-169
-72
-8
14
-83
-236
-375
-513
-625
-686
-739
-724
-628
-514
-456
-431
-372
-368
-452
-476
-396
-327
-238
-173
-47
68
82
68
31
-4
-109
-243
-293
-222
-102
-29
67
176
255
255
226
225
236
235
226
308
436
527
560
562
516
453
376
332
394
481
563
625
712
768
735
670
573
499
430
373
336
325
343
322
315
292
299
297
256
257
238
229
175
91
76
51
15
-17
-54
-69
-99
-154
-183
-236
-316
-430
-535
-626
-663
-677
-679
-565
-399
-272
-167
-157
-233
-356
-514
-700
-830
-883
-893
-861
-789
-636
-497
-421
-384
-365
-422
-528
-527
-475
-395
-256
-150
-21
44
34
-26
-89
-166
-280
-358
-319
-192
-57
104
206
325
367
318
261
260
241
219
260
337
459
548
553
503
476
422
369
378
427
533
622
714
751
755
694
576
515
441
383
308
299
305
321
358
344
321
258
229
214
188
185
155
115
94
119
99
47
-13
-85
-132
-141
-144
-156
-162
-218
-281
-341
-385
-417
-440
-433
-357
-266
-197
-188
-196
-232
-287
-389
-535
-631
-718
-732
-721
-626
-509
-408
-339
-267
-274
-298
-317
-324
-241
-193
-134
-88
-16
-2
-56
-105
-141
-197
-236
-205
-119
-19
87
178
250
279
238
169
122
104
88
106
200
325
394
439
428
384
341
308
307
340
458
599
692
739
725
653
527
436
318
212
173
188
228
260
324
361
340
242
172
116
65
32
-12
1
-16
-26
-51
-52
-96
-198
-274
-353
-376
-375
-390
-355
-319
-348
-347
-367
-375
-403
-416
-378
-334
-326
-330
-331
-366
-409
-499
-596
-697
-713
-663
-594
-462
-327
-204
-114
-55
-36
-77
-100
-88
-38
15
76
175
212
168
118
80
28
-28
-63
16
128
251
366
449
495
482
413
314
208
149
124
152
251
337
386
379
339
291
242
193
182
211
284
377
440
489
486
436
353
274
167
89
90
88
81
116
190
209
179
125
89
80
61
41
5
-27
-42
-30
-20
-40
-92
-178
-212
-223
-209
-201
-181
-184
-179
-165
-176
-181
-200
-237
-259
-238
-207
-195
-225
-229
-297
-389
-499
-615
-695
-685
-631
-579
-466
-356
-271
-232
-159
-170
-199
-172
-185
-168
-128
-84
-92
-105
-134
-144
-151
-166
-163
-128
-30
70
160
215
276
284
282
243
180
133
111
146
204
267
323
380
410
415
392
332
295
304
344
408
473
530
572
590
557
505
475
372
280
262
234
206
224
239
256
272
227
198
195
163
66
65
54
42
34
38
39
3
-63
-133
-102
-127
-156
-154
-112
-121
-168
-211
-242
-306
-333
-376
-348
-313
-340
-363
-401
-453
-547
-587
-631
-658
-633
-586
-556
-519
-470
-426
-366
-291
-257
-245
-203
-213
-184
-156
-161
-176
-196
-188
-182
-155
-144
-87
-13
81
172
231
225
217
231
195
149
101
67
65
124
195
279
350
412
425
393
354
286
272
275
286
335
392
472
533
524
508
487
392
280
216
167
135
154
175
227
267
282
265
222
190
118
41
-26
-71
-41
-18
-32
-17
-35
-75
-105
-110
-115
-138
-130
-147
-131
-116
-126
-120
-125
-122
-126
-151
-210
-250
-322
-388
-410
-412
-392
-364
-347
-319
-289
-299
-339
-312
-247
-191
-164
-132
-90
-64
-56
-73
-48
-92
-156
-168
-170
-125
-85
-11
61
160
236
273
291
262
219
192
181
159
122
101
95
114
151
158
165
211
237
195
175
156
146
152
172
222
289
369
369
366
356
316
219
141
67
51
40
11
46
99
134
137
114
89
89
47
8
-26
-34
-49
-77
-62
-44
-42
-58
-86
-101
-139
-177
-219
-224
-215
-197
-174
-128
-109
-114
-130
-158
-187
-303
-359
-384
-383
-357
-331
-336
-330
-361
-388
-378
-381
-369
-315
-243
-202
-148
-141
-154
-186
-217
-239
-282
-351
-356
-299
-238
-160
-87
-3
61
85
99
114
114
88
91
107
124
115
127
162
204
245
264
322
347
370
355
324
335
346
363
425
479
520
566
565
502
480
421
329
275
246
222
217
230
224
287
303
277
260
241
236
204
154
104
63
24
4
4
12
15
-18
-49
-53
-102
-174
-225
-259
-255
-246
-244
-242
-253
-267
-264
-248
-272
-338
-374
-384
-364
-370
-358
-366
-368
-351
-340
-336
-306
-257
-193
-135
-109
-77
-90
-108
-131
-128
-138
-138
-132
-87
-15
14
32
20
53
81
107
132
152
151
143
164
169
172
168
156
145
170
223
235
254
273
277
251
221
205
241
273
260
290
332
351
300
275
238
187
111
55
57
24
15
6
-6
11
6
-9
-4
-4
17
23
-31
-69
-98
-139
-149
-119
-121
-134
-137
-155
-197
-250
-291
-338
-329
-319
-293
-253
-263
-227
-200
-199
-200
-221
-249
-268
-252
-248
-264
-296
-309
-319
-303
-297
-301
-233
-183
-135
-73
-37
-23
-33
-23
-39
-48
-50
-49
-50
-23
28
73
94
124
132
164
201
171
180
197
183
204
210
200
198
166
181
231
259
248
237
244
240
237
239
250
293
325
335
355
370
359
326
309
287
247
228
182
164
155
129
87
99
113
97
97
111
122
142
151
96
73
41
31
3
-19
-42
-94
-136
-144
-169
-229
-245
-235
-232
-195
-190
-177
-147
-130
-123
-119
-133
-153
-190
-220
-235
-276
-309
-335
-343
-366
-339
-320
-299
-265
-205
-146
-144
-147
-155
-178
-189
-172
-162
-178
-164
-142
-124
-88
-71
-39
-18
-4
1
55
77
73
105
108
100
79
74
46
55
85
133
159
158
156
168
183
176
189
232
280
325
331
345
330
309
275
245
250
232
186
146
121
75
31
39
62
51
49
71
109
121
129
112
77
51
50
40
38
-1
-59
-99
-142
-193
-226
-270
-310
-299
-275
-265
-241
-174
-144
-135
-169
-151
-156
-152
-162
-176
-224
-274
-313
-311
-308
-303
-265
-232
-195
-155
-74
-41
-29
-36
-9
-9
-10
8
21
23
9
25
30
52
80
89
119
140
193
227
240
237
215
206
183
177
179
175
176
195
198
200
200
174
177
201
203
244
277
273
278
246
209
212
198
193
165
153
127
98
49
13
9
-19
-27
-12
-6
-28
1
24
41
38
25
36
24
15
-12
-32
-67
-109
-147
-184
-200
-224
-227
-218
-218
-208
-195
-192
-173
-178
-191
-166
-158
-152
-196
-223
-246
-302
-334
-371
-354
-354
-349
-326
-285
-258
-251
-203
-190
-193
-178
-141
-146
-128
-119
-102
-89
-92
-81
-86
-39
-10
8
69
131
151
177
173
166
183
183
159
147
156
173
178
196
224
242
243
247
281
328
346
351
373
364
356
331
331
304
300
277
253
247
219
171
129
114
92
82
75
105
104
94
87
75
65
61
52
18
-22
-60
-99
-132
-169
-197
-233
-262
-237
-237
-210
-178
-166
-159
-148
-143
-147
-147
-136
-133
-138
-145
-182
-183
-226
-249
-264
-255
-239
-233
-218
-208
-192
-174
-161
-143
-134
-110
-76
-57
-30
-1
2
-19
-31
-50
-40
-37
-3
49
91
126
181
199
194
167
177
164
156
153
146
145
162
161
146
157
159
188
206
257
268
267
254
253
226
191
200
163
159
172
175
173
134
116
91
55
30
1
-21
-9
11
1
-11
-25
-29
-43
-57
-80
-106
-142
-142
-151
-178
-198
-224
-237
-244
-253
-249
-230
-223
-196
-174
-157
-153
-145
-143
-138
-123
-146
-165
-167
-186
-198
-198
-198
-210
-226
-202
-190
-184
-175
-158
-145
-110
-92
-68
-36
-7
20
34
38
16
35
18
38
56
79
107
105
128
146
146
135
109
107
122
116
114
115
113
117
107
108
144
167
205
226
257
280
256
225
238
222
198
194
194
213
208
182
179
138
110
92
82
95
91
99
111
107
89
86
53
15
-9
-16
-25
-30
-36
-52
-66
-125
-156
-188
-204
-202
-214
-174
-157
-131
-127
-122
-104
-99
-114
-113
-118
-164
-177
-197
-212
-206
-215
-225
-225
-215
-196
-176
-188
-185
-171
-137
-113
-57
-11
-16
9
37
49
44
38
45
56
85
102
117
138
153
179
170
182
198
170
147
155
161
156
155
145
117
114
106
95
97
128
164
169
188
198
173
132
108
93
59
45
33
39
12
-14
-17
-45
-57
-60
-58
-66
-63
-53
-60
-49
-74
-105
-95
-110
-112
-114
-125
-107
-98
-120
-146
-172
-187
-210
-216
-210
-162
-127
-91
-63
-49
-36
-69
-79
-74
-70
-87
-95
-103
-111
-97
-99
-111
-95
-85
-103
-102
-100
-111
-94
-93
-58
-6
9
31
45
69
90
64
47
31
35
48
57
92
110
123
132
121
109
108
99
111
106
111
122
128
130
139
124
109
100
113
131
154
153
172
173
152
138
128
112
83
108
115
120
130
98
90
65
14
3
-23
-50
-38
-33
-41
-27
-34
-43
-51
-43
-42
-46
-24
2
3
-17
-23
-56
-67
-65
-92
-95
-74
-56
-49
-42
-37
-36
-47
-55
-46
-60
-70
-76
-82
-82
-89
-76
-61
-65
-77
-59
-68
-79
-99
-94
-97
-103
-71
-44
-19
-13
-2
10
19
0
17
8
6
8
-4
19
27
11
9
-3
-9
4
7
18
32
45
62
59
56
39
9
8
31
50
63
78
90
87
86
83
85
83
65
49
38
28
20
14
21
-2
-15
-3
-10
-3
5
-27
-55
-47
-64
-67
-55
-48
-31
-9
-8
-16
-18
-40
-65
-83
-102
-104
-101
-98
-99
-72
-59
-49
-20
-20
-31
-34
-33
-30
-36
-15
-21
-32
-23
-9
-9
-12
-1
-7
-12
-10
-12
-6
-5
-3
26
28
34
27
23
31
24
26
25
30
23
34
55
73
73
66
75
46
39
31
23
26
47
56
60
88
98
79
69
66
62
81
80
94
117
131
120
122
101
75
88
67
55
62
51
42
47
58
67
71
62
44
50
26
0
-14
-6
-12
-27
-1
3
0
0
-11
-37
-40
-73
-104
-112
-133
-150
-152
-165
-161
-146
-141
-133
-132
-142
-164
-174
-173
-160
-153
-135
-137
-130
-101
-113
-109
-103
-101
-107
-101
-83
-85
-83
-75
-56
-46
-22
-3
7
12
13
25
22
19
40
46
47
66
65
71
80
71
75
80
79
85
76
104
125
135
138
145
136
120
109
106
103
104
129
141
145
144
129
112
91
78
49
35
38
36
38
41
31
12
17
-17
-23
-22
-44
-53
-53
-50
-51
-51
-51
-43
-45
-51
-42
-54
-71
-83
-105
-124
-117
-115
-119
-99
-82
-89
-91
-86
-83
-82
-76
-73
-74
-55
-48
-33
-23
-35
-19
-26
-22
-20
-24
-14
-7
-12
0
14
20
32
42
60
73
94
107
113
118
111
104
97
102
99
104
118
119
122
114
102
91
80
77
80
88
95
89
84
70
58
43
25
32
30
39
46
42
38
37
19
-3
-11
-34
-57
-56
-54
-55
-59
-55
-52
-57
-65
-71
-78
-86
-105
-116
-100
-106
-120
-118
-114
-109
-103
-101
-97
-77
-76
-71
-68
-68
-68
-71
-69
-72
-71
-72
-74
-71
-64
-56
-53
-50
-29
0
6
12
14
0
12
23
36
38
31
34
26
13
19
27
26
34
38
40
41
47
30
23
26
27
31
40
39
41
42
48
48
42
50
33
33
34
29
31
34
34
36
35
23
18
19
24
21
34
45
41
49
41
26
20
8
-14
-11
-22
-13
-13
-6
4
-1
1
-4
-7
-3
-2
-10
-12
-17
-21
-35
-23
-29
-19
-16
-11
0
0
2
-10
-7
-23
-28
-32
-23
-20
-19
-37
-33
-30
-41
-35
-32
-23
-16
-12
-10
-18
-14
-11
-8
5
9
13
23
21
29
38
30
25
20
24
18
16
32
36
31
34
32
38
43
40
40
46
42
46
47
52
53
39
36
37
31
37
34
38
47
47
46
41
39
33
34
39
40
42
34
31
35
19
7
3
-2
-9
-18
-15
-12
-8
-3
-18
-18
-15
-32
-53
-69
-60
-68
-82
-78
-77
-82
-89
-74
-75
-78
-75
-89
-87
-93
-110
-106
-97
-113
-105
-97
-111
-109
-98
-106
-112
-94
-92
-87
-80
-75
-70
-57
-45
-28
-18
-9
3
2
7
7
13
14
25
32
40
55
66
73
74
89
92
93
101
111
113
118
128
120
131
133
130
140
133
126
116
113
97
100
91
86
87
89
77
67
75
62
49
47
48
43
42
26
25
17
-3
-7
-12
-22
-29
-32
-41
-39
-47
-51
-52
-59
-68
-76
-80
-85
-97
-104
-98
-103
-97
-88
-84
-83
-76
-78
-81
-64
-67
-71
-68
-70
-70
-60
-53
-57
-46
-41
-43
-34
-32
-30
-24
-18
-22
-23
-18
-13
-10
-11
2
9
13
12
7
14
5
7
5
7
21
26
39
48
55
58
65
67
70
74
72
70
70
62
67
63
58
60
56
64
68
68
64
64
71
68
72
68
68
62
53
49
51
48
49
48
33
32
23
2
3
-5
-11
-20
-22
-21
-23
-28
-32
-33
-45
-45
-54
-67
-76
-87
-92
-106
-106
-99
-99
-90
-78
-80
-81
-79
-80
-83
-77
-84
-86
-79
-79
-76
-62
-62
-57
-47
-41
-34
-26
-22
-18
-9
-10
5
9
13
29
33
33
47
53
46
47
51
47
42
53
51
60
70
72
84
85
83
79
76
80
82
76
72
69
67
57
53
55
48
45
37
37
32
28
26
28
17
15
15
11
12
13
9
9
9
1
0
-4
-4
-6
-17
-26
-27
-17
-15
-14
-21
-28
-36
-47
-37
-39
-47
-51
-50
-54
-53
-55
-58
-59
-61
-56
-51
-51
-44
-43
-40
-37
-36
-27
-39
-46
-47
-52
-58
-57
-58
-60
-59
-57
-50
-36
-33
-33
-31
-15
-18
-10
8
4
18
20
22
26
23
27
29
31
35
45
47
53
61
63
69
71
75
73
74
76
73
65
59
50
41
38
36
32
33
35
35
46
42
40
38
27
19
21
16
8
5
2
1
-1
-3
-7
-11
-17
-19
-24
-21
-21
-22
-16
-13
-11
-16
-6
-9
-16
-21
-16
-25
-36
-35
-36
-36
-37
-27
-21
-17
-14
-14
-17
-20
-15
-17
-13
-17
-21
-24
-31
-33
-37
-35
-37
-30
-24
-23
-20
-19
-17
-14
-12
-7
-8
-13
-6
-1
5
10
12
13
6
-3
-8
-11
-14
-11
-6
5
13
22
25
32
34
34
28
26
24
25
22
22
32
28
29
34
35
34
33
36
34
37
28
25
27
24
24
26
29
28
28
27
21
22
16
0
-4
-7
-11
-12
-4
-8
-7
-12
-14
-17
-23
-24
-31
-31
-30
-35
-29
-25
-23
-14
-13
-10
-7
-4
-12
-13
-14
-17
-22
-22
-23
-23
-29
-30
-25
-39
-41
-41
-42
-41
-40
-34
-30
-29
-23
-16
-13
-13
-17
-9
-6
-7
-2
5
-2
-3
6
8
8
14
11
16
22
20
31
34
34
31
28
26
29
23
20
24
22
23
25
30
34
37
43
45
48
48
49
53
49
46
43
36
32
28
21
19
18
7
5
5
2
-9
-6
-14
-16
-17
-19
-24
-30
-31
-41
-45
-47
-50
-54
-49
-51
-47
-49
-41
-35
-34
-30
-29
-31
-26
-28
-30
-22
-26
-16
-20
-19
-15
-14
-10
-14
-13
-10
0
3
10
17
28
27
21
32
29
28
32
27
33
31
29
27
26
21
18
16
15
14
17
25
21
27
28
22
20
23
23
20
17
10
17
12
6
7
5
5
3
5
-1
-2
-5
-11
-10
-11
-19
-19
-12
-17
-14
-18
-15
-16
-17
-17
-16
-13
-13
-14
-13
-10
-17
-14
-12
-13
-18
-18
-20
-20
-28
-27
-29
-28
-28
-25
-18
-17
-17
-13
-16
-14
-14
-16
-18
-12
-8
-11
-5
0
0
0
2
-4
-3
-1
0
5
16
24
25
34
36
39
37
32
30
28
32
25
23
26
22
19
19
26
27
24
26
21
20
18
21
19
18
17
14
13
11
13
16
15
9
9
6
-2
-1
-8
-14
-12
-14
-10
-1
-6
-7
-5
-13
-11
-14
-21
-23
-27
-32
-29
-28
-25
-23
-19
-15
-17
-22
-18
-16
-16
-13
-13
-17
-20
-28
-30
-23
-26
-25
-20
-22
-18
-16
-18
-14
-10
-6
-8
-5
-8
-11
-9
-4
0
1
3
-1
1
5
3
15
19
19
23
24
25
27
35
32
36
41
41
40
41
35
33
30
23
22
26
24
21
23
26
25
34
35
35
29
23
21
15
13
16
10
7
6
-5
-5
-10
-15
-21
-20
-25
-24
-24
-23
-26
-25
-25
-28
-23
-26
-28
-32
-34
-33
-29
-30
-27
-19
-21
-16
-15
-15
-17
-24
-20
-23
-21
-26
-18
-18
-20
-14
-18
-14
-15
-16
-12
-11
-8
-6
-3
-6
-2
-5
-5
-1
0
-3
1
4
4
7
9
10
7
4
8
5
7
8
6
3
8
15
15
18
13
14
15
16
17
18
22
19
25
29
29
33
34
35
38
33
32
32
27
24
22
21
23
25
21
24
19
14
11
6
1
0
-3
-7
-5
-3
-2
-2
-2
-4
-7
-4
-8
-13
-14
-13
-14
-14
-9
-13
-11
-12
-13
-15
-19
-24
-23
-28
-27
-28
-30
-27
-27
-27
-30
-32
-34
-33
-29
-23
-20
-17
-14
-15
-12
-11
-8
-4
-3
-7
-3
1
-1
2
2
3
3
5
6
13
13
15
21
21
21
26
28
27
27
28
24
21
18
20
22
24
25
23
24
26
30
24
25
25
23
23
20
15
16
14
13
11
10
8
6
0
-4
-6
-6
-13
-16
-17
-16
-17
-22
-18
-21
-20
-24
-23
-25
-27
-30
-31
-30
-32
-30
-34
-34
-35
-32
-34
-33
-34
-33
-32
-30
-28
-23
-19
-17
-11
-12
-10
-8
-4
-7
0
4
3
3
6
5
9
6
7
12
13
14
15
21
16
20
19
20
21
20
14
12
14
9
14
14
16
18
18
16
13
12
13
17
14
16
18
14
13
16
16
12
17
18
18
14
15
17
11
15
12
12
14
10
9
9
9
6
5
2
0
0
2
-4
-1
-1
-3
-3
1
-2
-8
-7
-9
-11
-9
-11
-13
-11
-15
-12
-13
-16
-14
-17
-16
-17
-17
-19
-20
-23
-25
-23
-19
-16
-17
-18
-14
-14
-15
-9
-12
-9
-4
-2
2
3
3
1
4
3
4
4
6
6
3
6
6
7
8
8
10
12
11
10
16
16
16
16
16
17
15
13
9
12
10
8
10
13
16
13
15
14
11
9
7
10
4
3
7
4
1
3
1
-5
-8
-10
-16
-19
-17
-15
-13
-13
-11
-11
-9
-7
-10
-11
-8
-11
-13
-9
-9
-8
-5
-6
-7
-11
-15
-16
-13
-12
-14
-12
-14
-16
-18
-15
-16
-17
-12
-11
-14
-11
-10
-6
-5
-7
-4
-2
-2
0
6
5
5
7
7
10
8
10
10
6
5
8
8
8
9
9
9
9
11
10
14
13
13
13
16
14
13
12
11
6
4
4
3
4
8
8
10
15
14
12
16
9
5
4
1
-1
2
-2
-3
-2
-4
-2
-4
-3
0
1
1
4
5
4
6
4
2
4
3
-1
1
6
2
1
1
3
2
3
1
4
4
0
4
5
6
6
5
1
0
-4
-6
-7
-6
-3
-2
-3
-2
-4
-5
-6
-5
-5
-5
-6
-7
-9
-9
-10
-13
-10
-14
-14
-13
-14
-13
-12
-9
-5
-3
-7
-4
-4
-3
-4
-3
-4
-2
-2
-3
-1
-2
-5
-6
-5
-6
0
-2
1
6
9
7
7
7
7
7
6
8
8
8
3
2
3
1
1
5
5
7
8
6
3
1
-2
-1
-3
-2
-2
-6
-8
-10
-12
-12
-11
-12
-8
-6
-9
-6
-5
-6
-3
-6
-4
-1
0
3
3
4
3
8
5
6
8
7
9
5
8
7
5
4
3
0
-2
3
1
1
6
6
4
4
2
3
0
3
0
1
3
1
3
2
3
5
5
4
5
1
-1
-1
-2
-1
-4
-4
-3
-5
-5
-1
-3
0
-2
0
1
0
0
1
1
0
2
1
2
2
4
5
7
6
8
5
6
6
7
8
5
6
3
2
0
-1
-1
0
2
1
-3
-3
-6
-8
-7
-3
-5
-5
-6
-3
-4
-4
0
-3
-1
-3
-2
1
-2
0
-2
-2
0
-1
0
-1
0
-1
-1
-3
0
0
-4
-2
-6
-3
-1
1
-1
-1
1
-1
-1
1
3
3
1
1
1
-1
1
2
3
3
0
1
3
2
-1
0
-1
-2
-3
-5
-2
-3
-2
1
1
3
7
7
8
10
8
7
9
7
6
6
7
8
8
9
10
9
7
4
3
0
4
1
-2
-1
-5
-5
-9
-8
-9
-10
-9
-9
-11
-10
-14
-13
-10
-17
-12
-14
-16
-13
-13
-13
-12
-13
-13
-13
-13
-13
-14
-13
-13
-8
-11
-10
-8
-7
-9
-8
-7
-6
-1
0
3
5
8
6
9
9
7
8
9
11
14
14
17
16
13
14
13
16
13
13
11
11
13
12
11
11
8
6
7
7
7
8
5
5
4
3
2
2
1
3
2
5
8
5
5
7
6
4
4
5
2
0
-3
-2
1
0
-2
-2
-3
-1
-4
-4
-2
-5
-8
-8
-8
-12
-10
-9
-12
-10
-8
-7
-7
-6
-4
-3
-5
-4
-3
-5
-1
-1
-1
1
0
2
3
2
1
-1
2
0
1
3
0
-2
1
3
3
4
3
1
-1
-1
2
1
3
6
5
4
3
2
2
2
5
5
4
4
3
1
2
2
-1
0
-2
-5
-5
-6
-7
-8
-6
-7
-10
-9
-8
-10
-8
-6
-7
-7
-8
-6
-6
-4
-3
-2
-1
0
-1
1
1
-1
1
1
2
1
1
2
1
-1
-1
0
0
0
2
3
3
3
2
2
-1
0
0
-1
1
1
1
1
2
3
3
4
6
7
5
3
4
4
5
4
3
0
-1
0
3
4
5
9
9
7
5
6
4
2
1
2
5
6
8
8
8
9
10
9
9
8
9
10
8
7
9
6
4
0
-1
-3
-6
-5
-6
-8
-9
-9
-11
-11
-11
-11
-11
-11
-10
-9
-9
-7
-8
-7
-5
-6
-6
-7
-5
-8
-8
-9
-7
-7
-8
-8
-8
-11
-9
-8
-10
-9
-7
-7
-5
-6
-6
-4
-4
-4
-3
0
2
0
3
7
6
9
8
9
10
6
8
8
9
8
7
8
6
6
4
3
3
0
-1
-1
0
-3
-1
1
-1
0
-1
-5
-4
-3
-4
-4
-2
-1
-2
0
-2
0
-1
-2
-1
0
0
3
2
2
2
2
0
-2
-2
-3
1
1
3
1
3
4
2
1
2
2
4
5
5
5
8
6
6
7
6
7
4
5
6
7
9
9
9
6
5
5
4
1
2
1
0
0
-1
0
-3
-4
-2
-2
-3
-3
1
0
1
2
1
1
-1
-1
-2
-2
-1
1
3
3
3
2
1
0
0
0
0
1
1
-1
-1
-1
0
-2
-3
-2
-4
-2
-1
0
2
2
3
1
2
2
-2
0
-2
-3
1
0
-1
0
-2
-1
-3
-4
-4
-4
-4
-7
-5
-6
-8
-8
-7
-3
-4
-2
-2
-2
-2
-3
-1
-2
-2
-1
-2
-1
-2
-2
0
-3
-3
-1
-3
-4
-4
-5
-3
-3
-4
-3
-5
-4
-5
-4
-5
-3
-5
-2
-2
-3
-1
-2
-2
-3
0
1
1
-1
1
-1
-1
1
1
3
1
0
-2
-1
-1
0
3
0
-1
1
2
2
2
0
3
0
1
2
4
4
4
2
2
3
4
5
5
3
4
3
2
3
5
6
7
8
9
8
7
9
7
6
3
3
3
0
-1
1
0
1
0
1
0
-1
0
1
1
1
0
1
-1
0
1
2
3
2
1
2
1
0
1
2
1
0
0
2
0
-1
-2
-5
-5
-5
-4
-2
-2
-3
-2
-1
-2
-2
1
1
2
1
1
0
1
2
4
5
2
1
1
0
-1
-1
-2
-3
-3
-5
-5
-5
-4
-4
-4
-3
-2
-3
-3
-3
-5
-2
-2
-3
-1
0
0
0
1
3
3
3
3
3
2
3
2
2
2
2
2
2
2
3
2
1
2
2
3
3
2
2
1
0
1
1
0
1
1
2
2
2
-1
-2
-3
-5
-4
-2
-5
-6
-5
-4
-4
-6
-1
0
-3
-3
-4
-5
-5
-7
-7
-8
-7
-5
-5
-6
-5
-3
-2
-2
-2
1
1
0
1
2
-1
1
3
2
3
0
1
1
-2
-2
0
1
0
1
0
0
2
1
2
2
0
1
1
2
2
3
4
5
6
4
7
5
4
6
4
4
2
1
2
2
2
4
3
3
3
2
0
1
0
-3
-3
-1
-1
-1
0
0
1
1
-1
-1
0
-1
-2
-2
-2
-3
-2
-1
-4
-1
-1
-1
-1
1
-1
-2
1
0
1
0
1
0
0
1
1
4
5
5
6
3
3
3
3
6
6
5
6
4
2
3
3
3
3
4
4
3
3
5
5
5
7
5
4
5
5
4
4
5
4
4
3
3
2
1
-1
-1
-1
-4
-5
-5
-6
-7
-8
-9
-8
-9
-9
-7
-6
-8
-9
-9
-9
-9
-11
-11
-10
-11
-11
-11
-11
-10
-11
-10
-10
-9
-8
-6
-7
-6
-6
-5
-4
-3
-3
-1
-1
-3
1
-2
-2
-1
1
3
4
6
6
6
5
5
7
7
7
8
7
6
6
5
5
4
4
5
4
3
3
6
4
4
5
2
1
2
0
-1
-2
-4
-2
-4
-4
-3
-4
-4
-3
-2
-1
-1
-1
-1
-1
1
2
2
2
2
3
3
1
2
2
3
3
3
4
5
6
6
6
7
6
6
4
7
7
7
9
9
7
9
8
8
8
7
8
7
7
8
8
8
7
6
4
4
3
4
4
1
1
0
-3
-4
-2
-3
-2
-3
-3
-3
-5
-5
-5
-5
-5
-5
-4
-5
-7
-6
-6
-7
-6
-7
-7
-7
-6
-6
-5
-5
-5
-5
-6
-7
-7
-9
-10
-9
-10
-12
-10
-10
-11
-11
-9
-8
-10
-6
-6
-7
-5
-6
-5
-5
-4
-2
-1
-2
-2
-1
-2
0
1
2
3
3
2
2
3
0
1
1
2
3
2
2
2
1
0
3
2
3
3
2
2
3
4
3
4
4
3
4
3
2
3
2
0
1
1
0
1
3
3
3
4
4
4
4
2
1
2
2
0
1
2
1
3
2
1
1
2
2
5
4
5
4
5
5
6
5
7
7
6
7
6
8
6
7
7
8
5
7
7
6
7
6
6
5
6
4
4
2
2
1
-1
-1
0
1
0
2
0
-2
-3
-2
-2
-3
-4
-3
-4
-3
-3
-4
-3
-4
-4
-3
-3
-4
-2
-2
-4
-2
-3
-4
-7
-7
-7
-10
-9
-8
-9
-9
-9
-10
-9
-8
-9
-8
-8
-9
-7
-10
-10
-8
-7
-9
-9
-9
-7
-6
-4
-2
-2
-3
-2
-2
-1
0
-1
0
0
1
0
0
1
-1
-1
0
1
2
0
3
3
5
5
5
7
6
6
6
4
4
4
1
3
3
3
3
4
2
3
4
4
4
3
3
2
2
2
0
1
0
0
2
0
1
2
2
3
2
2
1
-1
0
1
1
1
2
1
2
6
3
2
2
-1
0
0
0
-1
-1
-1
0
-1
0
1
1
2
1
1
0
2
0
0
1
0
1
1
2
0
1
-1
-1
1
1
-2
0
-1
1
2
2
1
2
3
2
4
3
3
2
2
3
4
4
5
4
4
5
3
3
4
3
3
2
1
3
1
2
1
2
2
3
3
3
1
1
3
2
2
1
1
1
1
1
1
0
-3
-2
-2
-2
-3
-3
-3
-3
-3
-4
-4
-4
-4
-5
-5
-4
-6
-5
-4
-5
-6
-6
-7
-7
-6
-6
-7
-7
-5
-5
-6
-6
-4
-6
-7
-6
-8
-8
-6
-7
-7
-5
-7
-7
-7
-6
-6
-5
-5
-4
-5
-2
-2
-2
-3
-2
0
-1
0
2
1
1
3
2
3
5
5
4
5
5
4
5
4
4
5
3
3
3
2
3
3
4
4
6
5
6
6
4
6
7
6
6
6
5
5
5
5
3
4
2
3
2
2
2
0
1
2
2
2
1
0
1
0
0
0
1
1
0
3
-1
0
1
-1
-1
1
1
0
-1
-2
-2
-2
0
-1
-1
-1
-1
-1
-1
-1
-1
-1
0
0
0
0
1
1
0
-1
0
3
1
0
0
0
0
0
1
2
1
1
2
0
3
1
3
2
1
1
2
2
2
3
3
5
3
3
3
2
2
2
2
2
2
2
3
2
2
1
0
0
-2
-2
-3
-3
-5
-5
-3
-5
-6
-6
-7
-6
-5
-6
-4
-4
-7
-5
-5
-4
-4
-5
-5
-5
-5
-4
-3
-4
-3
-4
-6
-3
-2
-1
-2
-1
-2
-2
-2
-2
-3
-4
-4
-4
-3
-4
-2
-1
1
2
1
0
1
1
2
2
2
3
3
3
4
4
4
3
3
1
2
3
2
1
-1
-1
-1
-2
0
1
1
0
2
1
1
1
3
3
4
4
5
7
7
8
8
6
5
6
4
2
3
1
2
1
0
-1
-2
-2
-3
-2
-1
-1
-2
-2
-3
-3
-2
-2
-3
-3
-2
0
-1
-1
0
0
0
-1
-2
-4
-3
-4
-5
-4
-2
-2
-1
0
1
-1
-1
-2
-3
-3
0
-4
-1
0
1
3
3
2
2
3
2
3
3
2
2
3
2
2
3
3
3
3
2
1
1
2
3
1
3
2
2
2
4
4
3
2
1
0
-1
-2
-2
-2
-1
-1
-2
-1
0
0
-1
0
0
0
0
-2
-1
-4
-3
-1
-2
-1
-3
-3
-4
-4
-4
-2
-3
-2
-4
-3
-3
-3
-2
-2
-2
-2
-2
-2
-1
1
-2
0
-1
-1
-1
-2
-3
-2
-2
-2
-2
-2
0
-1
-1
-3
-3
-2
-3
-3
-1
-2
-2
-1
0
1
1
3
4
4
3
2
2
4
5
5
6
5
5
4
4
4
6
4
2
4
3
2
2
1
2
2
1
2
1
1
1
1
0
1
1
2
2
0
0
-1
-2
0
-1
-1
-1
0
1
0
1
1
0
-1
1
0
-1
0
-1
0
0
0
1
2
2
1
2
2
2
2
0
-1
2
-1
-1
1
-1
-1
-2
-1
-3
-2
-2
-3
-3
-1
0
-3
-1
-2
-3
-4
-5
-5
-5
-3
-4
-4
-2
-3
-2
0
-1
-1
-2
-2
-3
-2
-2
-1
-1
0
1
0
0
0
-1
1
1
1
1
2
3
3
3
4
4
5
3
3
3
0
0
-2
0
-2
-3
-3
-2
-2
-1
-1
-2
-2
-1
-2
-2
-2
-4
-3
-3
-5
-3
-3
-4
-2
-3
-4
-3
-3
-2
-2
-3
-4
-4
-3
-3
-3
-4
-2
-4
-3
-2
0
-1
-1
1
0
2
1
3
2
3
3
5
4
5
4
3
2
3
5
2
4
4
2
3
2
3
2
3
4
2
1
2
0
0
1
2
3
3
3
2
4
4
4
4
4
4
4
6
6
6
5
5
8
7
7
6
5
4
3
2
1
1
2
0
0
1
2
2
3
2
2
3
2
2
3
1
0
0
-2
-3
-2
-3
-3
-3
-5
-4
-5
-6
-5
-5
-6
-5
-6
-6
-6
-5
-7
-6
-7
-5
-5
-5
-5
-6
-6
-5
-5
-5
-4
-4
-4
-4
-4
-5
-4
-2
-4
-2
-3
-2
-2
0
-1
0
0
-1
-2
-1
-3
-2
1
0
3
1
0
1
1
1
2
2
3
4
2
5
4
3
3
2
3
2
4
2
3
4
3
4
3
3
2
2
-1
-1
1
0
2
1
0
1
0
1
1
-1
0
0
-2
-2
-4
-4
-3
0
-2
-1
-1
-2
0
-1
-2
-3
-3
-3
-3
-3
-2
-3
-2
-2
-2
-1
-2
-1
-2
-3
-2
-2
0
-2
-1
-1
-2
-1
0
0
1
3
3
2
3
3
3
3
4
2
3
4
5
6
5
6
6
7
7
8
9
9
7
8
8
8
8
9
8
5
8
8
7
7
6
5
4
3
3
3
1
1
2
2
2
1
3
1
0
0
-1
-1
-3
-3
-2
-2
-1
-2
-2
-3
-3
-5
-6
-7
-7
-6
-6
-6
-5
-5
-5
-6
-6
-7
-7
-7
-7
-7
-7
-6
-7
-7
-5
-3
-3
-4
-4
-5
-6
-7
-7
-6
-7
-6
-6
-8
-3
-4
-5
-3
-3
-3
-3
-4
-4
-5
-4
-4
-1
-2
0
-2
0
0
-2
0
-2
-2
-1
-1
0
1
1
2
1
1
0
0
0
0
-1
1
2
4
4
5
6
6
7
7
7
7
6
4
4
3
2
0
1
2
1
2
1
1
0
0
1
1
1
0
0
2
0
1
2
2
1
1
1
2
2
2
4
3
4
5
4
4
2
3
4
4
5
5
5
6
3
4
5
5
5
5
6
7
6
5
5
6
4
5
5
6
6
4
4
5
2
2
1
2
2
0
2
1
-2
-1
-3
-4
-4
-3
-3
-5
-4
-5
-7
-6
-8
-8
-8
-7
-8
-6
-5
-7
-6
-6
-6
-5
-5
-6
-6
-6
-8
-6
-7
-7
-7
-6
-5
-5
-4
-4
-2
-2
-3
-1
-1
-2
-1
-2
0
0
0
1
2
1
1
2
2
2
1
1
0
0
0
0
1
0
0
1
1
-1
1
1
-1
0
2
2
1
2
0
1
0
2
0
0
1
1
1
1
1
0
1
2
2
3
1
1
-1
0
0
0
1
1
1
1
1
2
3
3
4
3
4
5
6
5
5
4
2
3
3
3
3
4
4
2
2
2
2
3
3
3
3
2
3
3
2
2
3
1
0
0
2
-1
1
0
0
0
-1
-2
-2
-3
-2
-2
-2
-3
-4
-3
-3
-5
-6
-5
-6
-8
-6
-6
-6
-7
-7
-6
-7
-5
-5
-5
-4
-4
-4
-3
-3
-2
-1
0
0
0
0
0
-1
0
1
2
2
4
5
6
4
5
5
5
5
4
5
4
4
3
3
2
3
5
4
4
5
5
3
4
5
4
3
1
2
2
1
2
1
1
0
1
-1
-1
-1
-2
-2
-2
-2
-2
-2
-2
-2
-2
-1
-2
-2
-2
-1
-2
-2
-4
-5
-4
-5
-5
-4
-5
-5
-3
-2
-4
-3
-2
-2
-2
-3
0
-2
-2
-3
-2
-1
-3
-1
-2
-1
-2
-1
-1
0
-1
-2
-1
-1
-1
-3
-1
-2
-1
1
0
1
2
2
3
2
2
3
3
4
4
4
4
3
2
3
5
3
3
3
1
1
1
0
0
0
-1
-1
0
1
1
1
1
1
0
1
1
2
0
2
0
-1
1
1
1
1
2
2
0
1
1
2
2
2
1
3
3
4
4
5
5
3
3
4
4
3
3
4
4
3
5
4
2
1
2
3
4
2
2
1
0
-1
-2
-2
-3
-4
-4
-4
-4
-3
-1
-1
-2
-2
-2
-2
-3
-5
-3
-4
-2
-3
-3
-2
-3
-3
-4
-3
-4
-2
-2
-1
-3
-1
-2
-2
0
-2
0
0
-1
-2
-2
0
-1
-1
0
0
2
1
0
1
1
2
1
1
2
1
0
0
-1
0
-2
0
0
-3
-1
-1
-1
-1
-2
-2
-3
-3
-3
-2
-2
-2
-1
-1
-1
-2
-3
-2
-3
-2
0
-1
-3
-1
-1
-1
-1
-3
-3
-2
-3
-2
1
-3
-1
1
0
0
1
-1
0
0
0
1
1
1
2
2
3
3
3
5
4
5
6
7
8
7
6
6
6
4
6
4
5
4
3
5
3
3
3
4
2
3
3
1
1
1
0
-2
1
1
-1
1
2
0
0
1
1
1
0
-2
-1
-2
-2
-2
-1
-2
-1
-2
-3
-2
-2
-1
-1
0
-1
-2
-1
-2
-1
-1
-1
-1
-1
-1
-1
-1
0
1
0
-1
-1
-1
0
-1
0
1
0
-2
-2
-2
-4
-4
-2
-3
-2
-2
-3
0
0
0
0
0
0
0
-1
-2
-1
-1
-1
-1
0
2
0
0
-1
0
0
-1
-1
-1
0
0
1
2
0
0
2
1
1
2
2
1
1
2
1
0
0
1
0
1
1
1
1
1
0
-1
-1
-2
-1
-2
-2
0
-1
-1
0
0
-2
0
0
0
0
0
0
0
0
0
-1
-1
-1
-1
-1
0
-1
1
3
2
2
4
1
2
1
1
1
1
2
2
3
3
2
2
3
3
2
2
1
-1
-2
-2
-3
-2
-1
-1
-1
-1
-2
-2
-2
-1
-2
-2
-3
0
0
0
2
1
1
1
2
1
2
0
0
0
-1
-2
1
0
0
-1
-1
0
-1
-1
0
0
1
0
0
0
-1
1
0
1
1
0
0
1
1
1
2
1
3
3
3
2
2
2
1
-1
1
2
1
2
1
1
3
1
1
2
1
2
1
1
2
1
0
1
1
1
-2
0
-2
-4
-4
-4
-4
-4
-4
-4
-5
-4
-4
-3
-4
-4
-4
-5
-5
-6
-5
-7
-5
-5
-5
-3
-3
-2
-3
-3
-3
-2
-2
-3
-4
-4
-4
-4
-2
-2
-2
-1
0
0
1
2
1
2
1
1
2
2
2
3
5
6
5
6
6
4
4
4
4
4
5
4
3
5
3
4
3
4
3
2
1
1
1
1
1
0
0
-1
-1
1
0
3
4
2
2
3
2
1
2
2
3
1
2
2
2
2
2
2
1
1
2
0
2
1
0
1
1
1
0
-1
0
0
-1
0
-1
-1
2
0
-1
-1
0
-1
0
0
-1
0
-2
-3
-3
-1
-2
0
-1
-2
-1
-1
0
-1
0
0
-1
0
-1
0
-1
-1
-2
-2
-2
-2
-3
-1
-1
-2
-3
-1
0
-1
-1
-2
-2
-2
-2
-2
-3
-3
-3
-2
-4
0
-1
-3
-1
-1
-2
-1
-2
-2
-1
-2
-2
-1
-3
-2
-2
-2
-2
-1
-1
0
-1
0
0
-2
-1
-2
-1
-2
0
0
-1
0
-1
1
2
1
2
1
-1
-1
0
-1
0
1
1
2
2
2
1
3
3
3
2
2
1
2
2
3
2
2
3
5
4
4
6
5
6
5
7
6
6
4
4
4
4
4
3
3
4
4
3
3
5
5
5
3
5
3
4
3
2
2
1
1
-1
-1
-1
-2
-1
-2
-2
-3
-4
-5
-6
-4
-6
-5
-5
-6
-7
-6
-6
-6
-5
-5
-5
-4
-4
-5
-3
-2
-4
-3
-3
-1
-2
-2
-1
-1
-1
0
-2
-2
-1
-2
-3
-2
-1
1
1
2
4
2
3
1
3
2
3
4
3
2
3
1
0
1
1
0
1
2
1
1
0
0
-1
0
-1
-1
0
0
0
-2
-2
-1
-3
-2
-2
-1
-1
-1
-1
-1
-2
-1
-1
-1
0
-1
-2
-2
-1
-2
-2
-1
-3
-3
-3
-2
-1
-2
-3
0
-2
-1
-2
-3
-2
-2
-3
-1
0
-2
0
-1
0
1
1
2
2
2
2
3
4
3
4
4
4
4
3
2
4
4
1
2
2
2
4
4
4
3
5
4
3
5
4
2
2
3
0
1
2
0
2
1
1
1
2
-1
0
0
-2
-1
-1
-1
-2
-1
-1
0
0
-1
-1
-1
0
1
0
0
0
-1
0
0
0
1
0
-1
-1
-1
1
0
0
0
-2
0
1
-2
-1
0
-1
0
0
0
0
2
2
2
2
1
3
1
1
1
0
0
0
-1
0
2
2
1
1
0
0
-1
-1
0
-2
-2
-2
-2
-3
-5
-5
-4
-5
-4
-4
-4
-6
-6
-6
-5
-6
-6
-7
-7
-6
-6
-3
-2
-1
-1
-1
0
1
0
0
0
0
1
1
1
2
2
2
3
2
3
2
3
1
1
-1
0
0
1
2
0
1
2
2
2
2
3
2
2
2
2
3
2
1
3
1
1
1
2
1
1
0
0
2
2
3
2
2
2
0
2
3
2
3
2
1
2
2
2
2
2
1
3
4
4
4
2
2
2
1
2
2
1
1
1
-1
1
1
2
0
1
0
1
0
0
0
-1
0
0
-2
-3
-2
-3
-3
-3
-2
-4
-3
-3
-4
-5
-5
-4
-3
-3
-2
-1
-1
-2
-2
-2
-1
-2
-2
-2
-1
-1
-1
-1
-2
-1
-2
0
1
0
0
1
0
-1
-1
-2
-2
-2
-3
-2
-2
-3
-1
0
-2
0
0
1
2
1
0
0
0
0
2
1
0
1
1
1
2
2
3
2
1
2
1
2
1
1
0
-1
-1
-1
-1
1
1
1
1
1
1
1
1
2
1
2
0
1
1
3
4
3
2
2
2
1
1
0
1
0
-1
-1
-3
-2
-2
-2
-1
-1
0
-1
0
1
1
0
-1
-2
0
-2
-1
1
1
2
3
2
1
2
1
0
0
0
-1
0
1
0
1
2
1
1
0
-1
-1
-1
-2
0
-2
-1
-1
0
1
0
0
0
-1
-2
0
1
1
-1
0
1
-1
-1
0
1
1
1
1
1
1
1
2
3
3
2
2
2
0
0
2
1
0
1
1
0
1
2
1
2
2
2
2
1
1
1
-1
0
-2
-2
-2
-1
-1
-2
-1
-1
-2
-1
-2
-2
-1
-2
-2
-3
-2
-3
-2
0
-1
0
1
0
-1
-1
-2
-2
-2
-3
-2
-3
-2
-1
0
0
0
0
1
-1
-1
-1
0
0
-1
0
0
1
1
1
2
1
2
1
2
0
0
1
0
0
0
-1
-2
-1
-2
-1
0
-1
-3
-3
-3
-3
-2
-2
-2
-2
-1
-1
0
0
0
2
2
1
3
3
2
3
2
1
2
0
0
0
0
-1
1
1
0
3
3
2
2
1
1
1
0
0
-1
-1
-1
-1
-1
-1
0
0
0
0
0
-1
0
-2
-3
-1
-3
-1
-3
-3
-4
-3
-4
-4
-3
-2
-2
-1
0
-1
0
-1
0
0
-1
0
2
1
2
2
2
1
1
2
0
1
1
1
1
3
3
4
4
5
5
6
6
4
3
2
3
3
2
3
1
2
3
3
3
3
4
3
1
1
2
2
2
1
1
1
0
0
-1
-1
-2
-1
-1
-1
-1
-2
-1
-2
-2
-1
-1
-3
-1
-1
-1
-2
-1
-2
-1
0
0
-1
0
-1
-1
0
1
0
0
0
-1
0
-2
-1
-1
0
0
0
1
-1
-1
-1
0
0
2
1
2
1
0
0
0
-1
-1
0
-1
0
-1
-2
-2
-2
-1
-2
-3
-4
-4
-3
-4
-3
-5
-4
-5
-6
-5
-6
-6
-7
-6
-7
-9
-7
-7
-6
-5
-5
-6
-4
-3
-2
-2
0
0
-1
0
1
0
1
1
1
2
1
2
3
2
3
4
5
5
5
5
6
6
7
9
9
8
8
7
7
7
7
8
6
6
6
4
4
4
4
4
3
2
1
2
1
2
0
1
0
2
2
0
0
1
-1
0
2
1
2
1
1
1
0
-1
0
1
0
-1
-2
-2
-3
-3
-3
-2
-3
-4
-3
-3
-2
-3
-3
-2
-3
-2
-3
-4
-2
-1
-1
1
1
0
1
1
2
2
2
1
1
1
1
1
1
0
0
1
2
1
1
1
1
2
2
2
1
1
0
0
-1
-2
0
0
0
-1
0
-1
-2
0
-1
-4
-3
-4
-6
-7
-6
-8
-8
-7
-7
-7
-6
-6
-7
-7
-6
-6
-7
-5
-6
-5
-6
-5
-3
-2
-1
-1
0
0
0
2
1
1
2
0
1
0
-1
1
2
2
1
3
3
2
1
3
3
4
4
3
3
2
1
3
3
3
4
4
4
3
3
3
2
2
0
0
1
-1
-1
-1
-1
0
0
0
2
2
1
2
1
2
1
2
3
3
3
3
4
4
2
3
2
3
3
3
4
3
3
4
3
2
3
3
3
4
2
3
2
2
2
2
3
2
3
4
5
3
3
4
3
3
3
0
1
0
-1
-3
-1
0
-1
-1
0
-2
-1
-1
0
1
-1
-1
-2
-2
-3
-3
-3
-2
-1
-2
-1
-2
-1
-1
-4
-4
-3
-5
-3
-3
-5
-5
-5
-6
-6
-5
-6
-6
-5
-7
-6
-7
-6
-6
-6
-4
-5
-5
-5
-5
-2
-3
-2
-2
-3
-2
-2
-3
-4
-3
-3
-4
-1
-2
-1
0
-1
0
0
1
3
2
1
2
1
2
2
1
3
2
3
2
3
3
4
4
4
5
5
4
2
3
2
0
0
0
1
0
-1
0
0
0
0
1
-1
1
2
2
3
3
2
3
3
2
3
3
3
2
3
2
2
3
5
4
4
5
5
5
5
5
3
2
3
1
2
1
1
2
1
1
1
0
2
1
0
1
2
2
2
3
2
1
1
1
1
-2
1
1
-2
-1
-1
-1
-1
-1
-1
-2
-1
-2
-2
-2
-4
-2
-3
-3
-2
-1
-2
-1
-1
-2
-2
-2
-2
-1
-1
-1
-1
-2
-3
-1
-3
-2
-3
-3
-4
-4
-3
-3
-4
-3
-3
-3
-3
-3
-2
-2
0
-2
0
0
0
0
-1
1
2
0
0
1
2
1
2
2
1
2
2
0
1
1
0
0
-1
0
-2
-3
-1
-2
-1
-1
-2
-1
-1
-2
-1
0
-1
0
-1
0
0
0
-1
-1
-2
-3
-3
-3
-3
0
-1
-2
0
-2
-2
-1
-2
-2
-1
-2
-2
-2
-1
1
0
0
2
3
4
4
3
5
4
4
4
3
3
3
3
3
3
2
1
2
2
2
2
3
1
1
0
1
1
1
2
1
0
0
0
-1
2
0
1
1
1
0
0
1
-1
0
0
0
1
1
0
0
0
1
0
0
1
1
0
1
0
1
2
1
1
2
2
3
3
2
5
4
4
5
3
3
3
3
4
4
5
4
5
3
2
2
2
1
1
3
0
-1
-1
-1
-1
-2
-3
-2
-3
-1
-2
-2
-3
-3
-2
-2
-1
-1
-1
-3
-5
-5
-4
-6
-5
-4
-7
-6
-7
-7
-7
-7
-7
-7
-4
-5
-4
-4
-4
-5
-5
-3
-4
-3
-2
-3
-3
-3
0
-1
0
1
1
-1
-2
0
0
-1
0
-1
-1
-1
0
1
0
-1
-2
0
-1
0
2
1
2
1
1
1
2
3
3
3
4
4
2
2
3
3
2
1
1
3
1
1
0
2
1
1
0
-1
0
-1
0
0
1
0
0
1
2
1
2
3
1
2
3
2
2
2
1
3
2
2
2
4
3
3
4
4
3
4
5
3
4
3
4
3
5
4
5
4
3
4
3
3
2
2
1
3
3
1
2
1
1
0
0
-1
-1
-3
-3
-2
-2
-1
-1
0
0
-2
-4
-4
-3
-4
-3
-2
-2
-2
-3
-2
-3
-2
-3
-4
-3
-2
-2
-2
0
-1
-2
-1
-2
-2
-2
-1
-1
-1
-1
0
-2
-2
-3
-3
-3
-3
-4
-3
-2
-2
-2
0
-2
-3
-2
0
0
-1
0
-1
0
1
1
0
0
2
1
0
1
1
0
0
0
-1
-1
-2
-1
-2
-3
-5
-5
-3
-4
-3
-4
-5
-4
-4
-3
-3
-1
-1
-2
0
0
0
1
0
1
0
1
0
0
2
0
1
3
1
3
2
1
1
1
3
3
1
4
4
3
3
4
4
3
2
3
2
4
3
4
4
4
4
5
4
4
3
3
3
2
2
3
1
1
1
1
-1
-1
-1
-2
0
-1
-1
-1
-1
-1
0
0
1
1
1
1
1
2
1
2
1
1
2
1
2
3
3
3
3
2
2
0
0
-2
-2
-2
-4
-1
-2
-4
-3
-1
-2
-1
-2
-1
-2
-2
-2
-2
-3
-1
-2
-1
-1
-1
-1
0
0
0
1
0
1
1
1
0
0
0
0
1
2
3
4
3
3
3
2
2
1
1
1
2
2
0
-1
0
-1
1
3
1
0
0
-2
-4
-3
-3
-3
-3
-4
-3
-2
-5
-5
-4
-4
-3
-2
-4
-5
-5
-5
-6
-5
-4
-3
-5
-4
-3
-4
-4
-3
-4
-4
-4
-4
-3
-4
-4
-2
-3
-4
-2
-2
-3
-2
0
0
0
-1
2
-1
0
2
1
0
1
1
2
0
1
-1
-1
2
0
0
3
1
2
4
3
5
3
3
4
5
3
3
5
4
4
5
4
5
4
5
6
7
6
6
6
5
5
5
5
4
4
1
2
2
4
2
2
1
0
0
1
0
0
1
2
1
1
1
0
1
1
3
3
3
0
2
1
0
0
-2
0
-2
-1
0
1
1
0
1
1
-1
-2
-1
-1
-1
-1
-1
0
0
-1
0
0
1
0
1
2
-1
-1
0
-1
-1
-1
-1
-3
-2
-1
-2
-2
-1
-2
-3
-1
-3
-2
-2
-3
-3
-2
-3
-3
-1
-3
-2
-3
-2
-4
-3
-4
-4
-4
-3
-3
-3
-3
-2
-1
-2
-2
-1
-2
-3
-3
-3
-3
-4
-3
-2
-4
-3
-2
-2
-4
-2
0
-1
-1
0
-2
-3
-2
-2
-1
-1
-1
0
-1
0
0
0
1
0
-1
-2
0
0
-1
-1
-1
-2
-2
-1
-2
-1
0
-2
-1
0
1
3
3
2
1
3
3
3
4
5
6
5
5
6
4
6
5
5
6
7
8
7
7
7
7
6
7
6
7
6
6
5
4
5
3
3
4
2
3
4
4
2
1
2
1
1
1
1
0
0
-1
-3
-2
-3
-2
-2
-2
-4
-2
-4
-4
-5
-5
-6
-5
-4
-4
-4
-6
-5
-5
-4
-2
-1
-3
-3
-2
-3
-2
0
0
0
1
-1
-2
-1
-1
0
1
0
1
1
1
2
2
2
1
1
0
-1
-1
0
-2
-2
-1
-2
-2
-1
-1
-1
-2
-1
-2
-2
-2
-3
-3
-4
-4
-3
-2
-1
-2
-3
-3
-4
-4
-2
-4
-2
-2
-4
-3
-3
-2
-2
-1
-3
0
0
-1
1
0
1
1
2
3
2
1
2
2
3
3
4
4
4
3
4
4
4
3
5
3
3
5
2
3
4
5
2
4
3
1
2
1
2
1
2
2
1
0
0
1
0
0
-2
-2
-3
-2
-3
-4
-3
-3
-4
-4
-5
-4
-4
-4
-3
-5
-3
-2
-3
-3
-1
-3
-2
-2
-1
-1
-1
-1
0
1
-1
0
0
-1
0
0
0
0
1
1
1
1
2
1
1
1
2
2
3
3
3
3
4
3
5
4
4
4
4
5
4
4
5
6
5
6
6
5
6
4
2
1
2
1
1
2
1
1
-1
0
0
0
1
1
-1
-2
-1
-2
-2
-3
-1
-3
-3
0
-1
-1
0
0
-2
-2
0
0
-2
-3
-1
-3
-3
-1
-1
-2
-1
-1
-3
-3
-2
-1
-2
-1
-1
0
1
0
3
2
2
2
1
0
0
0
1
0
-1
-2
1
-1
-2
-2
-1
-3
-4
-3
-3
-5
-5
-5
-5
-5
-4
-4
-5
-5
-5
-5
-4
-6
-4
-4
-5
-4
-5
-4
-3
-5
-5
-5
-5
-4
-4
-4
-4
-3
-2
-2
-2
0
1
1
0
2
0
1
2
1
2
3
2
3
4
4
3
5
5
6
6
6
5
5
6
4
3
5
3
4
4
2
2
2
1
2
3
3
4
4
4
2
3
2
3
4
2
1
3
3
4
5
4
4
3
4
3
4
5
1
-1
0
0
1
2
0
2
3
3
3
4
3
2
3
5
6
4
5
6
6
4
3
3
2
1
1
2
-1
0
1
0
1
1
0
-2
-1
-4
-3
-4
-2
-4
-5
-3
-4
-4
-5
-5
-4
-5
-5
-4
-6
-6
-8
-7
-6
-8
-8
-8
-7
-7
-6
-8
-8
-9
-8
-7
-9
-7
-7
-5
-5
-5
-4
-6
-6
-6
-5
-4
-4
-5
-2
-3
-2
-2
-2
-2
-2
-1
0
0
0
0
0
-1
0
-1
1
3
2
2
2
1
1
2
3
2
2
2
3
4
3
4
5
5
4
5
4
2
3
4
3
3
3
4
3
3
1
5
4
5
5
3
3
2
2
1
1
1
2
2
2
2
2
3
5
4
4
3
3
4
4
4
6
4
3
5
3
3
4
5
4
6
5
4
4
6
4
5
6
4
4
4
4
5
5
5
6
6
4
3
3
3
2
4
3
1
0
-1
0
-2
-2
-2
-3
-3
-2
-2
-3
-3
-5
-4
-4
-4
-5
-5
-4
-5
-6
-5
-5
-7
-7
-7
-6
-8
-9
-8
-9
-9
-7
-6
-8
-8
-8
-7
-8
-8
-9
-9
-8
-8
-8
-9
-7
-6
-6
-5
-5
-4
-5
-5
-5
-3
-3
-4
-4
-3
-3
-3
-3
-3
-4
-2
-1
-2
-2
0
-1
-2
-2
-2
-2
-1
0
0
1
3
2
4
3
2
3
3
4
5
5
6
7
7
6
9
8
6
8
8
8
7
8
9
8
8
7
9
8
9
8
9
8
6
7
6
7
6
7
6
8
6
4
6
6
5
3
4
1
-1
1
1
1
1
0
0
-1
1
1
0
1
-1
0
-1
-3
-3
-3
-2
-3
-3
-3
-2
-3
-1
-1
-1
-2
-2
-2
0
-2
0
1
0
0
1
-1
1
0
-2
1
-1
0
-2
-2
-1
-1
0
-2
-1
-1
-3
-3
-4
-4
-4
-4
-6
-6
-7
-6
-7
-5
-5
-6
-6
-7
-7
-7
-5
-5
-6
-6
-6
-6
-6
-4
-3
-4
-4
-2
-1
-3
-3
-2
-2
-2
-1
-1
-1
-2
-3
-2
-3
-1
0
1
1
2
4
2
4
5
4
3
4
5
4
2
3
4
2
4
4
4
4
4
3
3
2
2
3
3
3
4
4
3
3
4
4
2
2
2
3
4
2
4
3
2
1
2
1
1
0
0
-1
1
-1
-1
-1
-1
-1
-1
-2
-1
-2
-2
-3
-1
-1
-1
-2
-2
-3
-3
-2
-3
-1
0
-1
-2
0
-1
-1
1
2
1
3
2
3
2
2
2
2
2
1
3
1
3
3
2
1
1
1
0
1
2
3
2
2
2
1
1
2
2
1
1
1
0
0
0
0
-2
-2
-3
-2
-2
-3
-3
-1
-1
-3
-2
-3
-3
-4
-4
-3
-6
-6
-4
-5
-6
-4
-3
-2
-3
-1
-2
-3
-2
-1
-2
-2
-2
-2
-1
-2
-1
-1
-2
-1
0
0
0
2
0
1
-1
-1
1
1
2
2
1
0
-1
0
0
0
1
2
2
1
0
0
-1
-1
1
2
1
2
1
-2
0
-2
-1
-1
-2
-1
-1
-1
-4
-3
-3
-4
-2
-1
0
1
0
0
1
0
1
2
3
4
5
4
4
3
4
5
6
4
4
5
5
5
5
7
7
5
6
5
6
5
7
6
5
6
5
3
3
1
1
2
0
0
-1
-1
-2
-1
0
-1
-3
-2
-4
-5
-3
-4
-4
-3
-4
-3
-4
-5
-6
-5
-5
-5
-4
-4
-2
-3
-5
-3
-4
-4
-2
-4
-2
-1
1
1
1
3
1
2
4
3
4
3
3
3
3
3
4
4
5
6
3
2
1
1
1
2
-1
-1
-2
-3
-2
-3
-2
-2
-3
-3
-2
-3
-2
-3
-4
-2
-2
-4
-4
-3
-2
-3
-2
-3
-5
-4
-4
-1
-1
-1
-1
-2
-2
-2
-2
-3
-3
-2
-2
-3
-2
-1
-1
-1
0
0
1
2
1
2
3
2
1
2
2
3
2
2
2
0
1
1
0
-1
2
1
0
1
0
0
0
-1
-1
0
-1
1
1
2
3
1
2
3
1
2
1
2
1
2
1
1
1
2
2
2
1
2
-1
-1
0
-2
-2
-1
-1
-3
-1
-1
-1
1
1
1
2
0
1
1
0
0
2
-1
0
1
2
1
2
3
1
2
1
1
2
2
2
3
4
2
3
4
5
5
5
5
5
6
4
4
5
5
4
4
4
2
2
4
1
0
0
0
0
-1
0
0
0
-1
-3
-3
-4
-6
-4
-5
-5
-4
-4
-3
