5
5
4
2
2
2
0
2
5
5
5
5
3
6
6
7
11
10
7
7
5
7
6
5
7
5
-1
2
-2
-2
-3
4
1
2
3
2
2
-1
-2
-2
-1
-1
-5
-8
-3
-4
-6
-4
-7
-5
-5
-7
-9
-9
-9
-12
-14
-11
-11
-10
-7
-8
-11
-10
-8
-9
-5
-3
-4
0
-4
0
0
2
0
2
4
1
4
3
3
1
1
0
1
4
6
3
3
-1
-1
1
1
1
3
2
0
6
4
2
2
2
3
3
7
3
0
4
4
5
7
5
3
-1
2
2
2
6
8
5
1
0
4
2
3
9
6
2
1
3
1
1
2
-4
-3
-2
-3
-3
-3
-4
-2
-2
-2
-1
0
-2
-2
-1
-4
-5
-3
-4
-3
-1
-1
-2
-3
-5
-5
-5
-4
-6
-6
-2
-4
-7
-8
-6
-5
-7
-4
0
-1
3
4
0
0
-2
-3
-3
-2
-4
-4
0
2
5
6
7
7
7
8
7
3
2
1
1
4
9
9
7
5
3
5
4
3
7
6
0
-1
-4
-4
-6
-8
-3
-6
-3
-6
-8
-3
-1
0
1
-2
-5
-5
-6
-4
-1
-3
-4
-2
-4
-2
-1
1
1
1
0
0
-3
-3
-3
-4
-1
1
-2
-4
-5
-7
-8
-4
-5
-3
1
1
2
3
3
4
5
6
7
8
7
5
4
3
5
5
5
6
9
12
10
10
10
8
4
8
5
1
4
2
2
1
1
1
-1
-3
-2
-3
0
-2
-3
0
1
2
-1
5
4
2
3
1
-3
-3
-5
-2
-1
-3
2
0
-4
-2
1
0
3
0
1
-3
-2
-2
-1
-1
-5
-1
-1
-1
3
3
2
4
4
4
5
3
3
3
2
-3
-4
-4
-6
-6
-6
-4
-4
0
-3
-5
-5
1
0
-3
0
-2
-4
-7
-2
-3
-2
0
-3
-6
-5
-2
-3
-5
-2
0
0
-2
-2
-3
-2
-6
-10
-10
-10
-10
-8
-6
-9
-13
-11
-13
-17
-15
-15
-14
-12
-14
-12
-8
-9
-5
-4
-1
1
2
-2
-4
-4
-4
-1
0
1
3
3
3
4
7
10
13
14
13
15
14
11
11
13
17
17
18
16
16
16
15
19
17
20
18
18
15
17
17
13
9
10
9
9
12
10
10
11
8
8
7
4
6
4
-2
-5
-6
-6
-4
-4
-3
-4
-7
-7
-4
-5
-1
-2
-5
-6
-7
-11
-13
-10
-11
-10
-7
-7
-5
-6
-3
-4
-8
-6
-7
-6
-7
-4
-2
-5
-7
-8
-8
-7
-5
-3
-2
0
2
-2
0
-1
-2
-3
-5
-5
-4
-2
-1
1
-1
-1
0
-2
-2
-6
-7
-4
-3
-4
-3
-3
-5
-2
-2
0
1
-1
0
0
-3
1
-1
-2
-3
-3
-3
-4
-3
-6
-5
-5
-12
-11
-11
-11
-5
-3
-10
-7
-7
-8
-6
-6
-3
-4
-3
-1
0
0
3
3
1
6
5
5
6
9
8
8
9
8
10
10
13
17
12
13
13
12
12
14
9
8
10
9
10
11
13
10
8
8
8
8
10
7
8
7
6
5
6
6
3
1
-1
3
-1
-2
1
-5
-7
-4
-5
-8
-7
-7
-9
-8
-4
-4
0
-2
-7
-8
-8
-9
-5
-2
-3
-2
-4
-4
-1
2
1
3
2
6
5
3
3
1
0
3
4
3
2
0
-1
-1
0
2
1
-1
-1
-2
0
-1
1
0
-1
-4
-3
-2
-2
-2
-5
-5
-3
-3
-6
-4
-4
-5
-4
-3
-2
-2
-1
-2
-1
-1
-1
-4
-6
-8
-5
-10
-7
-4
-11
-11
-9
-11
-9
-7
-10
-9
-8
-7
-5
-5
-6
-4
-5
-7
-5
-4
-5
-2
1
1
0
3
2
6
6
8
8
9
10
9
8
8
10
11
13
13
15
17
13
11
17
14
13
13
8
8
6
5
3
6
4
2
2
0
-2
-3
-4
-5
-5
-7
-4
-5
-5
-4
-6
-6
-5
-5
-4
-3
-4
-4
-4
-6
-4
-6
-4
-6
-8
-6
-7
-6
-1
-1
4
8
5
4
4
2
0
5
5
5
7
7
4
3
1
1
4
3
3
-1
0
-2
-3
-4
-7
-7
-8
-7
-7
-11
-9
-6
-7
-6
-1
-1
-1
0
-1
-2
-2
0
2
4
4
6
5
4
4
7
8
10
9
6
1
3
2
5
6
7
10
11
9
11
10
5
6
6
5
6
7
5
7
6
4
5
6
2
-2
1
0
-3
-2
-3
-2
0
-1
-2
-5
-5
-4
-9
-9
-12
-16
-10
-11
-10
-11
-9
-12
-12
-11
-12
-11
-9
-11
-9
-6
-5
-7
-4
0
1
4
6
6
3
2
1
1
1
2
3
5
2
1
2
4
4
3
6
5
3
4
1
1
3
-2
-2
-5
-7
-5
-5
-7
-6
-9
-7
-4
-1
-1
-3
-3
-3
-1
-3
-6
-5
-2
-4
-4
-3
-3
1
3
2
3
1
-2
-6
-4
-2
-3
-1
-1
-4
0
1
-1
4
6
6
4
6
3
4
3
-2
-1
1
3
3
8
6
1
4
6
7
8
8
5
3
4
4
6
4
6
3
7
5
4
8
8
12
18
16
17
19
16
14
14
14
14
14
13
13
15
16
17
15
15
12
11
11
11
9
10
5
4
5
-1
0
-2
-4
-6
-8
-12
-15
-15
-16
-19
-18
-17
-21
-19
-18
-18
-20
-17
-18
-17
-16
-21
-22
-25
-18
-16
-18
-16
-16
-20
-17
-17
-18
-14
-12
-13
-11
-8
-11
-10
-6
-6
-4
-7
-4
-1
-1
0
3
0
2
4
3
4
5
5
6
9
9
10
7
4
6
8
5
5
9
4
7
7
10
9
7
8
4
6
8
6
7
14
6
9
12
6
0
3
5
-2
2
6
-1
2
-3
-6
-5
-3
-4
-5
-2
2
-2
-3
1
1
0
-1
-1
-5
-9
-10
-10
-9
-3
-8
-8
-4
-1
-2
-4
1
2
-1
1
0
-5
-3
0
-2
0
6
10
8
10
15
12
14
17
19
21
21
19
19
19
19
20
22
20
19
16
16
17
13
16
16
12
11
10
6
3
4
3
3
1
-3
-2
-3
-4
-4
-8
-8
-10
-11
-12
-10
-12
-11
-9
-12
-12
-14
-16
-18
-20
-20
-22
-25
-22
-26
-24
-19
-19
-18
-15
-18
-19
-15
-17
-14
-10
-9
-7
-3
-3
-6
-5
-5
-7
-8
-5
0
-1
1
0
0
-2
0
1
1
3
7
6
5
6
2
4
7
8
10
10
7
4
6
10
10
9
10
7
2
1
3
-1
1
2
0
-2
0
0
0
2
4
3
1
1
2
4
0
1
2
-2
-2
-2
1
0
2
2
4
4
3
8
6
7
6
8
7
5
11
7
9
9
13
11
10
9
9
8
7
6
5
6
2
0
2
4
4
3
2
4
4
3
1
1
2
-2
-3
-4
-5
-4
-3
-3
-2
-1
-1
-4
-1
-1
-3
-2
-3
-6
-5
-5
-5
-6
-6
-7
-3
-6
-4
-2
-4
-3
0
2
0
-2
-1
1
1
4
4
3
1
1
-2
-2
-1
-2
-2
-2
-4
-3
-3
-4
1
-1
-3
-1
-3
-3
-4
-4
-4
-6
-5
-4
-6
-6
-6
-7
-6
-5
-2
-7
-6
-4
-4
-1
-4
-5
-6
-6
-6
-6
0
-3
0
2
3
1
0
-1
-2
1
2
1
2
2
-1
-1
1
0
2
-1
-3
-1
-4
-4
-5
-3
-6
-8
-6
-6
-10
-6
-4
-2
-1
-1
2
2
-1
0
3
-1
0
0
4
5
4
8
13
12
11
17
12
13
17
13
15
12
15
12
8
11
13
8
10
9
7
10
8
9
9
6
5
7
4
1
3
4
-2
-4
-1
-7
-7
-9
-11
-9
-10
-9
-8
-6
-5
-8
-10
-9
-9
-10
-8
-6
-10
-10
-10
-7
-6
-7
-3
1
2
2
4
4
1
1
1
2
3
0
0
3
5
5
5
6
6
5
6
9
10
11
12
10
10
9
7
7
7
10
8
12
9
4
9
4
0
4
1
2
0
-1
-1
-4
-9
-9
-9
-9
-11
-11
-10
-9
-11
-11
-9
-8
-13
-14
-12
-12
-13
-13
-10
-10
-8
-11
-9
-10
-11
-13
-13
-11
-13
-12
-13
-13
-8
-10
-11
-10
-5
-4
0
1
0
-1
1
4
0
3
9
10
10
13
14
14
15
17
13
17
16
13
16
13
12
12
11
10
9
7
7
3
2
-1
1
1
-1
0
3
4
2
4
5
0
-2
0
-1
0
-3
-3
-7
-5
-5
-5
-3
-1
-2
-2
-1
-8
-5
-10
-10
-8
-9
-9
-9
-8
-10
-8
-8
-8
-9
-8
-9
-5
-5
-3
1
0
-2
0
2
1
6
3
3
6
5
5
4
6
8
9
8
11
11
12
10
8
11
12
12
12
15
15
15
14
18
20
18
17
16
15
11
11
9
9
8
4
2
0
-2
-2
-1
2
1
-2
-3
-8
-9
-8
-7
-6
-7
-9
-9
-7
-8
-7
-4
-6
-10
-11
-9
-8
-9
-9
-6
-4
-7
-7
-7
-7
-9
-8
-9
-14
-17
-18
-14
-12
-12
-7
-4
-4
-4
1
3
0
-1
-3
-5
-4
-6
-4
-4
-5
-6
-1
-2
-1
0
-1
-1
-1
2
-1
0
2
1
3
2
0
1
-1
1
0
0
2
2
0
-2
0
2
3
4
3
3
3
2
0
2
2
0
3
2
3
0
-1
1
0
-1
0
4
5
0
2
4
-1
2
2
0
2
0
-2
1
-1
-1
0
-3
-2
-1
2
3
2
0
-2
-2
1
0
4
5
4
0
0
1
-3
-3
-1
1
2
0
3
4
4
8
6
5
6
8
7
7
11
12
10
12
9
8
11
12
13
15
12
15
14
11
14
12
10
11
10
6
6
5
5
6
6
8
7
7
7
6
6
3
0
0
-4
-7
-7
-6
-9
-9
-9
-11
-12
-10
-8
-10
-9
-9
-10
-9
-11
-13
-14
-17
-15
-15
-16
-15
-9
-9
-9
-10
-13
-14
-13
-14
-15
-15
-13
-12
-14
-8
-9
-9
-8
-10
-12
-9
-9
-10
-8
-7
-4
-2
-3
-3
1
-1
-2
0
1
0
2
2
1
4
5
5
6
6
2
4
9
7
9
8
9
9
6
6
10
10
5
4
5
4
2
-2
0
2
-1
1
2
2
3
4
2
5
3
-4
-1
-3
-3
-1
-1
0
1
0
4
5
8
7
8
8
7
4
7
8
8
10
9
10
8
8
6
7
11
9
7
7
8
5
8
8
8
4
4
6
5
5
5
6
7
8
4
6
5
6
6
7
7
7
3
4
2
0
-1
-4
1
-1
0
1
-4
-2
-3
-7
-6
-7
-7
-9
-13
-10
-13
-13
-12
-12
-10
-7
-5
-4
-5
-6
-4
-4
-3
-1
-1
-4
-6
-9
-14
-9
-10
-10
-10
-9
-12
-11
-8
-10
-8
-6
-9
-8
-7
-9
-7
-8
-10
-10
-5
-5
-5
-3
-4
-5
-3
-5
-5
-5
-6
-3
-1
-2
-2
-2
-5
-3
-4
-3
-1
1
0
-1
5
0
1
2
2
3
4
4
5
6
4
8
8
8
16
17
15
17
16
17
12
11
7
7
5
5
5
5
7
8
7
9
11
8
5
2
5
4
2
3
0
-1
0
2
3
2
6
8
9
10
10
7
7
5
6
4
3
4
5
5
6
3
0
-1
-2
-3
-5
-2
-5
-9
-10
-11
-10
-8
-12
-10
-11
-11
-11
-11
-8
-7
-6
-6
-3
-5
-9
-7
-7
-9
-7
-6
-4
-4
-4
-4
-1
0
-3
0
-1
-4
-2
-2
-4
-4
-1
-1
1
3
6
5
7
9
8
8
10
10
7
7
9
9
10
13
12
7
6
0
3
2
-1
-2
-4
-4
-2
-3
-5
-5
-5
-6
-4
-5
-6
-5
-6
-4
-1
-3
-4
-2
-2
-1
0
0
0
-2
-2
1
0
0
-2
-2
-1
-5
-5
-2
-1
2
3
-2
-3
-3
-3
-2
-3
-4
-5
-5
-5
-3
-3
-3
-1
-1
0
0
1
-1
-2
-2
-2
0
-4
-5
-5
-3
-1
-1
0
-2
-4
-3
-4
-5
-4
-1
-4
-2
3
3
5
6
7
5
4
5
4
2
2
6
5
1
1
2
-1
-1
-1
-1
-1
-1
-2
2
1
1
1
3
1
0
1
0
2
4
2
5
7
6
9
10
11
10
9
8
12
7
6
8
7
6
8
6
3
4
6
5
6
6
4
3
3
3
5
6
3
4
0
-3
-1
-1
-1
0
-1
1
2
0
-2
-2
-5
-5
-6
-5
-3
-6
-7
-6
-5
-5
-1
-3
-3
-2
-3
-3
-6
-4
-5
-2
0
-4
-1
0
-1
-3
-3
-6
-6
-8
-7
-3
-2
-5
-4
-4
-6
-5
-5
-2
-5
-4
-6
-4
-4
-4
-3
-3
-7
-5
-3
-3
-4
-4
-5
-5
-2
-2
-2
-4
-5
-6
-9
-8
-6
-7
-5
-5
-5
-7
-5
-2
-5
-3
-4
-4
-3
-3
-5
-5
-2
-4
0
1
0
4
2
2
3
5
4
4
7
7
5
5
4
5
7
2
9
9
8
10
9
8
7
7
6
8
5
8
8
8
9
11
12
13
10
10
6
1
5
5
5
5
6
6
4
3
3
5
5
3
1
1
0
0
0
1
1
1
3
3
3
4
0
2
-1
-4
-4
-3
-4
-3
3
3
-1
-1
-1
-1
-2
-1
1
-3
-6
-6
-7
-6
-3
-7
-5
-3
-4
0
3
0
1
3
0
0
1
1
1
3
4
1
1
6
2
3
1
3
1
-1
0
-1
-4
-5
-4
-4
-4
-3
-2
-2
-3
-2
-2
-1
1
2
-3
0
1
-1
-1
-2
-2
-2
-4
-6
-7
-10
-7
-9
-10
-7
-7
-9
-9
-7
-8
-7
-5
-5
-7
-6
-3
-5
-7
-5
-10
-10
-8
-10
-9
-9
-10
-11
-10
-10
-9
-8
-8
-5
-2
-4
-1
-2
-7
-4
-3
-5
-3
-1
-2
2
2
4
8
10
11
12
11
13
14
12
13
12
13
14
14
15
17
21
18
20
19
16
14
11
12
11
11
10
10
13
11
10
11
10
8
5
2
2
1
1
-1
1
0
-2
-3
-4
-3
-4
-3
-2
-3
-5
-6
-9
-9
-9
-7
-10
-11
-8
-12
-14
-9
-9
-7
-7
-4
-3
-2
-1
-1
3
4
2
4
6
2
4
3
-1
3
2
-1
2
4
0
3
3
-1
3
3
3
6
4
1
2
-3
-4
-4
-6
-4
-4
-6
-7
-5
-5
-5
-2
1
1
1
3
4
3
3
1
-1
-2
-6
-5
-5
-8
-8
-8
-9
-5
-3
-2
3
1
-1
-3
-7
-6
-8
-9
-6
-5
-8
-8
-8
-9
-8
-6
-8
-5
-3
-4
-1
-4
-4
-5
-6
-3
-1
-3
-1
-3
-3
-2
1
-1
2
1
2
3
0
4
5
3
5
5
4
7
7
6
6
5
7
6
6
4
6
2
3
7
5
9
11
9
10
13
11
10
12
13
11
12
9
9
8
8
5
6
10
8
7
7
8
3
2
3
-1
2
0
-3
-3
-3
-6
-5
-5
-2
-1
0
3
2
1
-1
-1
-4
-2
-2
-4
-4
-8
-7
-7
-9
-7
-8
-6
-7
-7
-5
-7
-7
-5
-8
-6
-6
-8
-8
-6
-4
-3
-2
2
3
2
2
3
1
1
2
1
3
5
6
6
4
4
5
4
4
2
-1
-3
-2
-1
0
0
1
-1
1
1
0
4
3
-2
3
-2
-6
-5
-8
-7
-8
-7
-6
-6
-8
-7
-4
-5
-7
-8
-6
-9
-9
-8
-11
-11
-11
-12
-12
-12
-11
-10
-6
-4
-3
-1
2
-2
1
3
3
3
4
4
3
4
6
5
6
7
10
9
5
6
4
3
1
3
5
7
6
9
8
9
10
9
8
2
2
3
2
1
5
5
4
6
7
8
4
4
4
5
6
4
5
6
4
7
5
4
5
4
5
4
5
2
3
4
3
3
4
5
3
3
1
-1
-2
-2
-2
-2
-3
-4
-3
-3
-5
-7
-6
-7
-7
-6
-9
-7
-3
-5
-5
-4
-2
-3
-3
-3
-2
-1
1
0
2
2
1
1
3
5
2
1
-2
-1
0
1
6
6
7
8
7
9
6
4
3
-1
-2
0
-1
-4
-3
-7
-4
-4
-7
-4
-6
-8
-6
-7
-10
-10
-12
-14
-14
-10
-10
-7
-8
-7
-7
-6
-4
-3
-3
-5
-3
-3
-3
0
0
1
2
2
3
3
0
3
3
0
0
-1
2
0
2
3
6
2
2
3
3
1
1
-1
0
-4
-4
-1
-3
-1
-1
-2
-1
-1
-3
-1
-2
-1
-1
-2
-5
-4
-3
-1
-1
-2
0
1
2
5
5
6
6
4
5
2
2
5
5
4
6
8
8
10
11
13
12
11
8
8
6
4
4
6
5
6
5
3
3
5
4
4
4
1
0
-1
-3
-3
-2
-3
-3
0
0
-2
-2
-6
-9
-6
-8
-7
-4
-4
-4
-1
-2
-3
-2
0
2
-1
1
1
-2
-2
-2
-4
-1
-1
0
0
2
2
4
2
4
5
4
4
-1
-2
-2
-1
1
2
2
4
2
1
3
5
1
2
3
1
5
2
1
2
1
1
3
4
4
3
3
2
1
0
-1
-2
-4
-5
-4
-3
-2
-3
1
0
-3
1
-1
-2
-1
-1
-4
-5
-7
-10
-11
-13
-11
-12
-12
-10
-12
-9
-10
-11
-9
-10
-8
-7
-9
-9
-11
-12
-11
-12
-12
-12
-9
-7
-2
-1
-2
0
2
3
4
5
5
7
6
5
3
4
5
6
7
10
11
11
10
14
15
10
12
10
9
7
7
3
2
4
4
4
2
3
0
-1
-1
2
4
3
6
6
3
1
0
1
-3
-1
-1
2
4
3
2
0
-1
-3
-3
-1
-2
-1
6
4
-2
2
4
3
5
7
6
7
6
3
3
2
1
1
1
3
4
2
2
5
6
5
5
3
2
0
2
2
0
2
5
2
2
4
4
5
5
4
3
0
-1
0
-1
0
1
2
1
1
-2
-3
-2
0
-1
-2
-4
-4
-5
-7
-7
-7
-6
-9
-9
-7
-6
-8
-8
-7
-8
-9
-10
-11
-13
-13
-14
-13
-12
-14
-13
-11
-12
-12
-13
-13
-12
-14
-11
-10
-11
-7
-7
-10
-7
-7
-4
-3
-4
1
3
4
4
5
6
4
4
3
6
4
2
4
6
8
7
7
5
5
8
8
9
9
10
10
10
8
9
12
6
6
8
7
8
11
11
13
9
10
10
7
7
6
7
3
5
3
2
0
0
1
2
5
3
2
1
3
3
2
3
5
6
6
6
7
5
1
3
1
-1
1
-1
2
3
3
7
6
5
6
0
1
0
-3
-3
-3
-4
-1
-5
-5
-4
-7
-6
-6
-4
-4
-4
-5
-2
-1
-3
-4
-3
-8
-7
-6
-8
-9
-9
-10
-9
-8
-8
-9
-6
-7
-7
-6
-7
-8
-9
-7
-6
-2
-2
-3
0
-1
-1
-2
-4
-2
-2
-3
-1
-1
1
0
0
-1
0
0
-3
-4
-3
-2
-3
-4
-2
0
-2
4
4
4
3
0
2
0
0
1
3
3
2
6
4
3
5
5
5
5
7
7
9
13
12
10
12
10
7
8
7
8
5
4
3
5
5
4
4
4
1
0
0
-1
-2
0
1
0
-3
-3
-6
-8
-7
-10
-10
-12
-13
-18
-14
-16
-16
-12
-13
-14
-15
-13
-12
-12
-13
-12
-12
-12
-10
-6
-5
-6
-5
-5
-3
0
-2
-2
1
4
5
8
10
11
11
12
17
17
15
18
19
15
17
17
17
17
17
18
18
22
23
24
23
20
18
16
12
11
8
7
8
6
8
9
4
3
1
0
1
0
0
-1
-5
-5
-7
-7
-5
-7
-9
-9
-11
-10
-11
-12
-12
-15
-16
-14
-13
-10
-12
-7
-9
-11
-8
-10
-11
-11
-8
-9
-4
-4
-5
-6
-4
-4
-5
-3
-2
-2
-1
-6
-3
-2
-3
-4
-1
-2
-2
-2
-3
-2
-2
1
-2
-2
-3
-2
-4
-1
-4
-5
-3
-4
-2
-3
-4
-6
-2
-2
-2
-2
-2
-2
-4
-4
-6
-6
-6
-6
-4
-2
-4
-4
-4
-4
0
1
2
2
2
2
1
0
1
-2
0
0
1
3
2
2
6
7
10
9
10
9
7
9
8
5
3
3
1
2
2
2
4
4
3
3
3
6
4
3
7
4
3
2
3
6
10
9
7
6
5
7
8
6
8
8
5
6
6
4
4
4
4
4
4
0
3
2
1
2
0
1
-2
-1
0
-2
-3
-3
-2
-2
-2
-1
-1
-4
-2
-4
-2
-1
-2
-1
-2
-2
-1
-1
1
4
3
2
4
3
3
4
1
3
7
5
7
9
5
4
5
3
5
4
1
2
0
-2
-4
-5
-5
-7
-10
-6
-6
-6
-9
-8
-8
-7
-8
-8
-7
-7
-12
-10
-11
-11
-10
-12
-12
-11
-9
-12
-11
-8
-11
-6
-5
-5
-5
-4
-4
-6
-4
-2
-4
-1
0
-2
-2
-2
0
4
3
5
7
6
7
10
9
8
8
7
6
3
-1
1
0
-1
0
1
-4
-6
-5
-7
-9
-6
-5
-4
-2
-5
-7
-7
-9
-10
-8
-9
-5
-8
-3
1
1
3
4
5
3
4
5
8
8
9
10
12
12
12
13
15
14
14
15
15
16
13
13
12
13
14
14
17
16
16
12
8
8
7
1
4
3
-1
0
-1
-2
-5
-3
-4
-3
-3
-6
-2
0
-5
-5
-3
-3
-4
-5
-1
-3
-4
-4
-5
-6
-6
-5
-5
-4
-4
-5
-7
-8
-9
-8
-10
-10
-8
-8
-8
-7
-9
-10
-7
-8
-6
-5
-4
-5
-2
-1
-4
-2
0
-5
-4
-7
-5
-6
-4
-7
-6
-6
-5
0
0
3
1
4
6
5
6
6
7
8
6
8
10
8
8
11
9
11
9
11
11
10
12
13
10
9
9
6
7
5
2
2
2
1
0
0
-1
-1
-2
-3
-4
-7
-8
-10
-12
-13
-12
-12
-12
-12
-11
-12
-10
-11
-15
-13
-11
-9
-9
-7
-6
-8
-7
-6
-5
-3
1
1
0
1
2
2
3
4
2
4
2
2
1
2
2
0
2
5
2
4
4
1
0
1
-1
2
4
3
3
4
3
1
2
1
3
4
3
6
7
8
9
9
7
6
6
6
3
5
7
6
8
10
10
10
7
7
4
4
6
5
4
4
4
4
4
5
3
-2
-2
-7
-8
-5
-4
-3
-4
1
-1
-1
-2
-6
-7
-5
-6
-5
-5
-5
-7
-9
-8
-7
-4
-2
-2
-2
-4
-5
-3
-2
-2
-2
-1
-2
-2
1
-3
-3
-5
-5
-2
0
-1
2
3
2
3
1
1
0
0
-1
4
5
4
5
6
3
4
3
3
3
1
0
0
2
1
4
4
3
2
4
4
1
1
1
0
0
-1
-1
-3
-3
-4
-4
-3
-6
-4
-4
-4
-5
-1
-2
-4
-6
-6
-8
-9
-9
-12
-13
-11
-12
-12
-7
-8
-8
-6
-7
-6
-6
-6
-3
-6
-6
-6
-7
-5
-6
-5
-5
-4
-6
-7
-6
-7
-7
-6
-5
-2
0
4
6
7
8
7
12
13
13
13
13
14
12
15
16
18
17
17
19
20
18
21
21
19
19
17
14
14
12
9
9
9
7
8
7
7
7
7
6
7
6
4
1
-2
-4
-6
-7
-10
-9
-7
-8
-8
-6
-10
-11
-11
-13
-13
-12
-13
-14
-14
-10
-10
-10
-8
-9
-11
-9
-7
-7
-9
-6
-4
-6
-4
-3
-2
-2
0
4
6
4
6
6
3
0
-3
-4
-5
-5
-2
-1
-1
-1
1
-3
-2
-1
1
-1
1
2
2
2
1
3
3
1
0
-1
-1
-1
3
2
-1
2
1
-1
0
1
2
2
2
5
5
2
6
2
0
0
2
0
3
5
4
6
5
6
4
2
2
1
-2
-6
-5
-8
-8
-9
-11
-10
-9
-11
-11
-7
-7
-6
-8
-9
-7
-8
-8
-6
-6
-7
-7
-7
-9
-5
-4
-3
-1
1
2
2
2
4
2
3
5
5
6
5
10
7
4
2
5
3
-2
-2
-1
-3
-2
1
1
5
4
7
8
9
7
9
8
8
7
4
7
6
5
8
7
5
6
8
6
6
8
7
9
8
8
7
4
1
6
6
7
9
7
6
6
7
10
12
12
11
11
7
5
7
4
3
2
0
-2
-3
-4
-5
-5
-7
-9
-10
-10
-6
-6
-6
-7
-8
-9
-12
-12
-12
-12
-11
-12
-11
-10
-8
-8
-8
-7
-5
-1
-2
-2
-2
-2
-4
-5
-3
-6
-9
-7
-8
-6
-4
-2
-3
-3
0
3
2
2
2
1
1
-2
-4
-3
-3
-4
-7
-6
-6
-5
-4
-4
-2
-4
-6
-6
-5
-3
-4
-3
1
1
1
3
0
0
-1
0
1
1
2
1
3
4
4
4
6
6
7
5
5
4
1
2
2
0
1
0
0
1
3
3
3
2
0
-3
-3
-2
-5
-4
-3
-2
-5
-5
-3
-4
-4
-3
-5
-4
-3
-2
-2
-5
-6
-5
-2
0
0
2
4
6
6
10
13
12
15
12
12
13
12
12
12
16
16
15
17
18
16
17
18
17
15
16
14
10
11
8
5
4
3
4
2
2
3
1
-1
-1
-2
-4
-4
-6
-7
-8
-9
-10
-13
-15
-14
-13
-12
-10
-12
-10
-9
-12
-10
-9
-8
-5
-6
-6
-6
-5
-5
-6
-4
-3
-2
0
3
5
5
7
9
10
13
14
11
12
10
8
6
6
5
6
6
5
5
6
5
3
4
6
2
0
1
0
-2
-5
-8
-7
-6
-12
-13
-14
-18
-16
-17
-18
-17
-17
-17
-18
-19
-22
-23
-22
-22
-22
-21
-22
-21
-22
-22
-22
-20
-20
-21
-19
-17
-14
-13
-12
-11
-12
-9
-5
-2
-1
1
3
3
5
5
9
8
8
10
13
14
17
20
20
23
23
24
24
21
24
27
26
27
29
28
30
29
30
27
26
25
23
22
23
20
19
18
17
16
13
12
11
9
9
9
7
5
4
3
0
0
2
-1
-6
-6
-6
-11
-11
-10
-14
-13
-11
-14
-14
-13
-14
-12
-14
-12
-11
-13
-15
-12
-13
-15
-13
-14
-14
-12
-9
-8
-8
-7
-7
-5
-5
-7
-6
-5
-4
-2
-1
1
2
4
5
5
7
7
8
9
10
6
9
8
6
11
13
13
13
10
8
9
5
4
2
1
1
-1
1
0
-1
-1
-3
-3
-3
-2
-3
-5
-5
-6
-6
-4
-4
-6
-8
-9
-10
-13
-14
-13
-16
-16
-13
-16
-15
-14
-17
-15
-16
-14
-12
-12
-12
-12
-10
-10
-7
-6
-4
-4
-5
-2
-2
-3
-2
0
2
0
1
1
4
6
6
4
5
5
3
4
4
6
2
3
6
7
6
6
7
9
9
10
11
13
12
11
14
12
13
12
11
11
11
8
7
6
5
6
5
3
3
5
3
3
3
1
0
-2
-4
-2
-2
-2
-2
-3
-2
-3
-3
-4
-3
-6
-6
-4
-6
-6
-6
-5
-3
-3
-2
-1
0
0
0
0
-1
-2
-3
-4
-2
1
2
6
7
8
12
12
13
12
12
10
10
10
8
11
11
11
12
14
14
14
15
13
12
11
9
6
4
3
3
2
0
0
0
-3
-4
-5
-4
-5
-6
-4
-4
-4
-6
-5
-7
-7
-8
-8
-7
-8
-7
-7
-8
-10
-10
-9
-12
-12
-12
-12
-14
-14
-14
-14
-14
-14
-14
-14
-15
-13
-15
-14
-15
-18
-17
-17
-17
-14
-13
-14
-12
-11
-13
-9
-7
-7
-5
-5
-5
-3
-1
-1
0
2
2
2
2
2
1
2
5
6
4
8
7
7
10
11
12
10
10
9
12
11
14
18
17
18
15
15
15
15
16
18
19
17
16
14
13
14
10
9
10
10
6
5
3
2
1
0
3
2
3
2
1
0
0
0
-2
1
-2
-5
-3
-5
-8
-8
-5
-7
-3
1
1
1
0
-1
-2
-2
-2
-2
-3
-1
-4
-6
-3
-3
-3
-3
-5
-4
-5
-5
-4
-4
-1
-2
-4
-4
-6
-6
-6
-5
-6
-3
-3
-2
-2
-2
-2
-1
-1
-1
-1
0
0
1
0
1
2
2
4
4
5
5
5
5
6
5
5
4
2
4
3
6
6
5
4
5
4
2
1
3
1
1
1
-3
-2
-3
-6
-6
-6
-7
-10
-9
-11
-13
-12
-11
-10
-11
-7
-10
-14
-12
-12
-11
-10
-8
-7
-5
-5
-7
-5
-8
-10
-9
-8
-6
-4
-4
-4
-4
-5
-6
-2
-1
0
1
3
6
2
5
6
6
8
10
8
10
9
10
8
10
13
11
10
9
10
11
11
9
9
9
8
6
7
6
5
7
7
6
5
3
3
3
2
3
3
3
3
1
5
2
1
3
4
4
5
6
4
2
1
3
4
4
6
7
7
6
5
8
7
3
1
4
2
2
3
5
5
6
4
6
4
3
5
3
3
2
-2
-3
-3
-2
-3
-5
-6
-5
-4
-5
-3
-5
-6
-7
-9
-7
-8
-14
-13
-14
-15
-11
-14
-13
-11
-12
-10
-8
-10
-9
-8
-10
-9
-11
-13
-10
-11
-12
-9
-9
-10
-10
-6
-5
-6
-4
-5
-4
-5
-5
-4
-7
-6
-4
-4
-1
0
-3
-1
-1
-1
1
3
3
3
3
3
4
4
1
3
3
3
5
4
3
5
5
4
3
4
3
4
5
3
5
5
3
5
6
6
8
6
7
8
10
13
11
12
11
12
11
10
10
10
8
6
4
5
5
4
3
3
4
1
1
-1
-2
-2
-3
-2
0
0
-2
2
2
1
0
1
1
-1
-2
-2
-1
0
-2
-2
-5
-4
-3
0
1
1
0
-1
0
-5
-4
-4
-4
-5
-6
-4
-6
-6
-2
-1
-1
1
3
0
0
1
0
1
2
3
2
2
4
5
6
6
4
4
4
4
4
2
4
3
3
1
4
4
5
5
5
6
6
7
6
6
0
1
2
1
2
2
1
-2
0
0
1
-2
-2
-4
-3
-6
-7
-10
-11
-7
-8
-8
-10
-8
-11
-11
-10
-10
-10
-12
-12
-12
-9
-8
-6
-5
-5
-5
-4
-7
-8
-6
-6
-5
-2
0
1
3
5
5
4
2
3
3
5
4
8
11
10
12
9
8
7
7
6
3
3
3
1
1
0
0
-1
-2
-3
-6
-6
-6
-4
-4
-5
-6
-7
-8
-9
-9
-7
-3
-5
-5
-2
-4
-4
-4
-4
-1
-5
-4
-4
-6
-7
-8
-6
-5
-7
-5
-6
-4
-2
-2
1
1
1
-2
0
-1
-2
0
4
3
5
7
6
7
9
7
9
12
10
11
11
9
9
9
9
10
9
9
10
11
11
10
11
11
10
10
10
10
10
8
10
11
8
12
10
7
6
6
5
4
5
3
4
4
4
4
4
2
1
-2
-2
-3
-2
-3
-3
-6
-9
-11
-11
-12
-11
-11
-12
-10
-10
-8
-7
-7
-8
-8
-7
-6
-6
-4
-3
-2
-3
-3
-1
-3
1
1
1
2
4
3
3
4
4
0
1
0
-2
-1
-1
-1
-1
-1
-2
2
3
2
4
4
2
0
-1
-2
-3
-2
-1
-2
-2
-2
-4
-3
-5
-7
-3
-3
-4
-4
-3
-5
-3
-5
-6
-3
-6
-7
-7
-6
-7
-9
-10
-11
-11
-9
-9
-6
-7
-7
-3
-6
-7
-6
-5
-5
-5
-6
-6
-9
-7
-7
-8
-4
-2
-2
-2
0
2
2
0
1
3
5
6
6
7
7
6
7
9
9
9
8
6
7
9
6
5
7
6
7
6
6
8
9
10
11
9
7
8
9
8
7
8
9
7
9
10
8
6
7
9
6
6
9
9
8
6
4
3
4
5
6
6
5
3
5
6
7
8
8
8
5
4
5
6
6
4
1
2
1
-2
-1
-5
-7
-8
-7
-5
-4
-2
-6
-8
-8
-8
-11
-10
-10
-12
-10
-11
-9
-9
-10
-10
-10
-8
-5
-5
-3
-3
-3
-2
-6
-8
-8
-8
-11
-11
-12
-12
-13
-11
-10
-8
-8
-7
-6
-5
-6
-5
-6
-4
-2
-4
-1
-2
-3
-1
3
0
0
3
0
-2
-1
0
1
0
0
-1
-2
-2
-4
-3
-5
-8
-6
-2
-1
0
3
1
1
-1
1
3
0
3
2
2
2
1
0
-1
-2
-2
-3
-2
-3
-2
2
4
7
7
9
11
9
10
10
8
7
10
9
9
11
9
10
11
8
9
11
9
11
11
10
9
9
9
11
11
9
10
9
10
11
10
12
12
9
8
9
6
5
7
6
7
2
2
3
0
1
2
0
-2
-1
-1
-3
-8
-8
-9
-11
-9
-10
-10
-9
-12
-12
-12
-10
-9
-11
-11
-8
-11
-8
-5
-8
-5
-4
-6
-6
-7
-6
-6
-5
-5
-2
-2
-5
-4
-5
-4
-4
-3
-1
-1
-1
1
2
2
-1
2
-1
-2
-3
-5
-3
-4
-6
-5
-6
-7
-6
-6
-4
-4
-4
-4
-4
-4
-2
-4
-4
-3
-3
-2
-3
-2
-4
-5
-4
-4
-3
-1
-3
-2
-4
-4
-3
-5
-4
-1
-2
-2
3
0
0
1
1
0
1
1
1
4
6
6
6
5
4
4
3
3
2
2
-1
-2
-2
-1
2
0
3
5
3
5
4
3
2
5
4
1
4
4
6
5
9
10
9
10
10
8
7
8
5
7
7
8
9
10
10
11
6
6
6
3
5
8
5
4
7
5
5
5
5
4
6
7
5
4
5
5
1
1
0
-2
-3
-5
-3
-2
-4
-1
-1
-1
1
4
4
1
2
1
0
1
-2
-1
-3
-4
-3
-3
-2
-2
-1
2
2
1
0
-1
-3
-3
-3
-2
-2
-3
-6
-5
-6
-8
-7
-10
-8
-9
-9
-10
-10
-8
-10
-12
-12
-10
-11
-10
-10
-13
-13
-13
-15
-13
-11
-12
-11
-12
-12
-13
-9
-7
-9
-7
-8
-7
-8
-5
-1
-1
1
0
0
2
3
2
5
6
6
6
7
8
10
11
11
13
11
11
16
13
16
14
13
11
11
9
7
7
5
4
6
6
5
4
0
4
3
1
1
1
-2
-1
0
-1
-3
-2
-1
-3
-5
-3
-6
-7
-4
-5
-6
-6
-7
-9
-12
-8
-9
-8
-6
-3
-1
-3
-1
-1
-1
-1
-1
1
0
5
4
5
7
6
7
6
7
7
6
6
7
6
7
3
2
5
4
3
4
5
4
3
2
3
3
0
2
3
3
4
5
6
4
5
4
4
4
3
4
4
1
3
2
2
2
0
0
-1
0
0
-1
-2
-3
-4
-3
-5
-3
-4
-4
-2
-4
-3
-2
-2
-3
-1
-4
-5
-4
-6
-7
-7
-7
-6
-7
-8
-5
-4
-6
-4
-2
-3
-2
-1
0
0
0
-1
2
2
4
3
2
4
4
6
7
5
3
4
2
0
0
0
0
1
2
1
4
2
1
2
-1
1
-1
0
-1
0
0
-2
-3
-3
-3
0
-1
-4
-2
-4
-5
-6
-4
-1
-2
-5
-7
-10
-12
-10
-7
-6
-5
-1
-1
-3
-2
-1
-4
-3
-2
-3
-4
-1
-3
-3
-1
-1
1
0
4
6
6
5
5
4
3
5
3
5
5
1
0
-1
-2
0
2
0
2
5
3
4
6
4
6
5
7
6
6
6
5
4
2
1
0
0
-1
0
-1
1
1
3
3
2
1
0
-1
0
1
1
-1
-2
-3
-5
-4
-3
-6
-2
-5
-5
-4
-3
-2
-1
-3
1
1
-2
-2
-1
-1
1
1
-1
3
1
1
4
4
3
6
6
6
8
8
3
5
2
-1
2
2
2
-1
1
2
1
-1
0
1
-1
-1
1
2
1
-1
2
1
1
1
1
-1
-3
-3
-5
-2
-3
-2
-3
-2
-4
-4
-3
-3
-1
-2
-2
-1
-2
-1
-2
-2
-1
-5
-6
-4
-4
-6
-5
-6
-7
-6
-8
-8
-7
-7
-7
-4
-3
-4
-1
-3
0
2
-1
0
2
1
2
5
4
5
5
3
4
4
2
2
2
2
1
2
4
4
5
6
5
5
5
3
3
5
3
4
4
3
4
4
3
4
1
2
2
3
2
3
-1
0
-1
-2
2
-1
-1
-3
-3
-3
-2
-6
-4
-3
-6
-6
-4
-6
-6
-3
-3
0
0
0
2
4
7
11
11
14
13
12
11
11
10
6
8
7
5
4
6
4
5
7
5
4
6
8
6
4
5
6
3
5
2
1
3
1
-2
-1
-4
-8
-8
-13
-14
-14
-17
-17
-16
-17
-17
-16
-16
-15
-16
-16
-16
-17
-18
-15
-14
-14
-12
-9
-8
-6
-5
-5
-5
-3
-1
-3
-1
-1
-2
-1
-2
0
4
4
7
8
9
10
10
10
9
9
8
6
3
4
5
5
5
4
6
6
6
7
8
7
6
4
3
0
0
0
0
-1
0
0
-1
0
0
-1
-1
-1
-1
-1
-2
-2
-1
-2
-2
-1
-4
-2
-1
-1
-2
0
2
2
4
3
5
6
5
5
4
3
3
1
2
2
0
1
2
2
3
3
5
5
4
3
4
4
2
3
3
6
6
6
6
8
5
5
8
8
9
9
11
11
10
11
9
8
6
5
3
3
4
5
5
6
4
2
0
1
1
-2
-2
-6
-9
-10
-7
-10
-9
-9
-9
-12
-12
-12
-13
-11
-11
-11
-10
-10
-11
-9
-9
-10
-11
-12
-12
-14
-12
-12
-11
-11
-8
-8
-6
-5
-5
-8
-5
-4
-6
-4
-4
-5
-1
0
1
3
3
3
3
4
3
2
2
3
1
2
1
-1
2
0
2
2
3
3
2
2
6
6
6
9
5
3
4
3
3
5
4
5
5
2
4
3
2
3
3
4
3
3
2
0
-1
0
-1
-1
0
-1
-2
-4
-4
-3
-7
-5
-6
-7
-5
-6
-7
-5
-6
-5
-4
-4
-4
-4
-1
-4
-3
-3
-2
-2
-2
-1
2
0
4
4
5
6
5
8
10
9
10
10
10
9
12
14
14
14
15
16
13
13
12
10
12
11
11
14
15
15
16
15
11
10
9
9
8
7
7
6
5
3
4
2
-2
-5
-6
-9
-10
-8
-9
-6
-10
-12
-15
-16
-19
-17
-16
-20
-18
-18
-17
-19
-18
-16
-18
-16
-15
-13
-12
-11
-11
-11
-10
-9
-9
-6
-5
-6
-4
-2
-3
-1
1
2
5
5
6
6
8
10
12
14
12
13
12
11
13
11
14
14
13
11
11
11
10
11
7
6
4
-1
-2
-1
-3
-5
-8
-8
-7
-8
-8
-8
-9
-10
-9
-8
-9
-12
-11
-11
-9
-11
-11
-9
-9
-9
-9
-5
-3
-2
-3
-5
-4
-6
-3
-3
-1
0
0
-1
-2
-4
-2
-1
0
4
4
4
5
4
5
6
5
6
7
8
7
10
9
9
11
11
11
9
10
9
7
8
7
6
5
6
7
6
4
5
5
4
4
8
8
6
8
4
2
2
1
1
2
1
-1
-2
-1
2
3
2
4
3
0
3
0
1
3
0
2
-1
1
-2
-2
-2
-2
-1
-1
0
-1
-1
-3
-2
-4
-4
-3
-4
-5
-4
-4
-8
-9
-10
-10
-11
-8
-8
-8
-7
-6
-7
-6
-4
-7
-5
-7
-5
-4
-4
-2
-2
-3
-4
-1
0
-2
-2
-1
1
-1
-1
1
0
0
2
2
4
3
3
4
5
1
1
2
-3
-1
-1
0
0
2
1
0
0
2
2
-2
-1
-2
-3
-2
-1
0
-3
-6
-6
-9
-7
-7
-8
-7
-5
-6
-3
-1
3
4
4
3
1
2
2
4
4
2
3
3
1
2
4
6
9
12
11
11
12
10
10
9
9
10
10
9
8
5
4
8
8
10
12
12
12
13
11
13
9
3
3
4
4
6
4
0
0
-1
-1
-3
-3
-2
-2
-1
-2
-2
-7
-8
-11
-10
-7
-4
-2
-2
-2
-5
-5
-6
-6
-9
-7
-7
-6
-4
-7
-6
-7
-9
-7
-8
-12
-11
-11
-13
-12
-14
-14
-15
-13
-11
-9
-8
-11
-11
-10
-9
-9
-7
-6
-6
-9
-9
-8
-12
-8
-7
-7
-9
-7
-2
-2
-1
1
2
3
1
4
3
4
7
9
9
9
10
10
10
13
16
16
16
15
16
16
19
22
21
21
20
21
19
19
19
15
14
13
12
11
11
7
5
3
0
0
-2
-2
-1
-2
-2
-4
-5
-6
-7
-5
-4
-8
-7
-6
-4
-4
-5
-7
-8
-7
-7
-4
-3
-5
-4
-6
-7
-6
-7
-7
-6
-6
-7
-7
-8
-8
-8
-7
-4
-6
-5
-3
-5
-5
-6
-4
-4
-4
-5
-8
-8
-8
-9
-6
-7
-8
-6
-7
-6
-3
-2
0
-1
2
1
3
3
4
4
4
4
8
9
9
9
12
16
14
13
14
11
9
9
8
9
7
8
9
9
5
5
4
-2
-2
2
3
2
-1
-4
-3
-5
-3
-3
-5
-4
-4
-2
-1
0
-3
-5
-6
-6
-4
-2
-3
-7
-2
1
3
0
3
3
5
6
7
7
3
0
-1
2
3
2
0
1
-3
-1
2
2
2
2
3
4
2
2
3
0
0
-2
-4
-7
-3
-4
-2
-2
-3
-5
-5
-6
-6
-5
-4
-3
-3
-2
-2
-4
-5
-4
-4
-3
-2
-2
-2
-2
-4
-3
-7
-5
-4
-6
-4
-3
-5
-7
-8
-5
-3
-1
2
3
2
1
-1
-2
-3
-2
-3
-1
-1
1
0
-1
0
-1
2
3
2
4
2
-1
2
-1
-2
-1
-4
-5
-3
-1
0
1
0
-1
-2
-4
-3
-3
-3
-4
-1
-2
-1
-1
-2
-2
0
6
7
8
9
6
2
0
-1
1
2
1
1
0
2
3
6
5
6
6
8
9
9
9
8
7
5
6
6
6
6
8
8
8
9
7
6
8
7
6
7
6
4
6
4
3
1
-1
-1
-2
-2
2
1
1
3
1
0
2
1
-1
-2
-1
-2
-4
0
1
2
4
-2
-3
0
-2
0
-2
-4
-2
0
-1
0
1
-2
-2
-2
-3
-1
-2
-5
-6
-8
-9
-11
-10
-8
-7
-5
-4
-3
-4
-6
-6
-5
-4
-4
-3
-9
-7
-8
-10
-7
-3
-5
-3
-4
-2
2
1
-3
-2
0
-7
-5
-1
0
-3
-2
-4
-2
5
0
-1
-1
-6
-3
1
4
1
1
-4
-6
-3
-1
-2
-2
-1
-4
-2
-2
-8
-10
-4
-3
-5
-1
1
1
3
1
4
1
1
3
4
6
5
6
5
3
1
3
-1
-6
-2
2
5
12
12
10
6
1
0
4
9
8
8
1
-3
-1
-2
-2
-1
-1
-3
-6
-4
-5
-5
-7
-5
-1
-1
-1
1
3
3
2
4
0
-3
0
5
2
5
9
4
2
2
0
-1
4
4
9
14
16
13
13
14
8
7
9
8
8
10
7
6
5
1
2
6
8
8
9
9
0
4
2
-1
-3
-4
0
1
7
8
3
0
0
0
2
1
-1
-4
-4
-6
-10
-13
-8
-11
-12
-12
-13
-12
-13
-12
-9
-13
-14
-11
-14
-7
-7
-12
-7
-3
-8
-6
-3
-5
-2
-1
2
3
4
2
0
-5
-3
-2
0
-1
4
1
3
5
6
3
4
4
-3
-2
-5
-2
-4
0
3
1
-3
-3
-2
-2
0
-2
0
3
3
4
3
-3
-4
-6
-1
-2
-2
0
-5
-3
-6
-7
-5
-6
-3
0
-3
-3
-4
-5
-4
-3
-1
-5
-5
-10
-10
-3
-1
-5
-3
-2
-4
-2
-2
-4
-4
-5
-6
0
2
0
1
17
61
82
55
47
32
-27
-84
-121
-162
-164
-135
-91
-6
85
128
157
160
130
91
38
-26
-59
-56
-47
-34
-14
7
44
63
62
82
87
61
38
31
37
38
13
-3
21
34
23
19
24
20
6
-24
-45
-20
-12
-22
5
41
58
63
39
7
-1
-25
-81
-110
-110
-101
-85
-58
-18
32
41
8
-5
-11
-46
-85
-110
-108
-88
-83
-78
-43
-27
-28
-37
-54
-69
-87
-106
-110
-75
-19
10
18
48
86
89
53
25
26
39
70
150
222
222
171
151
137
44
-93
-162
-145
-118
-88
0
132
202
175
162
200
204
117
14
4
41
18
-52
-74
-43
-43
-86
-118
-122
-121
-145
-157
-90
-5
17
8
42
99
143
156
137
111
40
-88
-179
-235
-332
-404
-403
-355
-240
-112
-24
69
140
118
71
60
57
29
-6
6
38
46
-18
-83
-101
-132
-182
-207
-179
-105
-31
48
197
302
334
352
330
289
302
323
269
186
135
112
71
-28
-131
-142
-138
-187
-161
-20
118
166
147
166
229
242
165
131
174
198
154
77
40
14
-98
-251
-328
-319
-335
-380
-345
-179
2
72
96
179
257
228
160
158
115
-75
-263
-298
-312
-385
-457
-475
-376
-222
-150
-104
11
70
11
-32
5
59
68
59
79
141
147
-1
-168
-241
-289
-381
-448
-377
-246
-137
41
268
449
562
540
444
410
301
26
-190
-215
-96
90
232
334
521
656
511
249
25
-235
-482
-591
-508
-212
125
296
415
600
708
611
324
59
-89
-177
-299
-386
-308
-130
-37
-45
-3
80
3
-198
-270
-205
-131
-143
-192
-102
113
180
101
51
94
192
123
-174
-200
-58
-360
-685
-540
-489
-626
-566
-473
-228
198
266
166
397
535
301
129
105
2
-66
-161
-328
-339
-260
-343
-467
-308
-36
5
-24
143
328
357
325
258
215
254
175
-62
-123
-111
-281
-470
-508
5
1453
2362
1390
408
1099
1703
445
-1590
-2264
-1291
-716
-1348
-770
1740
2799
904
-667
373
1698
558
-1811
-1833
798
2297
959
-255
865
2027
642
-1734
-2225
-1550
-2122
-3412
-2718
138
1996
1092
78
1507
3305
2317
-461
-1932
-1386
-743
-1472
-1988
-403
1298
784
-162
384
779
-849
-3373
-4004
-2270
-873
-1110
-730
1589
3658
3497
2102
1180
795
-257
-1907
-2642
-1988
-1195
-1180
-1168
-22
1405
1133
-466
-1143
-260
539
13
-638
281
1819
2040
1260
741
513
-157
-1401
-2257
-1793
-772
-215
922
3935
6828
5991
2467
830
1309
-164
-4242
-6817
-5059
-1650
-171
820
4125
6506
3676
-676
-596
1963
1341
-2085
-2897
1282
5672
5053
1505
308
772
-1564
-5896
-7882
-6983
-6019
-5504
-2944
2325
6505
6008
3028
2517
4107
2822
-2047
-5774
-5110
-1927
-15
50
1018
2360
522
-2775
-3944
-4448
-6412
-8214
-7346
-2471
3503
5816
5525
6529
7367
5021
1101
-2263
-4445
-4865
-4489
-4007
-2054
487
607
-884
-841
-159
-1193
-3095
-3413
-1124
2747
5270
5203
5115
5942
5084
1938
-862
-2494
-3842
-4712
-4229
-2262
288
1774
1763
2112
4796
8659
9385
4712
-60
455
2685
236
-4757
-5833
-2456
-161
-870
509
5750
6824
102
-4696
-1011
3391
1502
-2003
-628
4499
7054
3968
-556
-1799
-2302
-5492
-8186
-6858
-4280
-3568
-2961
-1
4786
6947
3252
-1928
-2276
-66
-1023
-3664
-2921
822
2596
1023
61
379
-1681
-6028
-8411
-7091
-4342
-3472
-3216
317
5201
5810
3024
1794
1948
1105
-173
-997
-1045
292
1003
-472
-1667
-1678
-3130
-5569
-5625
-3411
-1139
675
2508
4410
6623
7369
5045
2009
750
-356
-2277
-3152
-2377
-1531
-1169
-243
902
1785
1656
91
-1430
-522
2326
5550
6965
5788
4382
5090
4914
1421
-2210
-3406
-3734
-3938
-2302
1383
4112
2873
-379
-1122
466
734
-211
136
1996
4114
5426
5154
3174
365
-2646
-5345
-6604
-6348
-6014
-5479
-2928
1168
3858
3920
2525
948
-128
-1114
-2632
-3444
-2398
-907
-235
1042
2358
1390
-1105
-2840
-3680
-4559
-5670
-6288
-5053
-2104
261
1340
2502
3131
1871
92
-524
-931
-1786
-1994
-1300
-235
819
1051
159
-634
-636
-1090
-2010
-1983
-1040
-179
674
1524
1980
1474
921
736
313
417
639
532
622
1226
1500
961
818
2384
6202
9309
5981
1951
1670
1643
-1345
-4450
-3804
-3050
-2250
98
4673
8180
6646
491
-3453
-2992
-1760
-309
1529
3703
5099
7074
7707
3436
-2140
-5894
-8205
-9300
-8179
-5275
-3007
-847
1650
3721
4582
2498
-2105
-4264
-2711
-1097
373
1971
2312
1685
1697
293
-3002
-5466
-6972
-7440
-5374
-2150
-340
455
493
-476
-820
-764
-2086
-3454
-2001
997
3381
4497
4446
3531
1689
-680
-3104
-4367
-4561
-4548
-3668
-1070
1651
2195
1491
1335
1304
957
638
666
1281
2356
2657
2557
2463
1112
-1003
-2192
-2190
-1873
-475
1640
3497
5841
8277
8085
4474
999
-644
-1959
-2814
-2114
-3
2238
3596
3720
3521
2283
-1218
-4951
-5661
-3721
-425
3868
7505
8543
7532
5839
2018
-3406
-7150
-8504
-8704
-6939
-3187
451
2000
1586
707
-104
-1501
-3178
-3367
-1622
263
1567
2906
3586
1925
-1381
-4009
-5351
-5578
-5094
-4062
-2165
-13
428
-701
-2110
-3640
-4487
-4015
-2532
-131
2662
4205
4330
3838
2638
495
-1794
-3236
-3008
-1726
-773
-362
-120
7
-574
-1889
-2572
-1656
-152
1506
3000
3941
4353
3937
2474
918
369
-505
-1767
-1748
-851
-339
-357
-7
2090
6748
9689
7624
3939
2576
1995
225
-1764
-2792
-2085
-7
2217
4500
6581
5152
-1232
-7250
-7570
-3501
1079
3969
5650
7313
8568
6348
575
-4592
-7265
-8637
-8054
-4358
-184
2001
2141
973
-296
-1594
-4320
-7168
-6477
-2443
1366
3480
4228
3221
1248
-919
-3545
-5586
-5081
-3695
-2588
-31
2211
942
-2241
-4673
-6428
-6441
-4506
-2554
-563
2359
4641
4459
2677
889
-633
-1449
-1558
-1233
-160
1283
1286
-354
-1147
-1258
-2566
-3777
-2354
687
2936
3453
2721
1753
983
214
-644
-604
60
461
587
963
874
1008
3205
7133
8746
6654
3348
1167
570
555
-634
-2959
-2977
-68
3434
5492
5392
2529
-1891
-5561
-6123
-2102
4191
8184
8180
6583
5850
4056
-474
-5361
-7965
-7559
-4844
-1212
1183
1872
893
-1369
-3372
-4523
-5644
-5578
-2348
2185
4569
4331
2661
439
-1895
-4239
-5387
-4093
-1711
32
1224
1630
884
-1368
-5074
-8285
-8362
-5538
-2208
529
2390
2994
2731
1451
-760
-2239
-2164
-931
998
3119
4112
3503
1539
-1572
-3919
-4358
-3653
-2673
-1365
581
2644
3111
1106
-1008
-1345
-543
492
1705
3155
4202
3662
1656
480
1823
4570
6416
5661
2604
375
59
606
923
691
-410
-1060
897
5009
7698
5929
503
-4551
-5438
-2017
3162
6786
6756
3800
570
-930
-729
-1169
-3251
-5203
-4642
-2291
-278
260
-713
-2217
-3621
-4725
-4653
-2816
-265
1371
2135
2156
609
-2161
-4299
-4335
-3349
-2289
-1493
-680
698
1407
396
-1504
-3092
-4005
-4282
-3854
-2659
-901
674
716
-273
-483
-185
-312
-562
31
1625
2544
1984
454
-384
-663
-1317
-1998
-1822
-992
-510
-556
-477
35
825
1078
707
694
1126
1518
1413
1054
679
179
-678
-1633
-2016
-654
1346
2085
1752
1853
2165
1535
689
1086
2246
3037
3571
4686
6289
7157
5718
3073
1633
1929
2051
1515
2089
3512
4105
3049
2011
1516
569
-1270
-2671
-2671
-2043
-1721
-1552
-1119
-342
-206
-1312
-2181
-2102
-2245
-3225
-4135
-3769
-2571
-1897
-2028
-2082
-1987
-2432
-3101
-3147
-2183
-1282
-1358
-1653
-1716
-2259
-3516
-4864
-5468
-5244
-4578
-3797
-2971
-1912
-1498
-1634
-1247
-174
806
1116
1215
1328
1492
1276
577
58
-28
-439
-838
-327
875
1867
2360
2509
2633
2987
2974
2107
1255
840
462
325
1501
3260
3572
2858
2453
2485
2669
3339
3392
2180
1232
1735
2837
4031
4980
4709
3482
2607
2153
1953
2192
2094
1179
444
307
874
1852
2081
1085
-155
-1162
-2177
-2879
-3376
-3658
-3074
-2048
-1505
-999
-746
-1683
-3184
-4011
-4644
-5327
-4924
-3542
-2221
-1420
-867
-731
-1085
-1734
-2605
-3186
-2908
-2064
-1716
-1807
-1925
-1625
-1708
-2677
-3277
-2733
-1891
-1644
-1546
-1130
-820
-467
266
1438
2335
2383
1685
1143
1580
2075
1644
670
-193
-601
-439
270
916
1434
1881
2132
2765
3429
3262
2029
496
-171
813
2379
2281
1214
1420
2680
3561
3861
3321
1353
-520
-815
172
2123
4095
3752
1971
1807
3481
4296
3615
2271
663
-437
-659
158
1636
2340
1502
448
95
-491
-1793
-3069
-3811
-3356
-2448
-1773
-555
601
276
-1066
-2217
-3338
-4758
-5336
-4734
-3384
-1963
-1209
-956
-815
-1233
-2190
-3146
-3737
-3341
-2324
-1790
-1694
-1846
-2215
-2443
-2300
-2196
-1996
-1327
-752
-593
-439
-422
-641
-737
-363
570
1648
2176
2019
1670
1618
1242
90
-1132
-1347
-710
-80
533
1084
1614
2194
2956
3541
3610
2707
1228
1129
3018
3980
3038
2211
2183
2426
2575
2312
1036
-164
-613
-168
1660
4493
4976
2737
1510
2652
3713
3487
2706
1414
267
-312
-222
471
1208
888
97
-42
173
-114
-1349
-2840
-3268
-2777
-2500
-2344
-1406
-647
-883
-1708
-2639
-3325
-3425
-3383
-3173
-2625
-2151
-2244
-2776
-2936
-3007
-3381
-4179
-4437
-3527
-2124
-1558
-1700
-2142
-2266
-1646
-985
-627
-179
464
761
937
1032
588
94
-229
-504
17
940
1127
889
1180
1564
1242
672
182
-37
344
653
413
589
1297
1966
2405
2530
2017
1555
2128
3241
3291
2277
1531
1682
2236
2657
2893
2442
1502
751
954
2243
3922
4106
2391
831
885
1628
2300
3048
2992
1718
340
280
893
624
-542
-1034
-323
316
336
-121
-801
-1685
-2629
-3502
-3216
-1923
-1304
-1718
-1788
-1532
-1901
-2675
-3098
-3170
-3074
-3081
-3113
-2781
-2649
-3371
-4343
-4529
-4044
-3221
-2623
-2241
-1755
-1067
-924
-1331
-1500
-1523
-1684
-1626
-1096
-380
105
446
309
-15
-156
-171
33
308
881
1972
3002
3290
2876
2379
2100
1667
928
156
69
845
1890
2775
3164
2643
1660
1693
2643
2661
1128
329
1496
3094
3872
4401
4186
3065
1678
887
1253
2349
2098
-36
-948
545
2118
2307
2115
1730
924
-136
-1053
-1030
-144
265
-161
-143
630
1135
679
-509
-1633
-2207
-3079
-3843
-3449
-2607
-2455
-2742
-2927
-3070
-2841
-2675
-3241
-3601
-2997
-2346
-1752
-1017
-541
-769
-1401
-2079
-2038
-1265
-1117
-2064
-2552
-1898
-1206
-1195
-1675
-1844
-1195
-468
-408
-241
587
805
262
-175
-366
-211
173
605
1391
2718
3453
2795
1784
1383
1171
635
-388
-979
-291
1032
1762
2085
2042
1657
1938
2776
2463
1256
1175
1648
2378
3984
5593
4570
2405
1273
1172
1807
2584
1329
-1077
-1351
391
1870
2621
3269
2284
550
-123
795
1268
442
-439
-114
1141
1924
1822
1191
123
-1397
-2709
-3723
-3912
-3637
-3480
-3258
-2507
-2218
-3040
-3393
-2797
-2866
-3686
-3697
-3040
-2366
-1693
-1245
-1135
-1326
-1839
-2572
-2476
-1934
-2074
-2590
-2707
-2048
-1276
-973
-1475
-2028
-1958
-1474
-869
-81
511
579
526
323
-106
-245
177
758
1432
2123
2532
2532
2331
2032
1605
1194
812
506
604
1082
1564
1654
1840
3204
4606
3835
1906
1270
1676
1910
2615
3820
3963
3400
2551
1967
2539
3202
1492
-900
-1042
449
1826
2935
3752
3013
1314
-199
-414
115
-90
-1286
-1786
-921
468
1334
980
16
-862
-1708
-3054
-3673
-3562
-3428
-3234
-2494
-1901
-2003
-2237
-2669
-3156
-3431
-3256
-3076
-2719
-2188
-1980
-1938
-1798
-1796
-2256
-2380
-2321
-2330
-2167
-1712
-965
-285
-266
-869
-1437
-1937
-2042
-1328
-74
901
1483
1414
932
495
86
-274
-244
391
1104
1828
2682
3530
3872
3174
1571
291
41
101
283
984
2381
4411
5906
5086
2786
1238
589
52
404
1414
1785
2220
3260
4480
5260
4882
2052
-1055
-1260
595
1710
2129
2725
2693
1840
720
-233
-1335
-2454
-3267
-2795
-1352
84
876
912
282
-698
-1831
-3163
-3858
-3767
-3102
-2379
-1422
-899
-1417
-2235
-2925
-3855
-4841
-4990
-4361
-3100
-1782
-875
-1175
-1937
-2551
-3098
-3525
-3421
-2881
-2420
-1539
-64
1183
1223
315
-933
-1538
-1558
-1477
-960
265
1217
1703
2059
1835
795
-231
-641
-357
479
1353
2042
2877
3899
4226
3629
2392
1047
169
345
1053
2387
4275
5506
4911
3795
2753
1156
-500
-1046
-463
168
1038
1913
3598
5546
5940
3389
427
-689
-82
747
1902
3067
2818
1691
846
926
319
-1694
-3970
-4642
-3557
-1925
-505
-141
-489
-1002
-1592
-2620
-3391
-3729
-3789
-2991
-1374
-81
158
-51
-742
-1983
-3336
-4012
-4500
-4435
-3310
-1741
-813
-697
-899
-1540
-2450
-3213
-3402
-3211
-2598
-1339
191
1365
1706
895
-869
-2240
-2578
-2191
-1363
-54
1283
2209
2855
2754
1942
720
-382
-754
-274
402
1278
2565
3713
4059
3645
2637
1190
-230
-726
770
3144
4418
4255
4366
4767
4488
3003
1299
-578
-1671
-1459
369
2997
4811
4282
2178
1141
1165
1198
911
1287
1442
1450
1916
2771
2814
1086
-1336
-3039
-3148
-2763
-2288
-1509
-569
-107
-253
-990
-2311
-3477
-4738
-5512
-4700
-2581
-1320
-1119
-690
-587
-1563
-2856
-3410
-3937
-4211
-3773
-2534
-1064
97
417
59
-442
-1502
-2943
-4311
-4252
-3084
-1768
-740
158
567
44
-729
-1436
-2139
-2760
-2088
-563
947
2229
3365
3684
3016
2226
1373
344
-266
152
990
2146
3190
3487
3177
2451
1745
1626
1957
1783
1522
2583
4265
5506
5931
5512
3566
1563
383
398
1620
2846
2293
699
895
1935
2153
1590
1625
1163
289
584
2036
3178
2519
838
-902
-1703
-2152
-2481
-2513
-2133
-1830
-1901
-1873
-1913
-2224
-3588
-4912
-5073
-4059
-3156
-2567
-1877
-1491
-1596
-2229
-2726
-3156
-3355
-3382
-3203
-2664
-1998
-1400
-1167
-818
-760
-1224
-1864
-2057
-2220
-2137
-2178
-1990
-1149
-523
111
-68
-554
-1372
-1946
-1724
-987
-93
1018
1983
2462
2493
2150
1718
842
123
483
1571
2703
3549
3901
4177
5523
6595
5799
3735
2677
2708
2153
2021
2632
2375
1813
2515
4090
5589
5463
3398
-495
-3029
-3069
-2227
-1084
1042
2877
3143
2470
1638
793
-1640
-4167
-5099
-3867
-1423
812
2337
2638
1688
3
-1720
-3049
-3428
-3917
-4557
-4092
-2905
-1774
-1213
-233
362
-916
-3381
-5556
-6763
-7108
-6359
-4194
-1248
911
1760
889
-935
-2774
-4224
-4818
-4293
-2880
-1129
828
2572
3428
2479
937
-899
-2655
-3241
-2875
-2138
-885
1371
3335
4063
3258
1650
-59
-781
-616
-68
913
1837
2142
2394
3442
4918
6978
8020
6855
3884
1961
1505
1654
2449
3311
3148
2258
2488
3775
5309
5339
2638
-1927
-4750
-4486
-2845
-460
2655
4420
3677
1997
310
-921
-2404
-3440
-4007
-3945
-3622
-3414
-1714
1286
3735
3377
1082
-1860
-4120
-5139
-4960
-3509
-2618
-2175
-1753
-537
919
1313
32
-2633
-5269
-6602
-6664
-6028
-4107
-1925
-180
745
1155
767
-259
-1836
-3731
-5052
-4767
-2561
181
2737
3964
4128
3234
1616
-267
-1933
-3182
-3996
-3360
-1224
1346
2864
3209
2452
1329
194
-650
-1137
-1156
-869
-424
1104
3955
7841
9952
8571
4982
2630
2140
1365
535
186
244
575
2671
5749
7373
6128
2003
-2676
-4868
-3866
-1732
-307
1036
2460
3489
4748
4857
4052
1316
-2361
-5351
-6027
-4518
-3562
-2461
-1327
163
529
487
-6
-1632
-3221
-4684
-4784
-4109
-3015
-1666
-540
807
1018
-310
-2045
-3327
-4439
-6147
-7138
-7063
-5593
-3319
-986
486
1171
1034
-284
-2070
-2881
-2894
-2477
-1869
-1171
-212
1083
3057
3462
2913
1594
-105
-1654
-2426
-2309
-2049
-588
1144
2410
2724
2848
2934
2485
1701
128
-112
1520
4873
7321
7224
5934
5817
6956
5992
3212
1081
336
-275
225
2401
4923
5847
4450
1533
-551
-1193
-1170
-1759
-2122
-1225
21
2214
3124
3271
2538
1269
-362
-2046
-2705
-3477
-3285
-2595
-1384
-870
-954
-687
-1141
-2158
-3947
-4884
-4853
-4489
-3137
-1555
-54
-94
-1014
-2165
-3046
-3427
-3807
-3996
-4430
-4495
-3790
-2158
-1005
-786
-1442
-2092
-2153
-1709
-1444
-1167
-1070
-1221
-1039
41
1707
1958
1348
397
-577
-1144
-1123
-750
-931
-757
-396
39
204
658
1163
1581
1465
1567
3069
5568
7406
6467
5070
4530
5546
4246
1910
842
1832
2046
1337
2779
4974
5472
3332
871
-56
55
-31
-431
-838
145
923
1554
1447
1679
2148
1431
76
-1825
-1568
-1361
-1782
-2285
-1915
-1100
-1308
-654
-173
-35
-600
-1828
-2877
-4074
-4112
-3102
-1992
-1794
-2106
-1863
-1605
-1735
-3028
-3572
-4713
-5817
-6459
-5265
-3127
-1638
-1032
-916
-94
700
530
-796
-1640
-2289
-2487
-2093
-1163
-603
166
1007
1010
1135
1235
684
-1304
-1873
-1495
-1394
-1882
-1573
241
1526
2312
2213
3649
5572
7442
7075
6575
6355
6331
4753
2208
1845
2126
599
-2007
-628
3358
5474
4172
2708
2689
2273
549
-261
141
586
183
-130
1091
2355
4276
4046
1951
-738
-1498
-1264
-2741
-3393
-2934
-1465
-1727
-1479
-211
285
-573
-2393
-2612
-2514
-2040
-2072
-1799
-1778
-2130
-2576
-2768
-2659
-3090
-3831
-4299
-4312
-4340
-4519
-4139
-3400
-2982
-2223
-1141
-49
228
387
377
-140
-791
-902
-627
-1177
-1923
-2137
-1924
-2070
-1757
-794
-326
-186
433
588
-215
-1120
-657
-564
-698
-636
1220
3548
6045
7131
7042
7046
7075
6143
3595
2531
2252
1095
-1386
-1045
2112
4520
3851
3212
3382
2652
333
-569
633
713
68
-527
688
1204
2436
3548
2752
790
-292
610
-349
-1581
-1750
-893
-1286
-2128
-647
594
298
-1377
-1768
-1762
-1786
-1740
-1474
-1156
-1390
-1680
-2093
-1775
-2194
-3262
-4550
-4721
-4709
-4414
-3667
-2729
-2535
-2755
-2385
-1642
-711
-329
-194
-938
-1407
-1103
-200
-178
-381
-54
-370
-1503
-1896
-1350
-1807
-2877
-2850
-2153
-2117
-2059
-751
418
544
-207
754
2899
5223
6016
6004
6985
7231
6312
4119
4013
3439
1401
-1468
-872
1973
3783
3173
2993
3446
2618
1014
899
2330
1185
-81
-797
681
930
1697
3220
2416
1009
-16
946
-430
-2192
-2636
-2052
-2106
-2395
-465
961
793
-576
-989
-934
-1627
-1947
-1949
-1542
-1572
-1694
-1555
-1495
-1834
-2701
-3600
-4398
-5179
-5467
-4672
-3488
-2971
-2880
-1373
-4
301
-231
84
34
-611
-675
-180
199
4
422
524
-100
-531
-320
-661
-1696
-1515
-1384
-2195
-3414
-2705
-1640
-1456
-1710
-105
2833
5497
6906
7126
7640
6903
5216
2937
2953
2587
580
-2054
-1505
852
2248
1617
1967
3056
2076
665
1004
3158
2019
442
-249
505
37
-92
1763
1830
788
-262
1174
716
-756
-1451
-1573
-2694
-3729
-2021
-237
-169
-1005
-584
150
281
616
740
-109
-1590
-2086
-1671
-1638
-2309
-2784
-2761
-2505
-2775
-3200
-3200
-3432
-4380
-4780
-3105
-1159
-64
350
1504
1750
828
111
-149
-807
-1750
-1486
-722
-413
-422
293
429
-271
-1010
-1389
-2094
-2734
-2396
-1897
-2007
-1992
-21
2667
4758
4974
5929
6942
7038
5469
4701
4328
2187
-1237
-2508
-767
521
32
-2
1795
2098
1016
973
3568
3642
1246
-162
691
1017
-455
363
1552
1510
-412
153
1641
1344
-124
-369
316
-566
-1038
-694
-499
-1696
-2534
-2273
-1852
-1001
154
540
-32
-622
-52
69
-936
-2280
-2898
-3510
-4294
-4582
-3603
-2554
-2472
-3101
-2796
-1711
-1401
-1689
-924
604
693
143
566
1443
949
154
287
16
-1542
-2323
-1717
-1219
-1516
-1332
-663
-594
-1050
-1255
-1645
-2065
-1361
722
2934
3872
5602
6995
7183
5869
5726
4956
2078
-1842
-2348
-594
68
-491
-100
1798
1219
149
312
3435
3331
1073
-285
946
1531
120
584
1406
1410
-541
-473
631
975
18
-642
-671
-992
-1392
-1459
-1123
-895
-732
-765
-1094
-788
-241
-119
-490
-627
-404
-705
-1394
-1911
-2036
-2525
-3417
-4086
-3424
-2427
-1990
-2701
-2702
-2424
-1755
-1239
-75
821
696
220
24
431
-212
-266
-206
693
722
366
236
314
-140
-1616
-2285
-2171
-2271
-2824
-3191
-1705
370
2579
3294
4009
5708
6379
5602
4811
6108
5366
2301
-752
160
835
12
-1611
-533
181
-814
-956
1825
5092
3565
1525
376
1381
100
-950
-1087
-772
-919
-1065
547
1660
2291
1650
1266
280
-209
-300
-856
-1932
-2201
-1619
-1519
-2130
-1901
-1261
-1221
-1316
-584
882
655
-310
-1017
-1008
-1778
-3248
-3773
-3912
-3757
-3920
-3124
-2080
-1561
-1685
-1311
86
870
698
402
696
561
163
-169
116
-19
57
-159
-182
-324
-637
-1099
-1305
-538
-371
-925
-1925
-1027
323
1456
1217
1941
3726
4745
4653
4751
6263
5868
3251
392
557
554
-662
-2137
-1039
-779
-1593
-1288
1705
3978
2522
1523
1412
2034
804
1022
1056
26
-1775
-1986
-580
-52
225
101
550
594
1486
2149
1703
147
-1083
-1419
-1818
-2333
-2056
-1625
-1897
-2522
-1752
-137
390
-55
-539
-590
-1565
-2922
-3506
-3085
-3063
-3718
-3660
-2518
-1829
-2098
-2047
-776
-80
108
396
964
757
-144
-138
55
89
-68
101
503
693
808
402
-205
-787
-1496
-2139
-3026
-2019
-387
1760
2725
3962
4915
5019
4908
4941
5304
4003
2299
470
910
1181
1342
187
-34
-1287
-2722
-2781
-118
2540
1917
1525
1940
3373
2665
2676
2317
505
-2614
-3719
-2390
-1291
-972
-700
141
561
1470
2047
1327
-413
-1381
-1728
-1979
-1791
-721
-629
-1206
-1721
-977
-2
-55
-437
-691
-514
-1036
-1844
-1946
-1547
-1485
-2415
-3106
-2939
-2671
-2824
-2656
-1272
-326
-303
-245
531
1067
612
159
-4
46
-47
-185
82
151
148
5
229
304
-288
-1454
-2507
-2322
-1555
-122
647
1586
2541
3464
4051
4952
6136
6019
3964
1585
1007
670
1
-1185
-792
-1442
-2656
-2856
-285
2217
1627
859
1187
2733
2015
1906
2504
2429
368
-1313
-736
-376
-886
-1950
-1709
-1110
100
1191
1361
869
192
-133
-1079
-1810
-1582
-1629
-2211
-2528
-1210
147
190
-149
-211
20
-692
-1554
-1895
-1910
-1849
-2163
-1820
-1455
-1236
-1499
-1200
-469
-457
-994
-1336
-908
-446
-80
345
659
615
458
355
766
1034
839
115
17
217
-128
-857
-1786
-1821
-1956
-1068
-428
734
1610
2762
3661
4723
5838
5755
4539
2673
2667
2049
1033
-1082
-1225
-2314
-3605
-3825
-1395
899
98
-217
409
2265
1817
1899
2531
2301
513
-790
-83
618
182
-1023
-1395
-1184
-414
275
400
314
157
203
-291
-712
-532
-697
-1144
-1829
-1368
-970
-898
-812
-262
-64
-619
-1183
-1441
-1733
-2284
-2572
-2530
-2365
-2174
-1816
-958
293
729
390
-124
-132
-399
-827
-733
-489
-448
-608
-368
198
484
731
601
895
592
210
-540
-932
-897
-529
414
575
1060
1438
2404
2206
2759
3366
4160
3220
2444
3141
3534
2529
324
167
-1242
-2911
-4182
-2040
-626
-1236
-1614
-144
1806
1103
1306
1739
1704
126
-408
375
695
59
-765
-666
-255
356
584
305
-21
-205
-51
-316
-591
-833
-1262
-1482
-1659
-726
-213
-393
-748
-427
14
-180
-358
-461
-772
-1389
-2283
-2347
-2491
-2271
-2464
-1714
-620
70
623
947
1407
1088
662
402
418
581
805
556
204
-134
20
111
337
262
-180
-801
-1126
-715
-32
740
695
644
861
1974
2525
3141
3613
3761
2564
1315
1703
1906
1243
-312
-264
-801
-2128
-3218
-1680
-350
-1200
-2087
-1304
338
-176
-157
350
535
-501
-790
259
675
-10
-1091
-1096
-460
381
609
406
318
334
589
537
583
260
-461
-1174
-1487
-922
-614
-655
-707
-323
212
144
-93
-196
-122
-472
-1285
-1466
-1460
-1331
-1886
-1625
-955
-559
-326
85
800
961
1092
1338
1322
1235
1125
876
338
22
201
112
-213
-511
-527
-745
-1171
-1169
-528
260
259
107
438
1615
2276
2723
3145
3428
2596
1178
1462
1997
1818
35
-471
-896
-1924
-2940
-1862
-495
-1223
-2206
-1739
62
53
-247
155
271
-480
-1142
-273
377
-158
-1167
-1350
-559
301
546
318
18
-276
-38
168
599
738
479
8
-389
131
465
398
1
25
212
82
-271
-504
-123
-121
-668
-1274
-1140
-984
-1651
-2021
-1476
-771
-645
-388
472
1280
1328
1319
1459
1591
1176
787
529
321
94
-40
157
226
-37
-541
-845
-1217
-1202
-762
30
121
40
575
1826
2229
2443
2963
3467
2430
1274
1632
2157
1626
-75
-657
-1348
-2356
-2815
-1490
-555
-1641
-2335
-1598
-283
-503
-442
176
6
-851
-1290
90
547
-499
-1514
-1285
-650
-924
-1126
-829
-800
-870
-761
83
675
455
16
-10
398
636
1013
1310
1215
1096
1099
1148
416
-163
-404
-814
-1659
-1959
-1428
-1175
-1254
-939
190
863
978
1042
1651
1768
1444
1103
1351
1206
627
442
532
293
-445
-623
-468
-395
-611
-806
-801
-1037
-1077
-656
-99
-130
-215
130
918
1197
1648
2340
2811
2325
1463
1647
1724
1183
-263
-831
-1396
-2044
-2630
-2096
-1200
-1458
-1580
-1114
130
125
31
468
443
-414
-873
-9
333
-566
-1170
-717
-534
-1156
-1220
-493
-336
-1090
-1147
-441
-302
-711
-472
407
457
594
1182
2045
1893
1582
1653
1294
440
-158
-32
-728
-1604
-1923
-1745
-1982
-2164
-1388
-246
552
1044
1879
2585
2743
2393
2459
2383
1636
579
-68
-340
-877
-1220
-1148
-1122
-1329
-1390
-1060
-667
-486
-589
-1052
-883
-134
574
641
660
1472
1982
1745
1512
1992
2252
1195
490
845
1334
418
-667
-1076
-1205
-2004
-2500
-1759
-921
-707
-947
-211
674
1027
866
714
704
105
-296
-483
-315
-558
-1242
-1865
-1807
-1269
-1169
-1355
-1721
-1552
-1313
-973
-677
-220
190
354
724
1319
2078
2499
2536
2235
1980
1870
1124
-63
-1300
-1903
-2237
-2699
-2480
-1560
-590
12
1322
2801
3578
3538
3517
3567
2867
1836
1122
823
313
-490
-1057
-1399
-1820
-2671
-3232
-3066
-2486
-2124
-2031
-1528
-866
-400
-566
-531
119
752
809
451
587
846
1192
1330
1451
1062
23
-728
-858
-462
-686
-1115
-1658
-1687
-1287
-645
-17
337
599
806
1345
1761
2063
1931
1382
944
490
373
-251
-1144
-1516
-1638
-1420
-1699
-1454
-1222
-1095
-1087
-998
-564
-348
-14
397
1191
1781
1966
2190
2420
2537
2179
1660
608
-563
-1592
-2173
-2379
-2505
-2035
-1245
-260
786
1851
2929
3567
3664
3551
3242
2629
1779
1110
706
80
-834
-1392
-1905
-2559
-3090
-3047
-2782
-2968
-2760
-2042
-1172
-958
-868
-371
58
159
-130
-295
-631
-570
-443
-309
-281
-458
-611
-850
-740
-558
-662
-1254
-1518
-973
-9
477
653
911
1090
1265
1782
2338
2388
1957
1809
2048
2291
2120
1820
1667
1309
942
643
442
-92
-670
-965
-893
-699
-321
-49
61
255
651
1042
925
874
1045
1197
1032
733
423
-331
-1291
-1921
-2194
-2391
-2292
-1768
-880
-48
973
2120
2820
2836
2429
1937
1510
992
389
-248
-796
-1176
-1566
-1831
-2152
-2317
-2742
-3238
-3428
-3082
-2548
-2176
-1746
-1380
-913
-206
286
492
332
150
-148
-740
-1283
-1770
-1892
-2157
-2325
-2168
-2128
-2352
-2265
-1759
-1354
-1039
-294
498
811
1051
1669
2451
2553
2141
2169
2374
2083
1639
1716
2058
1925
1819
2151
2599
2450
2145
2429
2638
2541
2370
2560
2613
2369
2355
2470
2551
2255
2085
1904
1449
876
462
63
-647
-1292
-1506
-1604
-1824
-2008
-1697
-1217
-677
1
751
1360
1552
1483
1262
811
17
-838
-1769
-2510
-3154
-3359
-3286
-3179
-3130
-3345
-3164
-3010
-2878
-2988
-2968
-2789
-2612
-2078
-1296
-466
-117
-93
-249
-320
-567
-1016
-1533
-1866
-2016
-2096
-2011
-1871
-1645
-1632
-1655
-1554
-1016
-513
-194
277
990
1695
2008
2135
2349
2371
2029
1567
1476
1580
1199
845
985
1555
1603
1478
1798
2285
2225
2140
2835
3620
3693
3588
4264
4960
5029
4744
4637
4115
3159
2515
2037
1458
521
28
-212
-422
-573
-520
-320
-201
168
640
981
897
564
366
141
-240
-729
-1328
-2042
-2880
-3343
-3458
-3530
-3836
-4253
-4114
-3864
-3659
-3469
-3260
-3227
-3394
-3403
-3284
-3022
-2664
-2072
-1635
-1386
-1147
-1081
-1560
-2125
-2279
-2310
-2795
-3176
-2812
-2264
-2058
-1821
-1123
-776
-803
-546
140
763
900
1133
1734
2212
2315
2291
2483
2448
2025
1560
1442
1354
1076
866
941
1103
1171
1380
1794
2317
2538
2838
3149
3445
3920
4351
4621
4371
4175
4013
3705
3226
2656
2211
1714
1416
1454
1546
1491
1593
1856
2048
2032
2054
2088
1851
1548
1279
943
335
-426
-1131
-1808
-2302
-2632
-2906
-3262
-3479
-3496
-3366
-3234
-3239
-3119
-2914
-2719
-2722
-2811
-2720
-2440
-2483
-2661
-2642
-2718
-3226
-3677
-3551
-3291
-3458
-3778
-3641
-3277
-3053
-3015
-2598
-2323
-2240
-1939
-1295
-668
-571
-500
-171
331
731
1008
1260
1356
1439
1601
1856
1887
1430
951
783
721
701
771
945
1289
1813
2590
3184
3286
3394
3737
3904
3775
3713
3749
3279
2769
2615
2717
2446
1994
1865
1936
1931
2164
2705
2842
2497
2260
2389
2451
2151
1917
1810
1235
540
226
379
197
-318
-813
-1045
-1378
-2001
-2300
-2468
-2678
-3127
-3122
-2647
-2296
-2328
-2208
-1696
-1442
-1641
-1888
-1900
-2201
-2749
-3054
-3120
-3365
-3690
-3700
-3497
-3251
-2983
-2582
-2364
-2316
-1928
-1521
-1379
-1469
-1279
-854
-529
-375
-261
168
410
495
589
953
1017
694
439
555
511
89
-121
-82
-8
-4
439
1029
1417
1841
2483
2987
2962
2909
3122
3066
2595
2226
2148
1837
1531
1604
1880
1925
1910
2216
2552
2577
2384
2355
2084
1615
1351
1424
1304
895
537
533
515
237
94
127
-2
-365
-600
-665
-905
-1500
-1943
-2040
-2119
-2254
-2204
-1933
-1597
-1383
-1100
-846
-907
-1305
-1679
-1935
-2320
-2626
-2824
-2903
-2984
-2693
-2250
-2090
-2033
-1680
-1125
-828
-711
-389
10
129
116
374
763
880
698
689
1060
1359
1411
1375
1406
1097
732
557
533
338
-66
-97
-43
132
458
1142
1610
1526
1559
1813
1872
1706
1571
1410
961
587
592
742
607
598
844
1016
982
1090
1369
1248
894
731
823
474
-5
-231
-153
-357
-635
-622
-505
-627
-830
-736
-610
-774
-1099
-1221
-1395
-1683
-1925
-1894
-1665
-1575
-1472
-1208
-887
-704
-662
-706
-771
-935
-1253
-1518
-1683
-1934
-2084
-2180
-2168
-2082
-1777
-1385
-1019
-684
-373
5
226
552
860
1148
1170
1185
1345
1579
1607
1496
1630
1877
1787
1606
1676
1902
1728
1301
1151
1165
1050
823
1084
1413
1597
1656
1869
2151
2188
2085
1950
1638
1240
868
540
236
310
568
604
327
326
612
488
153
115
340
142
-275
-439
-298
-548
-1105
-1311
-1316
-1570
-1911
-1965
-1761
-1737
-1824
-1775
-1632
-1657
-1838
-1895
-1856
-2040
-2263
-2285
-2167
-2066
-1845
-1497
-1307
-1178
-1123
-1101
-1371
-1685
-1856
-1932
-2028
-2069
-1810
-1532
-1377
-1058
-541
-34
233
489
953
1290
1377
1400
1584
1703
1611
1633
1844
1979
1916
1919
2150
2412
2459
2328
2333
2284
2131
2004
2009
2049
1967
2018
2096
2212
2322
2492
2486
2339
2293
2266
2026
1494
1264
1308
1100
671
722
950
766
429
492
657
311
-207
-253
-132
-427
-883
-936
-952
-1295
-1699
-1846
-1956
-2429
-2793
-2799
-2694
-2775
-2835
-2665
-2520
-2579
-2702
-2703
-2677
-2753
-2892
-2801
-2751
-2733
-2580
-2322
-2278
-2368
-2387
-2447
-2707
-3002
-2972
-2835
-2828
-2680
-2130
-1441
-946
-553
39
625
768
838
1165
1507
1599
1630
1865
2092
2026
1868
1965
2189
2275
2387
2531
2579
2618
2800
3029
3133
3233
3284
3234
3192
3290
3432
3413
3135
3069
3039
2844
2592
2530
2420
2085
1755
1809
1900
1596
1231
1245
1415
1210
815
737
824
579
252
263
357
-16
-470
-662
-759
-1283
-1862
-2205
-2448
-2755
-2894
-2748
-2672
-2666
-2657
-2594
-2646
-2650
-2575
-2604
-2810
-2866
-2814
-2788
-2843
-2785
-2633
-2736
-3052
-3234
-3111
-3188
-3433
-3509
-3258
-3012
-2863
-2506
-1800
-1211
-876
-510
-34
396
527
548
628
783
834
818
874
958
1137
1283
1447
1544
1592
1571
1690
1908
2114
2416
2691
2884
3012
3246
3353
3321
3198
3140
3030
2849
2841
2864
2613
2238
2168
2217
2045
1718
1712
1845
1713
1416
1416
1537
1413
1274
1422
1502
1260
888
776
647
185
-247
-617
-1025
-1548
-1826
-1912
-2086
-2347
-2366
-2199
-2111
-2097
-1914
-1773
-1840
-1870
-1887
-1977
-2313
-2520
-2507
-2562
-2850
-2994
-2804
-2799
-3002
-3097
-2941
-2867
-2922
-2739
-2282
-1974
-1797
-1427
-841
-454
-230
55
319
313
229
319
324
146
74
207
275
252
342
602
781
896
1145
1476
1654
1792
2042
2311
2346
2283
2389
2507
2423
2251
2309
2311
2056
1827
1905
2070
1864
1630
1693
1818
1697
1493
1565
1556
1355
1222
1390
1452
1240
1102
1249
1326
1076
876
693
214
-375
-653
-728
-978
-1344
-1447
-1380
-1374
-1354
-1138
-916
-948
-972
-845
-844
-1104
-1344
-1393
-1570
-1902
-2207
-2309
-2500
-2844
-2941
-2735
-2592
-2581
-2379
-1986
-1687
-1551
-1379
-1075
-820
-716
-466
-99
154
276
383
534
521
452
314
160
-26
-154
-187
-140
-29
199
414
512
712
1035
1379
1512
1501
1570
1568
1399
1358
1446
1571
1433
1287
1258
1298
1116
827
860
953
913
788
931
1080
1040
965
1076
1193
1129
1006
1036
1196
1130
928
796
635
274
-94
-370
-647
-983
-1206
-1269
-1241
-1203
-1086
-954
-827
-666
-420
-275
-481
-709
-828
-893
-1154
-1431
-1562
-1681
-1972
-2103
-1974
-1927
-2007
-2001
-1756
-1547
-1471
-1321
-1113
-950
-808
-487
-118
46
185
445
671
812
928
975
878
708
625
590
565
537
604
590
494
511
743
1025
1179
1310
1412
1388
1255
1257
1382
1413
1174
967
995
1045
945
785
790
841
686
492
551
593
418
281
363
511
549
527
548
557
599
593
520
373
248
122
-169
-434
-579
-793
-1069
-1171
-1042
-882
-870
-856
-792
-691
-638
-634
-578
-642
-770
-963
-1166
-1227
-1351
-1654
-1911
-1960
-2058
-2120
-2044
-1865
-1692
-1604
-1384
-1170
-1004
-909
-676
-428
-317
-194
-10
213
373
541
769
908
779
652
656
702
700
739
853
870
901
1030
1216
1332
1398
1371
1335
1311
1375
1483
1563
1513
1410
1414
1416
1282
1086
1005
1059
1057
930
807
763
730
637
648
673
580
370
298
346
384
341
188
26
-79
-213
-333
-513
-714
-884
-1034
-1136
-1066
-961
-952
-926
-871
-785
-703
-686
-641
-587
-706
-919
-1074
-1172
-1266
-1440
-1652
-1749
-1913
-2052
-1983
-1803
-1807
-1872
-1760
-1586
-1350
-1137
-866
-599
-427
-202
31
198
340
400
419
492
589
580
471
432
462
515
492
475
502
581
728
889
1077
1182
1149
1169
1255
1369
1386
1276
1226
1324
1415
1453
1441
1361
1347
1332
1394
1404
1288
1151
1084
1121
1127
1120
1016
913
833
764
702
587
378
145
15
-42
-126
-293
-462
-573
-734
-868
-904
-893
-959
-984
-789
-594
-614
-614
-429
-348
-542
-741
-783
-879
-1052
-1226
-1283
-1451
-1730
-1821
-1691
-1702
-1800
-1805
-1839
-1817
-1703
-1407
-1192
-1103
-945
-699
-460
-267
-32
137
202
248
353
399
335
282
313
268
199
196
252
302
346
384
426
439
399
417
478
580
590
598
646
771
855
912
1002
1071
1098
1127
1111
1100
1160
1138
1159
1153
1157
1141
1116
1131
1119
1058
937
876
792
632
531
471
317
85
-100
-230
-345
-476
-478
-454
-550
-591
-448
-388
-408
-328
-186
-135
-238
-236
-179
-215
-395
-529
-597
-723
-885
-924
-958
-989
-1061
-1215
-1320
-1388
-1377
-1334
-1223
-1069
-900
-740
-584
-358
-198
-186
-124
4
136
216
247
307
340
235
159
155
203
162
65
48
64
13
5
0
-36
-141
-250
-279
-187
-104
-23
71
170
326
496
617
688
760
735
709
651
705
752
778
799
859
912
855
781
653
589
530
461
418
321
245
204
144
36
-7
-73
-272
-409
-397
-295
-226
-160
-71
64
125
109
149
130
72
-23
-74
-66
-52
-54
-118
-154
-184
-259
-403
-502
-507
-540
-630
-605
-551
-528
-497
-386
-200
-30
34
43
90
109
134
113
151
136
101
49
68
175
159
69
-43
-89
-107
-128
-185
-240
-372
-524
-589
-560
-528
-563
-561
-441
-331
-229
-126
-11
63
111
176
215
210
158
155
198
251
304
344
330
273
308
329
295
231
139
64
27
-2
-13
-37
-127
-267
-338
-298
-272
-231
-196
-103
-10
55
114
174
121
42
-20
-75
-119
-122
-127
-127
-85
-18
19
-1
29
17
-25
-85
-123
-66
-10
19
151
360
449
431
548
689
719
700
691
688
601
479
416
477
471
393
325
349
371
356
320
240
143
3
-134
-228
-314
-424
-484
-466
-422
-368
-316
-216
-148
-124
-62
-15
-51
-121
-147
-187
-248
-311
-349
-375
-407
-332
-266
-237
-259
-294
-245
-284
-315
-280
-335
-508
-580
-526
-464
-480
-428
-301
-279
-290
-196
5
128
117
11
-8
-27
-145
-241
-220
-154
-119
-85
-7
110
145
118
139
190
176
146
135
154
185
270
369
428
491
610
730
739
717
729
720
695
702
714
663
550
450
427
487
490
479
419
380
306
235
181
5
-201
-335
-360
-394
-383
-365
-331
-243
-155
-49
17
-2
-58
-50
-77
-120
-153
-198
-310
-341
-333
-297
-354
-426
-437
-446
-480
-515
-489
-521
-575
-652
-617
-564
-607
-658
-603
-546
-484
-376
-195
-93
-53
-45
-104
-125
-196
-318
-414
-417
-408
-356
-310
-211
-67
10
39
68
127
133
122
107
125
208
283
372
455
540
617
663
695
691
682
673
648
597
498
461
409
408
461
482
456
446
439
391
436
441
375
250
173
131
76
1
-13
-54
-69
3
96
206
208
200
194
169
88
38
26
-37
-87
-94
-26
-2
-83
-122
-105
-127
-207
-219
-264
-331
-436
-474
-455
-454
-439
-405
-341
-276
-225
-140
-22
8
46
88
87
31
-31
-65
-173
-270
-334
-378
-389
-359
-345
-345
-367
-385
-345
-300
-239
-217
-189
-89
12
151
242
274
299
315
293
255
180
163
148
67
-2
-27
-100
-188
-206
-166
-121
-157
-196
-123
-76
-77
-84
-79
16
14
-61
-129
-160
-198
-255
-230
-119
-53
-81
-29
100
171
161
184
193
219
232
252
336
355
268
229
232
198
170
155
115
42
3
11
-1
-25
4
5
0
38
160
274
342
395
415
450
500
524
537
518
401
322
289
258
202
183
142
83
23
-40
-11
-16
-62
-20
24
56
82
162
220
215
233
221
160
55
49
69
-10
-111
-121
-152
-276
-375
-367
-377
-451
-541
-581
-550
-588
-726
-738
-658
-668
-683
-676
-626
-583
-549
-559
-516
-513
-601
-626
-537
-451
-413
-336
-269
-178
-85
-27
13
81
104
112
148
174
174
128
90
91
96
84
61
92
139
171
190
206
294
355
369
402
441
451
451
467
559
663
640
646
690
717
690
692
704
626
512
451
448
429
395
404
459
506
525
527
504
470
430
391
329
223
143
95
-1
-94
-115
-123
-151
-210
-268
-283
-316
-402
-454
-485
-581
-736
-838
-841
-771
-772
-817
-802
-820
-834
-792
-742
-754
-807
-868
-846
-810
-826
-805
-775
-704
-626
-512
-360
-249
-135
-28
60
128
139
118
134
183
160
135
134
155
235
276
305
329
361
393
432
500
538
533
485
481
549
623
638
643
646
689
712
743
729
694
627
549
523
507
466
458
518
519
543
576
606
561
523
477
364
228
113
3
-106
-226
-317
-303
-299
-273
-276
-280
-278
-320
-343
-330
-369
-469
-566
-636
-647
-649
-658
-641
-597
-572
-552
-487
-470
-480
-491
-511
-538
-547
-575
-582
-553
-524
-465
-378
-319
-244
-110
-4
72
89
113
138
135
92
72
46
28
61
121
182
202
257
303
323
347
340
292
230
232
258
310
365
338
353
405
445
482
522
506
498
461
423
438
339
299
301
317
339
344
405
448
449
434
406
364
261
120
1
-152
-325
-431
-474
-453
-444
-427
-404
-379
-356
-340
-339
-389
-463
-504
-562
-629
-593
-534
-518
-508
-473
-409
-409
-457
-468
-440
-457
-469
-478
-460
-454
-488
-440
-364
-294
-210
-95
10
133
189
233
295
334
352
362
324
264
284
280
309
332
349
391
441
476
490
498
429
373
361
350
322
325
300
301
363
404
449
460
457
425
390
365
332
277
315
356
374
392
431
489
506
472
469
422
297
251
176
100
-40
-182
-281
-376
-451
-520
-555
-560
-585
-547
-522
-555
-555
-568
-604
-666
-720
-714
-721
-739
-699
-664
-631
-589
-571
-520
-488
-484
-492
-528
-562
-565
-547
-479
-379
-289
-196
-70
32
92
142
236
313
345
385
442
459
472
487
522
561
568
579
606
680
713
735
767
781
769
705
631
576
503
443
415
426
457
441
450
506
508
435
343
302
298
221
156
146
141
158
182
193
206
180
80
5
-15
-33
-152
-275
-395
-486
-530
-600
-674
-740
-801
-868
-876
-889
-884
-881
-901
-914
-887
-881
-916
-911
-880
-826
-816
-749
-716
-675
-642
-607
-571
-556
-573
-594
-534
-475
-447
-411
-363
-308
-179
-101
0
127
215
236
295
400
488
528
545
631
714
795
841
854
911
931
933
981
1044
1088
1055
1022
1051
1058
1049
1042
1022
1001
957
902
902
885
840
756
712
730
682
598
538
538
504
447
426
394
323
232
158
106
75
-5
-132
-227
-338
-419
-478
-529
-599
-706
-805
-880
-928
-971
-1031
-1087
-1120
-1138
-1152
-1172
-1186
-1219
-1262
-1234
-1213
-1168
-1106
-1104
-1063
-1008
-959
-916
-894
-861
-823
-776
-715
-649
-563
-489
-407
-303
-187
-107
-30
34
107
204
297
331
337
402
508
616
696
785
860
903
908
980
1039
1019
966
959
950
951
946
958
944
901
892
906
921
882
840
806
820
803
750
698
656
580
553
562
532
484
433
381
336
295
246
181
96
-1
-123
-199
-290
-347
-413
-521
-581
-615
-644
-720
-803
-820
-849
-891
-922
-942
-972
-1005
-1051
-1054
-1023
-1016
-1010
-983
-948
-906
-877
-838
-803
-774
-741
-710
-698
-613
-554
-499
-377
-290
-177
-100
-74
-24
65
106
110
115
115
162
208
286
405
514
584
662
770
846
872
867
870
864
836
821
806
762
732
726
751
784
805
815
799
794
786
752
706
678
655
594
578
552
517
466
400
364
317
254
188
121
55
-2
-82
-153
-215
-280
-347
-374
-417
-449
-504
-567
-602
-612
-646
-673
-701
-740
-788
-813
-806
-846
-866
-880
-844
-794
-778
-756
-711
-667
-666
-652
-630
-621
-585
-550
-479
-425
-345
-281
-255
-204
-125
-34
40
79
80
85
85
71
104
183
246
290
354
446
568
635
668
705
700
644
604
600
551
513
482
496
522
550
544
571
601
556
542
525
510
488
461
447
456
420
393
379
366
358
327
258
194
169
102
25
-34
-111
-200
-273
-308
-322
-349
-384
-421
-450
-463
-491
-540
-548
-592
-653
-658
-679
-707
-735
-752
-742
-689
-652
-635
-587
-574
-571
-519
-493
-459
-429
-389
-311
-257
-180
-118
-98
-65
19
105
158
177
178
184
186
171
154
191
253
308
339
436
537
550
605
702
732
734
718
686
646
607
574
555
565
523
490
511
512
515
495
463
436
395
344
333
298
278
242
225
241
254
263
186
155
129
72
4
-48
-144
-227
-305
-372
-407
-437
-503
-558
-583
-575
-624
-657
-666
-715
-758
-805
-822
-856
-904
-915
-895
-868
-840
-782
-718
-684
-614
-592
-542
-489
-435
-416
-356
-283
-208
-107
-19
67
139
224
273
318
322
349
409
407
405
434
455
471
524
615
725
752
770
848
869
851
855
838
818
788
738
701
687
628
550
519
502
438
355
311
269
230
206
184
143
104
63
-7
-37
-40
-72
-111
-141
-130
-169
-209
-255
-298
-353
-429
-499
-521
-522
-539
-559
-557
-536
-546
-574
-573
-605
-648
-691
-739
-739
-777
-808
-807
-768
-762
-754
-702
-681
-639
-601
-542
-468
-430
-387
-281
-230
-159
-73
-15
48
138
214
266
344
353
390
404
428
477
513
522
528
541
594
662
687
734
775
815
832
854
857
828
813
788
780
781
736
691
661
649
646
621
585
535
490
450
396
355
325
240
186
179
135
68
21
-43
-108
-141
-212
-262
-297
-364
-416
-472
-509
-535
-574
-630
-673
-684
-719
-726
-727
-732
-740
-741
-750
-743
-727
-794
-824
-868
-906
-915
-906
-891
-851
-805
-789
-743
-672
-615
-538
-452
-373
-272
-236
-154
-44
71
105
158
248
284
315
363
415
468
493
510
527
584
615
626
645
691
742
751
799
849
850
841
847
858
843
827
792
751
712
668
669
644
635
621
587
540
491
456
431
415
402
391
368
278
224
152
45
-36
-99
-146
-211
-300
-360
-389
-470
-543
-586
-603
-634
-684
-731
-775
-816
-825
-832
-823
-808
-836
-857
-821
-847
-885
-875
-886
-922
-920
-888
-867
-824
-779
-718
-657
-612
-537
-454
-412
-372
-305
-233
-172
-102
-10
74
136
200
271
336
399
441
518
571
588
622
666
710
775
778
810
853
868
881
917
952
953
948
946
933
890
840
781
745
680
624
594
582
540
503
490
467
455
418
399
366
288
244
193
138
80
34
-40
-121
-177
-232
-278
-349
-426
-449
-475
-521
-581
-642
-696
-747
-785
-800
-789
-819
-844
-834
-829
-829
-813
-820
-839
-828
-826
-822
-808
-786
-735
-673
-625
-581
-500
-417
-348
-289
-216
-174
-120
-68
-9
62
135
170
224
283
312
368
393
451
477
499
587
619
627
658
677
680
688
697
726
735
753
734
748
756
740
721
680
619
555
494
428
395
349
313
293
289
274
250
214
163
125
99
62
1
-56
-94
-158
-222
-265
-296
-344
-399
-435
-450
-479
-515
-531
-566
-631
-680
-695
-692
-724
-740
-734
-741
-737
-723
-700
-692
-670
-669
-641
-611
-577
-538
-549
-518
-441
-432
-368
-258
-231
-192
-133
-89
-25
5
61
159
200
258
314
385
409
439
502
519
552
590
598
624
633
636
663
670
677
708
724
758
767
771
814
804
780
748
729
675
627
557
504
458
394
355
322
311
273
245
231
199
165
132
97
41
-13
-65
-104
-139
-187
-225
-281
-352
-401
-441
-499
-533
-570
-601
-661
-700
-700
-741
-746
-765
-786
-787
-783
-765
-762
-738
-725
-705
-698
-681
-665
-638
-599
-550
-501
-441
-385
-348
-268
-219
-181
-114
-55
-17
39
96
130
169
233
278
345
417
443
470
523
535
550
558
554
560
564
584
591
619
639
637
648
654
649
640
630
608
608
579
519
479
418
359
313
273
235
162
117
79
50
37
26
21
1
-7
-31
-62
-96
-132
-160
-198
-239
-271
-329
-380
-433
-477
-486
-533
-564
-614
-633
-641
-678
-667
-646
-642
-642
-628
-627
-618
-577
-577
-567
-542
-508
-490
-432
-390
-357
-302
-252
-191
-159
-114
-49
14
28
85
151
174
236
324
329
381
521
596
568
560
534
504
518
507
506
500
488
468
532
597
630
609
577
617
609
654
710
663
605
571
541
492
499
486
394
320
249
177
127
115
101
85
114
76
32
8
-46
-90
-112
-130
-193
-228
-251
-307
-342
-376
-406
-452
-496
-552
-584
-585
-590
-598
-614
-647
-659
-683
-709
-700
-718
-740
-747
-711
-664
-614
-607
-617
-614
-619
-575
-533
-492
-419
-353
-311
-251
-226
-200
-136
-83
-13
81
156
172
196
201
211
261
340
378
441
508
532
517
545
554
525
534
553
583
600
650
689
731
724
712
711
713
689
677
660
642
611
561
542
495
436
389
369
309
302
306
260
228
202
139
96
65
11
-33
-114
-182
-213
-277
-312
-362
-450
-508
-560
-622
-681
-692
-682
-687
-745
-731
-720
-735
-708
-705
-692
-700
-693
-658
-587
-529
-534
-538
-536
-534
-521
-482
-454
-376
-271
-196
-112
-56
-24
-1
-16
6
77
107
156
225
308
356
382
360
377
386
415
439
502
550
550
587
627
617
592
608
611
594
591
627
624
638
644
636
593
531
478
415
365
321
275
251
229
248
291
299
272
218
130
40
-37
-47
-66
-119
-126
-130
-160
-189
-186
-248
-342
-424
-512
-543
-570
-563
-577
-609
-599
-604
-623
-585
-575
-568
-576
-569
-549
-578
-583
-583
-602
-635
-580
-520
-463
-417
-342
-300
-260
-248
-228
-161
-134
-130
-102
-3
50
95
140
178
179
212
246
264
309
309
313
342
378
402
448
457
471
502
508
516
540
521
527
537
524
521
474
444
441
446
457
475
450
368
331
305
274
239
198
173
158
158
170
188
156
128
116
38
0
-29
-103
-170
-229
-274
-310
-328
-304
-303
-317
-322
-336
-370
-425
-437
-477
-490
-490
-485
-419
-373
-366
-338
-338
-377
-388
-377
-354
-334
-307
-279
-270
-235
-213
-234
-190
-188
-185
-142
-92
-27
41
83
112
110
76
53
58
64
88
138
159
152
131
137
161
190
210
224
278
284
305
341
317
281
258
225
243
297
329
357
335
333
308
285
250
235
237
262
262
281
302
270
253
206
143
105
102
80
95
123
109
99
88
10
-68
-146
-235
-269
-280
-285
-253
-250
-280
-294
-303
-332
-313
-315
-331
-310
-302
-289
-280
-292
-285
-269
-296
-306
-305
-309
-276
-252
-221
-146
-102
-100
-80
-70
-121
-126
-120
-92
-72
-53
21
26
35
62
97
97
105
113
126
162
152
153
119
92
112
145
165
181
246
288
264
252
264
214
158
111
60
71
75
87
139
202
190
172
137
105
74
66
81
139
162
174
203
173
136
77
26
-54
-86
-113
-126
-155
-156
-148
-124
-95
-134
-177
-267
-343
-373
-400
-391
-339
-288
-252
-194
-114
-82
-109
-121
-153
-199
-209
-223
-186
-191
-192
-127
-61
9
81
152
184
174
123
106
78
35
54
93
133
196
290
350
379
383
324
259
193
150
130
153
221
272
350
365
349
371
329
259
188
139
99
61
72
117
132
132
138
134
100
56
34
23
-52
-134
-166
-169
-136
-90
-3
48
80
67
41
4
-77
-152
-222
-268
-340
-345
-289
-246
-226
-199
-183
-221
-255
-267
-298
-332
-355
-338
-293
-249
-189
-132
-102
-83
-110
-115
-109
-120
-138
-139
-77
-62
-84
-74
-20
19
-2
13
35
3
-25
-26
-7
38
63
66
84
92
97
92
67
71
47
82
137
146
177
176
169
126
95
112
133
121
136
153
138
115
84
52
25
3
-42
-38
-12
-5
-7
14
35
33
10
15
24
3
13
48
71
62
83
74
25
6
-34
-83
-112
-103
-50
-32
-17
-15
-26
-61
-101
-122
-128
-108
-84
-42
30
68
61
94
96
93
88
92
56
40
-6
-25
-3
3
9
32
45
59
59
54
50
58
70
35
10
-10
-34
-55
-26
-28
-21
19
51
52
54
56
20
-13
-30
-40
-21
30
72
104
105
92
76
23
-43
-85
-154
-163
-127
-87
-21
42
97
122
117
73
29
-56
-115
-117
-125
-91
-18
55
120
175
201
217
176
68
-27
-105
-172
-194
-156
-84
-6
81
109
74
57
-29
-126
-232
-276
-272
-215
-115
6
108
127
103
52
-34
-125
-149
-167
-133
-79
-46
1
64
72
66
63
45
6
-40
-46
-44
-57
-61
-16
-11
16
53
70
74
76
32
-28
-75
-114
-145
-143
-99
-48
2
49
104
99
69
26
-45
-95
-134
-135
-138
-102
-43
-12
26
40
38
19
11
1
6
16
50
88
110
139
149
134
138
141
127
108
98
86
48
36
7
-32
-38
-17
13
26
76
108
102
90
78
20
-23
-50
-67
-39
1
77
120
141
115
62
22
-23
-45
-10
24
60
116
135
127
113
86
21
-35
-64
-76
-70
-18
41
64
79
85
53
2
-42
-73
-96
-82
-72
-53
-8
-19
-8
14
-9
-38
-83
-118
-137
-143
-138
-115
-73
-58
-51
-37
-68
-116
-158
-186
-212
-182
-137
-111
-47
-13
14
54
54
-2
-21
-62
-82
-68
-55
-22
-23
-29
-26
-27
-64
-78
-109
-119
-86
-48
6
33
55
48
14
-11
1
-28
-14
26
63
98
157
206
214
220
193
168
111
68
32
35
71
129
172
213
234
179
141
98
16
-53
-79
-67
-40
5
49
77
103
78
46
29
-33
-103
-133
-139
-129
-82
-27
36
35
13
-6
-52
-121
-164
-191
-222
-223
-211
-172
-129
-88
-76
-90
-97
-119
-150
-157
-137
-108
-71
-35
18
32
10
40
29
12
4
-2
-31
-55
-43
-13
3
26
66
100
120
97
114
105
35
-5
-8
2
9
53
112
154
180
202
215
207
186
144
120
108
124
145
172
204
233
233
227
233
201
166
146
115
109
79
76
86
82
72
74
63
36
37
29
6
-1
-31
-68
-71
-84
-78
-73
-54
-30
-47
-89
-128
-165
-205
-226
-241
-245
-244
-263
-251
-227
-238
-239
-214
-226
-260
-233
-228
-223
-223
-213
-189
-189
-184
-172
-164
-159
-142
-135
-107
-101
-102
-88
-67
-26
18
48
70
107
115
125
129
123
96
72
69
74
100
131
186
235
240
261
283
266
242
214
210
196
187
201
239
275
284
297
260
217
171
101
74
53
34
35
22
16
9
-13
-30
-51
-66
-92
-96
-115
-148
-158
-153
-165
-167
-180
-217
-213
-201
-194
-175
-157
-174
-172
-193
-205
-179
-178
-163
-145
-124
-94
-87
-88
-80
-86
-88
-99
-108
-84
-72
-62
-17
10
6
22
21
25
37
42
52
49
41
47
64
80
99
116
134
138
122
128
131
140
135
142
125
138
168
178
187
185
175
155
149
145
155
153
156
175
173
149
151
146
129
120
83
52
41
6
-3
9
31
19
7
-5
-27
-32
-62
-78
-84
-100
-114
-100
-81
-61
-55
-59
-59
-97
-132
-152
-170
-176
-170
-159
-145
-120
-107
-102
-99
-101
-95
-110
-122
-128
-133
-115
-94
-84
-73
-54
-23
-5
-10
-18
-38
-54
-55
-30
-13
-5
11
48
65
67
91
69
53
29
31
24
24
45
59
63
68
74
84
96
96
97
97
75
67
73
89
82
83
101
115
130
116
83
47
5
-27
-36
-44
-44
-27
-33
-8
10
13
10
-8
-46
-63
-88
-105
-89
-92
-90
-62
-42
-53
-57
-67
-101
-133
-154
-151
-148
-123
-104
-100
-96
-102
-109
-118
-126
-135
-132
-124
-119
-102
-76
-64
-48
-20
-17
-13
-12
-22
-9
14
29
46
57
68
76
80
78
108
124
136
161
174
176
166
138
122
118
105
119
148
166
172
176
181
182
165
162
142
118
105
111
130
128
144
145
110
92
67
41
21
0
-16
-24
-31
-30
-32
-47
-55
-69
-80
-104
-100
-109
-121
-110
-103
-101
-92
-88
-83
-100
-117
-118
-138
-150
-143
-127
-110
-88
-69
-63
-83
-80
-66
-74
-80
-71
-68
-66
-57
-37
-24
-4
5
-2
0
2
-2
18
24
38
61
61
66
76
89
63
64
47
39
25
38
67
63
68
77
67
45
55
45
38
44
56
58
69
79
68
60
57
38
20
23
16
1
9
20
11
20
14
-7
-22
-24
-41
-58
-56
-58
-36
-28
-32
-15
-10
-35
-48
-61
-67
-68
-96
-89
-86
-76
-65
-42
-38
-45
-56
-84
-88
-99
-104
-96
-82
-82
-75
-62
-63
-65
-64
-60
-65
-66
-65
-47
-33
-17
0
4
21
31
32
26
30
33
37
53
56
62
68
66
71
68
66
76
70
65
77
84
94
106
110
106
107
99
92
94
94
102
111
107
104
100
89
81
56
43
38
22
14
20
25
39
37
21
1
-14
-36
-42
-40
-45
-33
-15
-17
-9
0
-22
-46
-53
-78
-82
-80
-92
-80
-78
-85
-86
-80
-90
-89
-91
-89
-87
-85
-80
-72
-64
-48
-43
-44
-45
-59
-76
-79
-80
-69
-55
-37
-16
-12
8
16
7
-3
-3
-7
-9
-15
-1
22
34
50
62
78
76
69
77
85
72
69
75
66
67
68
82
87
78
85
88
62
58
60
67
77
85
89
95
86
75
66
57
43
24
21
9
-13
-12
-6
-18
-22
-29
-35
-53
-63
-57
-57
-48
-55
-66
-74
-74
-75
-80
-78
-82
-83
-90
-89
-83
-96
-96
-96
-96
-80
-82
-77
-71
-73
-64
-58
-46
-32
-17
-11
-1
3
-2
12
13
11
27
38
42
55
62
70
81
78
68
69
67
65
69
73
85
81
91
95
100
98
92
90
90
81
77
81
64
64
55
43
44
43
27
20
13
4
1
-3
-6
-15
-20
-33
-43
-51
-61
-51
-64
-76
-72
-74
-79
-63
-56
-67
-51
-52
-65
-62
-66
-69
-65
-54
-48
-40
-44
-39
-39
-39
-35
-34
-30
-44
-37
-43
-54
-46
-33
-29
-32
-22
-18
-23
-19
-5
-5
-4
6
3
7
20
19
24
36
30
36
44
43
41
49
51
43
39
35
36
37
43
46
52
46
40
38
35
39
44
37
34
33
41
37
35
30
26
21
18
21
19
21
19
16
12
7
0
5
-4
-14
-19
-36
-42
-35
-34
-29
-25
-26
-32
-42
-36
-50
-61
-59
-66
-68
-72
-61
-52
-54
-47
-47
-46
-46
-43
-35
-39
-37
-38
-34
-33
-26
-23
-19
-15
-9
-6
-5
-1
-8
5
11
17
30
34
46
42
37
37
43
40
29
33
45
56
73
93
101
98
96
99
94
86
83
87
78
79
79
70
73
67
62
63
57
47
42
38
38
36
37
32
19
12
5
-10
-14
-17
-29
-26
-29
-36
-32
-44
-52
-43
-54
-56
-60
-70
-76
-75
-74
-76
-67
-73
-73
-67
-70
-70
-61
-63
-72
-78
-71
-70
-68
-58
-50
-47
-51
-51
-46
-46
-45
-38
-31
-18
-18
-16
-8
-3
-6
2
12
12
20
29
33
38
41
40
39
38
41
43
45
51
49
48
56
59
63
71
66
63
58
56
55
46
41
37
33
29
27
24
20
16
16
8
9
1
-7
-2
-7
-12
-14
-17
-28
-32
-38
-46
-48
-52
-60
-60
-52
-57
-62
-60
-59
-64
-65
-65
-56
-55
-46
-47
-48
-51
-53
-40
-52
-50
-36
-39
-41
-37
-29
-28
-23
-21
-13
0
5
14
18
20
19
29
32
30
38
30
20
23
31
40
50
58
63
66
67
60
64
58
48
47
53
50
55
60
63
65
57
60
50
44
41
36
30
38
41
39
46
47
42
39
38
33
31
32
31
23
21
22
23
23
20
15
15
4
2
-3
-9
-7
-8
-15
-16
-12
-18
-18
-21
-24
-36
-38
-38
-38
-38
-39
-35
-38
-44
-42
-37
-42
-44
-42
-44
-52
-44
-36
-40
-44
-41
-37
-37
-38
-44
-42
-44
-51
-44
-36
-26
-22
-13
-9
-6
0
-1
-5
-11
-5
-8
-6
-7
2
5
0
10
12
8
13
16
19
24
24
24
19
20
20
18
18
17
11
9
8
6
8
6
9
5
2
1
-8
-2
2
-5
-11
-11
-18
-28
-30
-32
-31
-29
-38
-32
-29
-35
-36
-31
-31
-33
-27
-31
-34
-31
-30
-30
-27
-22
-25
-28
-20
-20
-20
-16
-16
-9
-3
1
7
14
13
25
29
34
39
35
35
43
47
51
55
61
63
66
74
65
68
66
66
69
73
76
73
71
73
72
65
68
63
59
57
58
54
49
41
38
37
30
23
18
14
9
4
1
0
-4
-4
-10
-10
-19
-25
-28
-32
-36
-39
-48
-53
-57
-66
-71
-74
-71
-76
-78
-73
-74
-78
-75
-79
-78
-73
-77
-76
-65
-65
-70
-65
-54
-56
-51
-47
-37
-35
-33
-29
-30
-24
-21
-13
-14
-5
1
8
11
16
18
20
28
29
25
33
39
40
48
59
59
63
61
57
61
60
51
51
53
54
52
60
67
58
55
48
40
44
40
31
27
21
6
10
11
10
5
2
-4
-11
-17
-18
-16
-12
-22
-27
-29
-31
-38
-39
-39
-43
-41
-48
-40
-35
-29
-31
-26
-27
-28
-26
-27
-24
-26
-22
-23
-22
-22
-21
-22
-18
-16
-14
-15
-21
-21
-25
-26
-25
-20
-14
-12
-7
0
-2
2
9
11
16
16
19
17
24
28
40
48
50
49
53
52
48
48
42
43
40
41
38
40
42
47
47
47
48
45
37
35
40
32
29
24
23
21
15
17
11
10
10
6
4
3
-1
-8
-11
-17
-23
-23
-32
-35
-32
-33
-43
-44
-43
-44
-38
-39
-39
-34
-34
-36
-40
-40
-43
-51
-49
-44
-39
-35
-33
-35
-31
-37
-38
-35
-28
-28
-26
-23
-23
-23
-24
-23
-25
-26
-22
-25
-20
-22
-28
-23
-22
-20
-17
-14
-10
-6
-3
3
9
11
6
9
6
1
8
9
11
19
23
28
34
39
37
36
37
37
36
36
34
37
40
41
42
41
38
39
42
40
40
45
44
43
47
50
47
48
44
36
31
23
21
18
15
11
12
8
9
11
10
6
1
-7
-14
-15
-19
-20
-24
-23
-22
-27
-26
-30
-31
-32
-32
-35
-34
-29
-29
-30
-27
-24
-24
-23
-23
-25
-20
-18
-17
-12
-10
-7
-4
-1
-1
2
6
2
2
3
7
9
9
15
13
13
17
18
19
27
27
23
24
17
16
16
17
18
21
15
9
13
15
10
9
6
1
0
-4
-4
-4
-2
-5
-9
-12
-11
-19
-23
-27
-31
-30
-29
-28
-30
-26
-27
-25
-24
-19
-17
-23
-24
-22
-21
-22
-19
-18
-20
-17
-14
-14
-15
-15
-20
-22
-22
-17
-14
-10
-9
-6
-4
-10
-4
3
7
10
7
8
9
8
12
13
11
12
11
6
10
11
11
11
9
10
9
10
9
13
10
13
16
10
17
17
11
14
16
13
16
16
13
11
9
10
10
14
13
17
16
15
21
22
18
17
17
18
15
13
13
10
11
12
11
13
15
7
6
8
6
3
6
5
6
1
2
3
-1
-2
-6
-9
-12
-13
-15
-17
-19
-22
-20
-23
-23
-20
-24
-24
-26
-31
-32
-26
-28
-31
-25
-20
-24
-21
-16
-18
-13
-8
-5
3
3
-1
4
7
5
9
10
9
16
15
17
22
19
19
22
18
16
14
16
19
20
17
14
13
7
7
9
6
7
7
11
11
13
13
11
9
7
5
6
1
-4
-2
-6
-12
-13
-10
-13
-9
-9
-8
-7
-8
-6
-6
-10
-14
-12
-14
-16
-19
-16
-14
-19
-19
-14
-12
-12
-13
-12
-10
-8
-5
-3
-3
0
-1
-3
-3
-7
-6
-7
-7
-3
-6
-5
2
6
3
6
6
3
5
10
11
16
12
14
12
11
13
12
12
11
8
13
12
12
16
13
16
15
15
18
21
20
19
18
10
9
9
6
5
8
5
-1
1
-2
-2
-3
-3
-5
-13
-15
-17
-17
-20
-18
-20
-23
-23
-25
-28
-29
-28
-29
-26
-25
-25
-24
-20
-16
-15
-10
-8
-10
-12
-12
-12
-10
-10
-9
-7
-6
-6
-4
-3
-4
-3
-5
-4
-2
-2
3
8
12
17
16
15
15
18
20
22
23
19
26
30
28
33
33
27
29
25
22
19
13
16
15
16
17
16
17
17
17
19
16
16
14
7
7
9
9
10
11
8
9
7
5
1
-3
-5
-10
-11
-11
-10
-11
-10
-11
-15
-15
-15
-17
-24
-23
-24
-31
-28
-27
-31
-27
-24
-21
-18
-15
-17
-17
-12
-13
-13
-13
-12
-12
-13
-12
-10
-8
-10
-12
-14
-13
-14
-12
-10
-12
-7
-6
-4
1
4
4
9
8
12
11
12
13
13
12
16
15
16
18
23
21
23
25
24
24
22
20
19
15
11
13
9
7
7
7
6
8
6
6
5
2
-2
-5
-4
-6
-7
-4
-4
-1
0
-1
-4
-6
-10
-12
-13
-12
-11
-9
-9
-8
-9
-7
-8
-10
-6
-7
-2
1
0
-4
-3
1
-4
-2
2
3
0
0
-2
0
4
3
1
3
4
2
7
6
2
5
3
-1
3
2
1
3
2
0
3
3
3
4
3
5
5
5
7
8
11
11
13
14
13
14
12
8
9
6
6
8
7
5
6
8
9
7
9
4
1
-1
-5
-8
-12
-10
-10
-12
-11
-10
-13
-21
-18
-18
-21
-16
-14
-13
-15
-16
-15
-16
-15
-17
-15
-16
-16
-17
-15
-14
-8
-7
-7
-4
-4
-7
-8
-5
-4
-4
-6
-3
-3
-2
-2
2
0
0
-1
-1
0
1
2
2
4
5
3
2
3
2
0
2
5
5
4
7
9
2
3
5
1
-1
0
0
1
0
2
5
6
5
7
8
8
8
8
10
13
12
14
12
11
11
9
8
7
8
6
6
8
6
5
5
3
6
6
5
4
6
4
4
5
3
8
7
8
9
9
8
6
4
8
11
9
11
9
11
9
9
10
7
7
9
7
6
6
4
3
0
2
2
-1
2
2
1
1
-1
-1
-2
-3
-3
-4
-6
-4
-5
-5
-6
-10
-13
-15
-18
-18
-20
-20
-19
-15
-15
-11
-12
-15
-12
-15
-15
-14
-14
-16
-15
-17
-14
-14
-10
-8
-7
-7
-7
-4
-3
-1
2
1
0
0
-2
-1
1
1
2
1
1
6
5
2
2
4
4
2
2
3
4
4
2
-1
4
4
5
4
-1
3
-3
-4
-6
-5
-9
-10
-10
-13
-13
-9
-10
-9
-4
-9
-6
-5
-4
-3
0
2
0
0
2
5
6
6
8
9
8
10
8
10
14
14
11
14
9
8
9
10
10
9
10
7
8
9
13
10
12
9
6
7
6
3
5
3
0
3
1
-3
-2
1
-1
-4
-1
0
-4
-4
-3
-6
-7
-6
-7
-7
-5
-5
-4
-4
-1
-3
-2
2
0
1
3
1
1
4
6
5
6
5
7
4
0
6
4
1
2
-1
1
3
-1
0
3
1
-2
0
2
3
3
5
3
4
4
6
7
5
5
6
6
5
7
6
8
7
7
4
2
2
-4
-2
-1
-4
-4
-3
-5
-5
-3
-3
-4
-6
-7
-9
-13
-13
-14
-17
-13
-14
-13
-13
-14
-15
-15
-13
-13
-12
-11
-11
-13
-13
-12
-13
-13
-16
-15
-18
-16
-10
-8
-7
-5
-3
0
4
5
9
12
13
14
15
13
14
16
16
19
17
15
20
17
18
19
17
16
16
16
13
15
12
13
12
10
9
9
6
5
1
-3
-4
-6
-4
-7
-5
-8
-6
-8
-9
-8
-9
-8
-10
-11
-12
-14
-13
-13
-16
-16
-14
-11
-9
-9
-9
-10
-10
-7
-6
-4
-4
-5
-4
-1
-1
-2
-2
2
3
1
0
4
2
4
4
5
7
7
5
5
9
7
8
11
11
13
14
11
12
12
11
11
9
10
7
8
8
11
8
8
8
5
5
4
2
1
-3
-4
-5
-5
-7
-5
-3
-4
-6
-6
-7
-7
-6
-6
-5
-7
-9
-9
-7
-10
-8
-8
-10
-10
-7
-8
-8
-9
-9
-7
-6
-4
-5
-1
0
0
0
1
1
1
-1
0
0
0
2
3
1
1
2
2
3
4
5
5
5
5
3
3
4
1
3
4
4
6
5
5
8
8
6
7
6
6
6
7
8
5
2
0
-2
1
1
-2
1
2
1
0
-2
-2
-3
-2
-4
-2
-3
-5
-5
-8
-7
-5
-6
-4
-5
-5
-7
-6
-4
-4
-4
-4
-7
-6
-6
-4
-1
-3
-3
-3
-2
-3
-3
-4
-6
-7
-6
-4
-1
-1
0
2
2
2
2
4
3
1
-2
-1
3
2
1
3
4
2
5
6
6
7
7
6
5
7
6
9
9
9
9
10
10
10
11
10
9
7
9
6
4
4
5
5
4
5
4
0
1
3
1
1
2
-1
-1
2
-2
-4
-4
-3
-5
-6
-6
-6
-4
-4
-6
-7
-6
-7
-8
-8
-10
-11
-12
-12
-8
-9
-8
-7
-10
-9
-9
-8
-7
-6
-5
-3
-2
-3
-1
-2
-3
-2
-3
-4
-3
-1
-3
-3
-3
-5
-1
0
0
0
-3
-5
-3
-2
3
3
2
1
1
0
1
3
3
4
1
1
3
4
4
6
7
8
9
6
5
5
2
2
-1
-1
-1
-1
0
1
3
0
-1
1
1
1
3
2
1
2
2
4
6
3
1
2
1
2
4
6
4
5
4
3
3
3
1
0
2
-2
-1
1
2
-1
0
-1
-3
-2
-3
-5
-4
-2
-2
-2
-1
-3
-1
-3
-3
-2
-1
-1
0
1
-1
-1
1
1
3
3
3
3
3
2
3
5
5
5
4
6
5
4
5
6
6
7
5
3
3
3
3
5
5
5
5
4
6
4
3
4
4
2
4
4
2
5
5
4
3
4
3
1
2
2
1
2
0
0
0
-1
-2
0
-2
-3
-3
-3
-6
-5
-3
-8
-6
-6
-7
-6
-6
-6
-6
-6
-4
-5
-7
-9
-8
-8
-9
-10
-8
-11
-12
-9
-10
-10
-8
-10
-10
-9
-12
-12
-11
-13
-13
-14
-15
-13
-12
-11
-10
-9
-11
-8
-8
-5
-3
-2
-3
0
0
2
3
4
6
4
4
3
5
4
5
6
7
7
8
9
8
7
7
6
3
6
8
6
7
8
8
5
7
9
8
6
6
4
6
6
7
6
6
7
7
6
4
8
4
4
5
4
3
3
2
4
4
1
1
0
0
-2
0
0
1
1
3
3
3
2
2
4
6
8
8
9
8
8
8
8
7
7
8
6
7
9
7
6
7
7
9
6
5
6
4
2
3
1
-1
-1
-3
-7
-6
-7
-8
-8
-8
-7
-6
-8
-7
-8
-10
-10
-11
-11
-10
-11
-11
-11
-10
-10
-7
-8
-8
-9
-9
-9
-6
-7
-6
-6
-4
-4
-3
0
-2
-2
-1
-1
0
2
3
3
5
5
3
3
1
4
1
0
2
2
1
2
2
0
-1
-1
-2
-2
-2
-4
-4
-4
-5
-4
-5
-6
-2
-1
-2
2
-1
-1
-2
-3
-3
-2
-4
-2
-1
-3
-1
-1
-2
-2
1
2
2
2
0
0
0
2
1
3
4
3
4
4
5
4
6
7
5
3
6
5
3
4
4
5
4
3
2
2
2
3
2
0
-2
-6
-5
-4
-7
-7
-9
-8
-5
-4
-2
1
2
3
1
0
0
-2
-2
-1
-2
-2
-2
-3
-3
-1
-1
0
1
1
1
0
1
-2
-1
-2
-3
-2
0
0
-2
0
0
2
0
1
3
4
5
6
6
6
6
5
5
5
4
3
2
2
2
1
4
3
7
6
6
8
10
11
10
10
7
7
5
4
2
4
5
3
3
4
4
4
8
6
3
3
0
-1
-1
-2
-3
-3
-3
-3
-3
-1
-3
-3
-3
-5
-5
-6
-7
-6
-5
-7
-7
-7
-6
-6
-6
-8
-8
-8
-8
-8
-7
-7
-6
-6
-4
-4
-3
-2
-2
1
-1
-1
-1
-1
0
0
1
0
1
2
2
3
3
2
0
1
3
2
1
3
1
-1
-2
-3
-1
-4
-3
-1
-2
-1
0
0
2
0
-1
-3
-3
-3
-3
-4
-5
-3
-4
-4
-3
-3
-2
-2
-5
-4
-4
-3
-4
-3
-3
-2
-3
-4
-4
-3
-2
-1
1
0
1
1
0
0
2
0
1
3
3
3
3
4
4
3
3
6
8
8
8
7
6
6
6
6
5
7
6
7
5
6
6
4
3
4
4
4
4
5
5
6
7
8
6
6
6
5
6
5
6
6
4
3
3
1
1
1
0
-1
-2
-2
-2
-4
-2
-2
-4
-6
-6
-5
-4
-4
-4
-4
-4
-3
-3
-3
-3
-2
-3
-3
-2
0
-1
-4
-4
-3
-5
-6
-3
-3
-5
-3
-3
-2
-2
-4
-3
-4
-5
-4
-6
-7
-5
-5
-4
-1
0
-1
-2
0
-2
-3
-1
-3
-2
-4
-2
-2
-4
-4
-1
-3
-2
-2
-3
-2
-4
-5
-4
-4
-5
-5
-4
-4
-1
-1
-1
0
1
2
6
6
5
6
6
5
7
5
7
6
6
7
7
6
5
5
4
5
6
6
6
5
3
2
4
3
2
3
1
0
1
1
3
2
2
3
0
1
1
0
0
2
4
0
0
-1
-1
-1
-1
0
2
1
1
1
0
1
3
4
4
4
3
4
1
2
4
1
4
3
1
0
1
1
0
-1
1
1
1
1
1
1
1
-1
0
-3
-2
-4
-6
-4
-4
-3
-3
-2
-1
-2
-1
-2
-4
-5
-4
-6
-6
-5
-4
-4
-4
-3
-4
-5
-5
-3
-3
-4
-4
-6
-5
-6
-4
-4
-6
-3
-3
-3
-1
0
0
-1
-2
-2
-1
-3
-2
-1
0
-1
-1
-1
-2
-1
-1
1
0
-1
0
0
-2
0
-1
-2
-2
1
1
1
2
4
3
5
5
4
8
4
4
3
4
4
4
4
4
5
3
4
4
4
5
3
3
1
1
1
0
0
0
-1
-1
0
-2
-2
-1
2
1
0
2
0
-1
-2
-1
1
0
2
-1
1
-1
0
-1
1
-1
0
1
-2
-2
1
2
1
4
4
1
3
4
4
6
5
4
5
3
2
2
1
2
0
1
1
2
2
2
3
0
1
2
0
0
-1
-3
-2
-3
-2
-2
-3
-1
-1
0
1
0
2
4
2
1
1
1
0
2
4
3
2
1
1
0
1
2
0
0
1
1
0
1
0
0
1
-1
1
1
-1
-2
-1
-1
-1
1
-1
0
-2
-2
-2
-3
-1
-1
-1
-3
-3
-4
-4
-5
-5
-3
-2
-3
-5
-3
-5
-7
-7
-4
-6
-5
-4
-5
-5
-3
-2
-2
-3
-2
-2
-2
-2
-2
-3
-3
-2
0
-2
0
0
-2
-1
0
1
0
1
0
-2
-2
-2
-2
-1
-1
-1
-1
0
-1
0
-1
0
1
-1
0
0
-2
-1
-1
-2
-1
-1
-2
-1
-1
-1
-1
-1
1
2
3
5
6
6
6
6
5
5
4
4
2
3
2
2
1
0
1
1
0
2
2
2
3
2
4
4
3
2
3
1
-1
-2
-3
-1
-1
1
1
1
1
1
0
0
2
1
1
1
0
2
1
1
1
2
1
2
2
2
2
1
2
4
5
3
4
3
3
3
5
7
6
5
5
3
3
2
4
5
5
4
4
2
2
2
0
1
0
0
-2
-2
-2
-3
-3
-3
0
-1
-1
1
0
0
0
-1
-1
-1
-2
-4
-3
-3
-1
-2
-1
-1
-2
-4
-6
-5
-6
-5
-6
-5
-4
-5
-5
-5
-5
-4
-6
-5
-5
-7
-6
-7
-5
-6
-7
-8
-7
-8
-7
-4
-3
-3
-3
-4
-3
-4
-3
-3
0
0
-1
-1
0
0
-2
0
-1
1
1
2
2
1
2
1
2
3
2
2
2
3
4
5
6
5
7
6
7
7
8
7
8
6
7
8
7
7
8
7
6
6
6
4
4
3
1
-1
0
1
2
1
0
0
-1
-2
-2
-2
-4
-4
-3
-3
-3
-3
-4
-6
-7
-6
-5
-7
-6
-6
-8
-9
-7
-7
-8
-7
-6
-6
-5
-4
-5
-6
-4
-4
-5
-4
-3
-2
-1
1
2
3
5
4
4
8
6
8
9
8
9
7
8
7
8
7
9
9
7
7
8
9
6
9
8
7
7
5
5
4
4
3
4
1
2
3
1
2
1
1
0
-1
-1
-3
-2
-3
-3
-4
-3
-5
-5
-7
-6
-5
-6
-7
-7
-7
-6
-6
-6
-5
-5
-5
-5
-4
-5
-6
-6
-5
-6
-3
-3
-4
-3
-3
-3
-3
-2
-2
-1
1
0
1
1
3
1
3
4
3
3
3
3
2
3
3
4
3
4
3
4
3
6
2
4
4
2
2
-1
0
1
0
-2
0
-1
-3
-1
0
0
1
1
1
0
-2
0
-1
-1
-2
-3
-3
-4
-5
-4
-4
-4
-5
-4
-4
-4
-3
-5
-3
-4
-4
-5
-3
-2
-2
-1
-1
-1
3
1
1
2
2
0
0
2
2
3
1
3
1
3
4
3
5
5
6
7
4
4
3
2
3
4
4
5
6
6
6
6
5
5
3
4
3
2
2
2
0
0
0
0
0
0
-1
0
-1
-2
-2
-1
-1
0
0
0
-2
-4
-4
-3
-2
-1
-1
1
1
0
0
0
3
1
2
1
1
2
1
-1
1
-1
-2
-2
-3
-4
-4
-5
-5
-6
-6
-5
-4
-5
-5
-4
-7
-5
-6
-7
-7
-7
-7
-7
-7
-7
-4
-5
-4
-3
-3
-3
-2
-2
-3
-3
-2
-2
0
-2
-1
0
2
4
3
5
5
4
6
5
5
8
8
7
8
8
7
6
6
6
5
6
5
5
4
4
4
4
3
4
4
4
2
1
0
0
1
0
1
1
1
2
2
-1
0
1
0
-2
-2
-5
-4
-4
-5
-5
-5
-6
-4
-2
-3
-3
-2
-3
-2
0
-1
0
-1
-2
-2
-1
-1
1
0
0
3
2
4
6
4
4
2
2
4
2
1
2
0
1
1
1
3
4
4
4
4
3
3
3
3
4
2
2
4
3
3
5
4
4
4
4
4
4
4
3
2
2
1
3
1
1
-2
-1
-1
-1
-2
-2
-3
-4
-3
-4
-3
-5
-5
-5
-6
-5
-6
-6
-5
-6
-7
-8
-8
-9
-9
-9
-9
-10
-8
-9
-10
-9
-8
-9
-9
-8
-7
-7
-6
-4
-5
-3
-1
-1
-1
0
-1
-1
0
2
3
4
6
5
5
4
4
5
4
3
4
3
3
4
4
2
3
2
1
2
2
2
2
1
0
-1
-1
-1
-2
0
-2
-3
-1
-1
-3
-1
-2
-3
-1
-4
-1
0
0
1
1
0
0
-1
-1
0
0
2
2
4
4
4
5
4
6
7
7
7
7
6
6
6
5
6
7
8
9
8
7
7
7
7
8
7
7
6
6
5
4
5
4
3
3
3
4
4
5
4
1
1
-1
0
-3
-3
-3
-2
-2
-3
-3
-2
-1
-3
-5
-6
-4
-5
-4
-4
-6
-5
-4
-4
-4
-5
-6
-5
-6
-5
-4
-5
-4
-3
-3
-3
-3
-3
-2
-1
-2
1
-3
-3
-2
-1
-1
1
1
0
2
0
1
3
3
3
2
2
2
0
1
1
-1
-1
0
-2
0
0
-1
-1
-2
-3
-2
-1
-2
-2
-2
-1
-3
-3
-3
-2
-4
-5
-4
-4
-4
-5
-5
-5
-4
-5
-4
-2
-5
-6
-6
-7
-7
-6
-5
-5
-4
-5
-4
-2
-3
-2
1
0
1
2
0
0
0
0
1
1
3
2
1
2
2
3
2
2
4
3
4
5
4
4
5
7
6
6
6
6
5
6
6
6
6
5
6
6
6
7
5
5
6
6
6
5
4
5
6
5
5
5
5
2
4
5
3
2
1
0
0
-2
-2
-2
-4
-5
-5
-5
-6
-4
-5
-4
-4
-4
-4
-4
-2
-4
-2
-1
-3
-4
-3
-2
-3
-2
-1
0
1
1
0
1
0
1
1
0
2
0
1
1
2
1
2
2
1
1
2
2
2
2
1
3
1
1
3
2
3
3
1
2
1
0
1
2
1
1
0
-1
0
-1
-1
1
-1
-2
-1
-1
-1
-2
-4
-1
-4
-2
-1
-5
-5
-4
-3
-4
-4
-3
-3
-5
-5
-4
-5
-5
-5
-5
-7
-5
-8
-7
-6
-6
-6
-5
-6
-5
-6
-6
-4
-4
-4
-3
-2
-2
-2
-2
-2
0
0
0
0
0
-1
1
3
3
4
4
4
4
6
5
5
7
7
8
8
7
8
6
7
5
6
5
4
5
5
4
6
6
6
6
4
4
3
1
-1
-1
-1
-3
-1
-2
-1
-2
-1
1
-2
-1
0
-2
-2
-2
-4
-2
-2
-2
-1
-1
0
0
1
1
1
1
0
0
-1
-2
-2
-1
-1
-1
0
-1
0
0
1
0
1
0
0
1
0
2
0
0
-2
-1
-1
-2
-1
1
2
3
2
2
3
3
2
0
-2
-1
1
0
0
3
2
2
3
3
2
3
2
2
2
1
1
0
-1
0
0
2
0
0
1
2
2
1
-1
-1
-1
-4
-4
-4
-6
-6
-3
-5
-6
-6
-6
-5
-5
-4
-3
-5
-6
-6
-6
-5
-5
-7
-7
-7
-7
-6
-5
-4
-5
-5
-2
-2
-1
0
0
0
2
1
1
2
0
1
2
2
2
3
2
4
5
4
6
6
5
6
6
4
2
2
3
2
2
3
4
2
3
2
1
3
2
2
0
1
0
-1
1
0
0
0
-2
-2
-1
-1
-2
-1
0
0
0
1
2
0
2
5
3
4
3
4
3
0
1
1
2
0
1
1
0
3
3
2
2
5
4
5
5
4
2
3
3
3
3
5
5
6
5
2
2
2
0
0
1
1
0
0
-1
-1
-2
-3
-3
-4
-5
-4
-4
-4
-2
-3
-3
-3
-2
-3
-4
-5
-5
-5
-5
-5
-3
-4
-5
-4
-2
-2
-2
-2
-3
-3
-4
-6
-5
-4
-5
-5
-5
-3
-3
-3
-2
-2
-1
-2
-1
-1
-1
-2
0
-1
-1
-1
1
0
0
0
0
-1
-1
-1
-2
-1
1
-1
0
0
-1
-1
0
-1
-2
0
-1
0
1
0
1
0
1
0
0
2
2
4
2
2
2
2
2
3
2
2
1
2
1
1
1
1
4
3
3
4
2
3
3
4
3
3
3
2
2
1
1
1
2
3
0
2
2
1
2
1
0
2
2
1
0
3
2
0
3
1
1
1
0
1
1
1
0
0
1
-1
0
1
0
1
1
1
1
3
2
2
3
3
2
2
2
2
3
4
4
3
5
2
3
3
4
4
4
5
3
2
2
3
2
3
1
2
0
0
0
0
-2
-3
-4
-5
-4
-5
-6
-7
-8
-9
-8
-9
-8
-10
-8
-8
-7
-7
-6
-8
-6
-5
-6
-4
-4
-6
-6
-6
-8
-6
-6
-6
-5
-3
-4
-5
-4
-3
-2
-2
-1
-2
-1
-2
-2
-1
-1
2
0
0
1
2
3
5
5
5
3
3
3
4
7
6
6
6
5
4
4
4
4
3
3
5
6
3
3
4
3
4
4
4
4
2
1
1
0
0
1
-1
-2
-1
-1
-1
-1
1
1
1
-1
0
0
-3
-3
-5
-4
-4
-5
-5
-3
-2
-2
-2
-2
-2
-3
-2
-1
0
0
0
3
3
3
4
3
4
4
4
3
3
2
2
1
3
3
4
4
4
3
3
2
2
1
2
2
3
2
4
5
4
5
5
3
2
1
1
2
1
1
0
-1
-2
0
0
-1
-2
-1
-2
-4
-2
-2
-3
-2
-2
-2
-3
-3
-2
-2
-2
0
-3
-1
0
-2
-2
-2
-4
-1
-2
-2
-1
-2
-2
-1
-3
-1
-2
-2
-1
-2
-1
0
1
1
1
0
-1
0
0
1
1
3
3
2
1
1
1
0
0
0
0
-2
-1
-2
-1
-3
-4
-3
-3
-2
-2
-4
-4
-4
-4
-2
-2
-2
-3
-4
-4
-5
-3
-4
-1
-1
-1
0
0
0
1
1
1
3
1
3
3
0
0
0
0
0
-1
0
0
1
0
0
2
1
2
1
-1
-1
0
-1
-2
1
-1
-1
-1
-1
-2
-2
-2
-3
-2
-2
-2
0
-1
-1
0
0
1
0
0
0
2
3
3
2
4
5
4
4
4
4
4
7
7
9
10
8
8
8
6
6
7
6
5
6
4
3
4
4
4
3
2
0
1
1
0
0
-2
-2
-1
-3
-1
-2
-4
-1
-2
-5
-3
-2
-4
-4
-5
-5
-4
-5
-5
-4
-6
-6
-5
-6
-5
-3
-5
-4
-5
-4
-3
-3
-1
1
1
0
-3
0
1
1
2
2
1
1
2
2
4
2
2
2
1
3
1
1
2
2
3
3
4
3
1
2
3
3
2
4
3
2
1
2
0
1
2
0
2
1
3
1
1
3
2
2
1
0
0
0
-2
0
-2
-4
-3
-3
-3
-4
-4
-7
-6
-6
-6
-5
-6
-5
-7
-6
-5
-4
-5
-5
-4
-5
-4
-4
-3
-2
-2
-3
-2
-1
-2
-2
-2
0
-1
-1
0
-2
-1
-1
0
1
1
1
2
2
2
4
3
3
2
3
2
4
4
4
4
4
5
6
4
5
5
4
4
5
3
3
3
2
2
2
1
0
1
1
1
3
2
1
-1
-1
0
-1
1
-1
2
0
-2
-2
-2
-3
-4
-1
-1
0
1
-1
0
1
0
0
1
0
-2
-2
-2
-1
1
-1
0
0
0
1
1
2
3
0
0
0
0
1
1
1
1
-1
1
0
0
0
0
0
-1
-2
-1
-1
-1
0
1
0
1
2
1
1
3
1
1
1
1
0
1
-1
0
-1
-1
-1
-1
0
0
1
0
2
-2
-2
-3
-3
-3
-2
-1
-1
-1
0
0
-1
-1
-1
-1
-1
-1
-2
-2
-3
-3
-2
-2
-2
-3
-3
-4
-4
-4
-6
-4
-5
-4
-3
-3
-4
-2
-2
-2
-1
1
-1
-1
-1
-1
1
1
1
2
3
4
4
6
7
6
6
6
6
5
5
6
4
3
4
3
4
6
6
6
6
6
4
3
3
3
2
4
4
4
3
2
2
1
2
0
1
0
0
0
-1
-2
-2
-3
-2
-3
-1
0
-2
-3
-2
-3
-4
-4
-4
-5
-5
-4
-4
-5
-4
-3
-5
-6
-4
-5
-6
-5
-5
-4
-3
-4
-2
-1
-1
-2
-2
-2
-3
-3
-3
-2
-3
-1
-1
0
2
1
2
5
2
4
5
4
4
4
4
2
3
4
4
3
5
4
3
2
3
4
3
2
1
1
1
0
1
1
-1
0
0
0
0
-1
-2
-1
-2
-1
1
1
1
-1
-2
-1
-2
-2
-2
-2
-3
-2
-1
-1
-3
-1
-2
-2
-1
-2
-1
-2
0
-1
0
-1
-1
-2
-1
-1
-2
-3
-3
-2
-3
-2
-2
-2
-3
-3
0
0
0
-1
0
1
-1
-1
-1
0
1
1
1
0
2
2
2
2
2
2
3
4
4
3
2
2
3
3
3
3
4
3
3
1
2
2
1
3
2
4
3
4
5
3
3
2
1
2
1
1
1
0
1
1
1
0
2
1
1
2
0
0
0
1
-1
0
1
-1
0
0
0
1
0
-1
1
0
0
0
0
0
1
-1
0
0
-2
-2
-1
-2
-2
-2
-2
-2
-4
-1
-2
-2
-2
-2
-1
-1
-2
-3
-3
-2
-3
-2
0
-1
-1
-1
0
-1
-1
-1
-2
-3
-4
-4
-3
0
-1
-1
0
0
2
3
1
0
1
1
0
0
1
1
0
0
-2
-1
0
1
0
0
1
0
-1
-1
-1
-1
-1
-2
-3
-2
-2
-2
-2
-3
-3
-4
-4
-3
-4
-4
-5
-3
-2
-1
-2
0
0
-1
0
0
0
1
0
-1
0
0
1
2
3
5
4
5
6
7
6
6
6
4
3
4
4
3
4
5
3
3
4
2
3
1
3
2
4
3
4
4
2
1
1
0
1
0
0
0
0
0
0
0
-1
-1
-1
1
0
-2
-1
-2
-2
-2
-1
-2
-2
-4
-3
-4
-2
-2
-2
-2
-2
-4
-4
-3
-4
-4
-4
-1
-2
-4
-3
-2
-2
-3
-1
0
-1
-1
0
-2
-1
1
1
3
1
1
2
1
1
2
3
3
2
3
2
3
3
4
3
3
3
3
3
1
3
2
3
3
1
1
0
-1
-2
-1
-3
-2
-1
-1
-1
0
0
0
0
1
-2
-2
-3
-4
-3
-3
-2
-3
-3
-3
-2
-4
-2
-3
-2
-3
-5
-4
-5
-4
-3
-2
-1
-2
-2
-3
-1
0
0
1
0
0
-1
-1
1
1
2
2
2
3
3
2
2
2
3
3
3
4
4
5
5
4
4
4
4
4
2
1
3
2
3
2
2
1
1
1
2
2
1
1
1
2
2
2
0
1
1
2
2
1
0
-1
-1
0
-1
-2
-3
-3
-4
-4
-3
-3
-2
-2
-2
-2
-1
-2
-2
-3
-2
-3
-3
-4
-3
-1
-2
-2
-1
-1
-1
-1
-1
0
1
1
1
2
2
1
2
3
3
2
2
3
1
1
3
0
0
0
0
0
1
1
0
0
-2
-1
-1
-3
-2
-3
-4
-3
-2
-4
-3
-2
-3
-2
0
-2
-3
-3
-3
-2
-3
-2
-2
-3
-2
-2
-2
-2
-3
-1
-2
-1
-2
-1
0
1
0
-1
1
0
0
0
0
1
1
2
3
4
3
3
3
4
3
3
4
4
4
3
2
2
3
2
3
3
2
1
2
2
2
1
2
2
2
1
3
2
2
1
0
-1
-1
-1
-1
0
0
0
-2
-1
0
0
0
-2
-2
0
-1
-1
0
-1
-1
-2
-1
-1
-1
0
-2
-2
-2
-4
-3
-2
-3
-3
-2
-3
-3
-2
-1
-2
-3
-2
-1
-1
-2
0
-1
-1
0
0
0
2
1
1
2
3
4
3
3
2
4
2
3
4
4
3
2
4
3
4
3
3
3
3
4
3
5
3
3
3
3
2
1
1
2
1
1
0
-1
0
0
0
-1
-1
-1
-2
-2
0
-2
-2
-3
-2
-3
-3
-4
-2
-1
-3
-3
-3
-2
-2
-3
-2
-4
-4
-3
-4
-3
-4
-3
-3
-3
-4
-2
-4
-5
-4
-4
-2
-3
-5
-3
-3
-4
-3
-2
-3
-3
-3
-4
-4
-3
-2
-3
-2
-1
-1
1
0
-1
1
1
3
3
3
2
3
1
1
1
2
3
3
3
3
3
3
3
1
2
1
2
2
2
2
1
1
1
1
1
0
1
1
2
2
3
3
2
3
2
1
1
1
2
1
2
2
3
1
2
3
4
3
2
4
3
3
4
3
4
3
3
3
4
3
3
3
3
3
1
2
0
0
-1
-1
-2
0
0
0
0
1
0
1
1
1
1
-1
-2
-2
-2
-2
-2
-1
-1
-2
-2
-2
-2
-4
-3
-2
-4
-3
-2
-2
-2
0
0
-2
0
-1
-2
-3
-1
-3
-3
-4
-4
-3
-4
-2
-2
-2
-3
-3
-2
-1
-2
-2
0
-3
-1
0
1
1
2
0
0
1
0
2
1
2
2
1
2
2
1
2
2
2
3
1
2
0
-1
-1
-1
-1
0
2
0
1
1
0
0
-1
-2
0
0
-2
-3
-4
-5
-4
-4
-5
-4
-5
-4
-4
-4
-3
-3
-3
-3
-3
-3
-2
-1
-2
-2
-3
-3
-1
0
1
2
1
3
3
4
5
6
5
4
4
5
5
7
5
5
7
6
7
5
6
6
5
6
6
5
6
5
5
5
5
4
4
3
4
3
4
4
3
1
1
1
0
0
-2
-2
-1
-2
-3
-3
-3
-4
-3
-4
-5
-6
-6
-6
-6
-7
-6
-5
-7
-5
-5
-6
-5
-5
-6
-4
-3
-4
-1
-3
-3
-2
-3
-3
-3
0
0
0
2
2
3
2
1
0
1
1
1
1
2
3
3
3
4
3
2
2
2
1
1
1
1
1
0
0
1
0
0
0
0
-1
-1
0
-2
-1
-1
-3
-3
-5
-3
-3
-5
-4
-4
-4
-4
-3
-3
-3
-2
-2
-3
-3
-3
-3
-3
-2
-3
0
-1
0
1
1
1
1
1
0
0
2
0
2
2
2
1
2
2
3
5
7
6
4
4
3
2
4
3
2
3
4
4
4
6
5
6
5
4
4
4
5
6
6
4
4
4
3
3
2
1
3
2
-1
0
1
0
0
1
-1
-2
-2
-3
-4
-4
-3
-3
-4
-6
-5
-6
-5
-6
-4
-5
-5
-5
-5
-4
-3
-3
-4
-1
-2
-3
-2
-2
-3
-2
-3
-3
-1
-2
-3
-1
-2
-1
-1
0
-1
-1
0
-2
0
0
0
1
2
2
2
1
0
-1
0
0
1
-1
0
-1
-3
0
0
0
0
1
1
0
0
0
-1
-1
-1
1
0
0
1
-1
-1
-1
0
0
1
1
1
3
1
2
2
2
2
3
3
2
2
-1
1
1
0
1
1
2
1
1
2
2
3
2
3
4
3
2
2
1
1
0
1
1
1
1
2
0
0
-1
-1
-3
-2
-1
-2
-1
-1
-1
0
-1
-1
-2
-2
-2
-2
-2
-2
-1
-1
-2
-1
-1
0
1
0
1
2
1
1
1
0
1
1
1
1
0
-1
-2
-2
-1
-1
0
0
1
2
2
2
2
3
2
1
1
2
2
0
2
-1
2
1
1
1
0
0
0
-1
-1
0
-2
-2
-1
-1
-1
-1
-1
-1
-1
-2
-2
-2
-1
-2
-3
-3
-3
-2
-2
-3
-3
-3
-4
-4
-3
-3
-2
-2
0
-2
-1
-1
-2
0
-1
1
0
0
-1
0
1
1
2
3
2
3
4
3
4
4
3
4
4
3
5
5
3
5
3
4
4
4
3
1
2
1
2
3
0
1
1
2
1
1
2
2
-1
-1
-2
-2
-3
-3
-3
-2
-2
-4
-3
-3
-3
-3
-2
-3
-2
-1
-1
-1
-1
-2
-2
0
-1
-2
-1
0
-2
-3
-2
-1
-2
-2
-2
-1
-2
-2
-1
-1
-1
-2
-2
-4
-2
-1
-2
-2
-1
-1
-1
0
-2
0
1
0
1
1
1
2
0
1
2
3
3
3
2
1
3
3
2
2
3
3
4
4
3
3
1
3
1
-1
0
-1
-2
-2
-1
-2
0
-1
-1
0
2
0
-1
0
-1
-2
-3
-2
-2
-2
-2
-2
-2
-2
-2
-2
-1
-1
-2
-1
-2
-4
-2
-1
-2
-2
-1
0
1
1
4
3
3
4
3
4
3
5
5
5
5
6
5
5
5
6
5
6
7
6
7
5
6
7
5
5
5
5
5
5
4
4
4
3
1
1
1
-1
0
0
1
0
-1
0
-1
-3
-3
-2
-3
-3
-2
-3
-3
-4
-4
-5
-4
-5
-5
-5
-5
-4
-5
-5
-6
-6
-5
-5
-6
-5
-6
-7
-6
-8
-8
-9
-8
-7
-7
-9
-8
-7
-7
-7
-6
-6
-5
-4
-3
-3
-3
-3
-4
-4
-4
-4
-4
-2
0
0
3
2
2
3
5
3
3
4
2
2
2
3
2
4
4
3
3
4
3
5
5
5
6
5
3
5
5
4
6
6
8
6
6
4
5
6
4
6
6
5
3
3
2
4
3
3
3
1
0
0
0
-1
-2
-2
-2
0
0
1
-1
1
-1
-2
0
0
-1
-1
-1
0
0
0
0
2
2
1
2
3
1
1
2
3
1
3
4
4
3
3
3
3
4
3
3
2
2
3
3
2
2
4
4
4
3
4
3
4
3
2
2
2
1
1
2
0
-1
-1
-1
-2
-1
-3
-3
-3
-4
-4
-6
-6
-5
-6
-6
-5
-6
-7
-5
-7
-6
-6
-7
-8
-8
-9
-10
-11
-10
-8
-8
-7
-8
-9
-8
-7
-8
-7
-8
-8
-7
-7
-4
-4
-4
-4
-4
-5
-4
-3
-3
-2
-2
-1
0
0
1
3
3
2
5
4
4
4
4
2
4
4
5
5
6
6
5
6
8
7
8
8
7
6
8
6
5
7
5
6
7
5
5
5
5
5
6
5
5
5
4
4
2
2
0
0
0
0
-2
-1
0
1
0
1
0
-1
0
-1
-1
-1
0
-1
0
-1
0
0
1
2
0
1
1
0
1
2
0
1
2
1
3
3
2
3
2
3
3
3
3
3
3
3
2
2
1
2
4
2
2
2
1
1
2
0
0
-1
-2
-2
-3
-3
-5
-5
-4
-4
-4
-4
-5
-5
-5
-5
-4
-4
-5
-5
-5
-6
-5
-6
-6
-5
-5
-5
-5
-5
-5
-6
-4
-5
-7
-7
-6
-7
-7
-7
-6
-6
-6
-4
-3
-3
-3
-3
-2
-1
0
-1
0
0
-1
0
1
2
2
2
2
0
1
2
0
1
1
1
3
4
4
4
5
4
4
5
8
5
6
7
5
6
5
5
6
6
5
4
6
5
5
5
4
4
2
2
1
0
1
-1
-1
-1
-2
-2
-3
-2
-2
-4
-1
-3
0
-1
-2
-2
-2
-3
-3
-2
-1
-2
-2
-1
0
0
1
0
0
0
-1
0
0
0
-1
-1
0
1
1
2
2
1
3
3
3
3
3
5
4
4
4
4
4
5
4
4
5
3
3
5
5
3
4
2
1
1
2
-1
2
0
0
-1
0
-1
-2
-2
-4
-3
-3
-3
-2
-3
-3
-4
-4
-5
-3
-4
-3
-4
-4
-4
-3
-2
-4
-3
-3
-4
-3
-3
-3
-3
-1
-2
-1
0
1
0
-1
0
0
1
1
1
0
3
3
2
3
3
2
1
2
1
2
1
2
2
1
2
0
1
0
-2
-1
-1
-1
-2
-2
-2
-2
-1
-2
-1
0
-1
-2
-4
-4
-4
-5
-5
-2
-4
-4
-5
-3
-5
-7
-6
-5
-5
-5
-3
-4
-6
-5
-4
-2
-2
-2
-2
-1
-1
-1
-1
0
0
-1
1
-1
2
2
1
3
3
4
4
2
4
4
3
2
5
5
7
5
4
5
6
5
6
6
4
4
4
4
4
4
3
4
2
4
4
5
6
6
5
4
4
4
3
3
3
2
3
2
2
3
2
2
2
1
0
0
-1
-1
-1
-1
0
-1
-1
-1
-3
-3
-3
-4
-3
-4
-3
-3
-3
-4
-1
-2
-2
-1
-1
-2
0
-1
-1
-1
-1
-2
-3
-1
-2
-1
-1
0
0
1
0
0
0
-1
-1
-1
0
1
0
1
1
0
0
1
0
1
0
0
0
0
0
-1
-2
-1
-1
-2
-3
-1
-2
-3
-1
-2
-2
-2
-3
-1
-4
-4
-3
-4
-3
-2
-3
-1
-3
-2
-2
-1
-1
-3
-2
-2
-2
-3
-2
-2
-1
-2
-2
0
-2
-1
0
0
0
2
3
1
2
2
1
0
1
-1
-1
1
1
1
1
1
-1
0
0
0
1
1
0
0
1
0
1
0
-2
0
-2
-2
-1
0
-2
-1
0
0
1
1
1
1
3
2
3
2
2
2
3
2
2
3
3
3
2
3
5
3
4
4
2
4
4
3
2
3
4
2
3
4
3
3
4
5
5
6
7
6
7
6
4
3
3
1
0
2
1
0
0
-2
0
0
1
1
0
-1
-2
-2
-3
-2
-3
-3
-3
-1
-2
-1
0
-1
-3
-3
-4
-5
-6
-6
-6
-6
-4
-4
-5
-3
-5
-4
-2
-2
-1
0
-3
-1
-3
-4
-3
-2
-3
-2
-3
-2
-2
-2
-2
0
0
-1
0
0
-1
-1
0
0
1
0
-1
0
0
0
1
0
-1
0
-1
0
-2
-1
-2
-1
-1
-1
-1
-1
1
0
0
-1
0
-1
-3
-2
-1
-2
-2
0
0
0
-1
-2
-1
-2
-2
-3
-3
-3
-3
-2
-1
0
-2
0
0
-1
0
1
-1
0
0
1
1
2
1
2
2
1
2
3
3
5
4
5
6
6
7
7
8
6
5
5
6
5
4
5
5
3
4
4
4
4
4
3
4
2
1
2
2
2
3
2
-2
-3
-2
-3
-2
-3
-2
-3
-3
-3
-5
-3
-2
-4
-4
-3
-5
-4
-3
-2
-1
0
-1
-1
0
-1
-1
0
0
0
1
1
0
0
1
3
3
3
4
2
2
3
3
3
5
4
4
5
4
3
3
4
4
2
2
2
1
0
1
1
0
0
-2
-2
-3
-2
-3
-4
-3
-3
-3
-4
-3
-5
-4
-5
-5
-5
-7
-7
-7
-5
-5
-4
-4
-4
-4
-4
-4
-4
-5
-5
-4
-6
-4
-4
-5
-4
-3
-3
-5
-3
-2
-2
-3
-1
-3
-3
1
-2
-2
0
0
0
1
1
2
1
3
2
1
3
3
2
3
5
4
5
4
4
5
5
5
5
5
5
5
4
4
4
4
4
4
4
5
5
3
4
5
5
5
6
5
4
4
2
2
0
1
1
1
1
-1
1
1
0
1
1
1
2
1
1
1
1
1
1
2
1
1
0
0
0
0
-1
-2
-1
-1
0
-1
-1
0
0
0
0
1
-1
-1
-1
-2
-1
-1
-1
-1
-2
-1
1
0
-2
0
0
0
-2
-3
-3
-2
-2
-3
-3
-3
-3
-3
-2
-2
-4
-4
-5
-5
-5
-4
-3
-3
-4
-3
-3
-3
-3
-2
-1
-2
-1
-1
-2
-1
-2
-1
0
0
0
1
0
1
0
1
1
0
0
0
2
1
1
2
1
2
2
3
4
4
3
4
5
5
5
5
4
5
2
4
2
0
1
0
0
0
0
-1
0
-1
-1
-2
-2
-4
-5
-4
-4
-5
-5
-6
-4
-5
-4
-3
-2
-3
-3
-2
-3
-5
-2
-1
-2
-1
0
0
-1
-2
-2
-1
-2
-2
0
-1
0
0
1
2
2
1
1
1
3
2
3
3
2
2
4
3
2
1
3
3
2
5
3
3
4
3
4
4
3
2
2
2
2
3
3
3
1
2
2
2
2
2
3
1
3
5
3
4
4
3
1
1
2
2
0
1
1
1
0
1
1
1
0
-1
-2
-2
-3
-3
-3
-2
-3
-2
-2
-2
-2
-3
-3
-3
-3
-3
-2
-5
-6
-4
-4
-3
-3
-4
-4
-4
-5
-4
-3
-2
-3
-2
-1
-1
-1
0
0
1
0
1
1
1
1
1
2
1
2
1
3
2
2
3
2
1
0
0
1
0
0
1
0
1
0
-1
-1
-1
-1
-3
-1
-1
-2
-1
-2
-3
-2
-1
-4
-2
-3
-4
-3
-5
-3
-3
-3
-3
-3
-4
-2
-1
-2
-2
-1
-1
-1
1
2
1
1
4
3
3
3
3
3
4
5
6
6
7
6
7
7
6
6
6
4
6
5
3
3
4
2
4
4
4
3
2
1
1
1
-1
1
0
1
0
0
0
-2
0
0
-1
-1
-1
-1
-2
-1
-3
-3
-2
-4
-4
-5
-5
-4
-4
-3
-2
-3
-3
-3
-4
-2
-2
-4
-3
-3
-3
-2
-2
0
0
0
0
2
0
0
-1
-1
-2
-2
-2
-2
0
0
0
1
1
2
1
1
1
-1
0
1
0
1
-2
0
0
1
0
2
2
2
2
2
0
1
0
0
-1
1
0
1
1
-1
0
0
-1
-1
0
0
0
0
0
1
0
-1
1
3
1
3
1
0
3
1
0
0
0
0
-1
0
-1
-1
-1
1
1
0
1
0
0
0
1
1
1
0
0
-1
0
1
1
0
0
0
-2
-1
-1
-1
0
-2
-2
-1
0
-2
0
-2
-1
-3
-2
-2
-3
-2
-3
-2
-1
-3
-2
-3
-3
-4
-2
-2
-2
-1
0
0
-1
0
-1
0
0
1
-1
-1
0
-1
0
1
0
1
1
1
-1
1
1
0
1
1
0
1
2
2
1
1
2
1
2
3
3
5
5
5
5
5
4
5
5
5
3
3
2
2
1
2
3
4
2
1
2
2
2
2
1
2
1
2
1
-1
0
0
-1
-1
-1
-1
-2
0
0
-1
-1
-1
-1
-1
-1
-1
-3
-4
-4
-4
-4
-4
-3
-3
-3
-2
-2
1
0
-1
1
0
0
1
2
1
1
2
2
-1
1
1
0
0
-1
0
-1
-1
-1
-1
-2
-2
-1
0
-1
-1
-1
-2
-3
-2
-2
-1
-3
-3
-3
-4
-3
-4
-3
-4
-4
-3
-3
-2
-2
-3
-4
-4
-4
-4
-4
-5
-4
-3
-4
-3
-3
0
-1
-1
0
0
0
0
1
2
2
2
1
3
3
4
6
6
6
7
4
4
4
4
5
5
5
5
6
5
5
5
4
4
2
3
4
3
2
1
1
1
1
1
0
-1
-1
-2
-1
-2
-1
-3
-3
-2
-3
-2
-1
-1
-1
-1
-1
-1
-1
-1
-1
-2
-1
-1
-1
0
1
0
0
0
0
1
1
2
1
1
2
1
2
0
2
2
0
2
1
1
1
1
1
2
1
1
2
3
3
3
3
3
3
2
2
2
1
1
1
0
-1
-2
-2
0
0
0
-1
-1
-2
-1
-1
0
-1
-1
0
-1
-1
-2
-2
-3
-3
-2
-3
-4
-3
-3
-4
-4
-4
-4
-3
-4
-4
-5
-6
-5
-6
-6
-6
-5
-5
-7
-7
-6
-6
-5
-4
-4
-3
-3
-4
-3
-2
-3
-3
-2
-2
-3
-2
-2
-1
-1
0
1
3
2
2
2
2
3
3
3
2
3
2
3
3
5
4
4
4
5
6
5
6
4
5
4
4
4
5
4
5
5
5
5
5
6
5
6
5
5
5
5
6
6
6
5
5
4
3
3
3
4
3
2
4
3
3
3
2
2
1
2
0
-1
-1
0
-1
-2
1
-1
0
1
0
-2
-2
-3
-3
-2
-2
-3
-3
-4
-5
-5
-4
-3
-3
-3
-4
-3
-3
-4
-4
-2
-2
-3
-3
-3
-2
-3
-3
-3
-3
-3
-3
-4
-2
-2
-3
-1
0
-2
-1
-2
-4
-3
-4
-4
-3
-2
-2
-1
-1
-2
-2
-2
-2
-2
-3
-3
-3
-2
-1
-2
-3
-2
-3
-3
-3
-1
-1
0
0
0
0
-1
0
0
-1
-1
1
0
0
1
2
0
0
1
3
2
2
1
2
2
2
2
1
1
2
2
1
2
1
-1
1
1
2
2
1
2
2
1
2
2
1
1
2
1
1
1
2
2
1
2
4
4
4
4
2
1
1
2
-1
2
3
2
4
3
3
3
3
1
2
2
1
0
2
1
2
3
2
3
1
2
1
1
1
1
2
2
2
3
2
1
0
1
0
0
0
0
-1
-1
0
0
0
0
0
1
0
0
-1
-1
0
0
-2
-2
0
-2
-2
-3
-2
-3
-3
-3
-1
-3
-3
-3
-3
-3
-3
-2
-1
-1
-1
0
-1
-3
-2
-1
-1
-1
1
1
1
2
1
0
1
-1
-1
-2
-2
-3
-3
-4
-3
-3
-4
-1
-2
-3
-4
-3
-3
-3
-3
-4
-4
-4
-3
-2
-3
-2
-2
-1
-1
-1
-1
-1
-2
-1
-2
-1
0
-1
-1
-1
1
1
1
2
1
1
1
0
0
0
0
0
1
2
2
2
4
4
5
5
4
5
3
3
3
1
1
2
1
3
3
3
2
3
5
4
2
4
3
3
1
1
0
1
0
-2
0
0
0
-1
-1
-1
-1
-1
0
-1
0
1
-1
0
-1
-1
-1
-1
-1
-1
-1
-1
0
-1
0
-1
-1
-1
0
-1
-2
1
-1
0
0
0
-1
1
-1
-2
-1
0
-1
0
-1
-1
0
0
2
3
2
2
2
3
1
1
2
1
1
0
1
2
2
1
4
5
3
4
4
3
3
3
2
2
1
0
0
-2
-3
-2
-4
-4
-4
-3
-1
0
0
-2
0
0
-1
-1
0
-2
-1
-2
-2
0
-2
-2
-1
-1
-1
-2
0
-1
-1
0
-1
-1
0
1
-1
-1
-3
-3
-3
-4
-2
-2
-1
-2
-1
0
-1
1
0
1
0
0
0
0
-1
-1
-1
0
-1
-1
0
0
-1
-1
-1
-2
-3
-2
-1
-3
-3
-2
-2
-1
0
0
0
-3
-2
-1
-3
-2
-2
-2
-2
-1
0
0
0
2
3
1
1
1
-1
-2
-1
0
0
0
1
2
1
1
1
3
2
1
2
3
1
1
1
1
1
2
1
1
0
0
0
0
0
1
1
0
3
3
3
2
3
2
3
2
3
4
3
4
5
5
4
4
3
4
4
2
3
3
4
3
5
5
4
3
2
1
1
0
0
1
1
0
-1
0
0
0
-1
0
-1
-2
-1
-3
-2
-3
-3
-4
-5
-3
-3
-3
-3
-2
-1
-2
-2
-1
-2
-3
-1
-2
-2
-2
-2
-2
-2
-3
-2
-2
-2
-2
-1
-2
-2
-2
-1
-2
-2
-2
0
0
-1
-1
-1
-2
0
-1
0
0
-1
-1
-1
-2
-1
-1
0
-1
0
-1
0
0
-1
-1
0
-1
0
1
0
0
-1
1
1
0
1
1
1
1
1
1
1
2
1
1
1
0
0
1
0
0
1
-1
-2
-2
1
-1
0
0
0
0
0
-1
-1
-1
-2
-1
-3
-2
-1
-1
-2
-3
-2
-2
-1
-2
-1
0
0
0
-1
0
-1
-1
0
0
0
1
1
2
